 Eigenvalue #           0   15.811388300814091     
           0  -1.3689835227840013E-008
           1  -3.1117720377447144E-008
           2  -5.1009091222436466E-008
           3  -7.5761527235823732E-008
           4  -1.0718748521742031E-007
           5  -1.4807627217879853E-007
           6  -2.0160614160418703E-007
           7  -2.7207065652885918E-007
           8  -3.6480076264068746E-007
           9  -4.8677072458942444E-007
          10  -6.4681641058706765E-007
          11  -8.5632543559546194E-007
          12  -1.1297529828283017E-006
          13  -1.4855375497511471E-006
          14  -1.9469929873375789E-006
          15  -2.5436003684155240E-006
          16  -3.3124120929918210E-006
          17  -4.2999063927962131E-006
          18  -5.5640980659520319E-006
          19  -7.1771946129235861E-006
          20  -9.2286739012943722E-006
          21  -1.1829045546798456E-005
          22  -1.5114228534200781E-005
          23  -1.9250793744624478E-005
          24  -2.4442050352551922E-005
          25  -3.0935218379851333E-005
          26  -3.9029703489557408E-005
          27  -4.9086711217363219E-005
          28  -6.1540242629970474E-005
          29  -7.6909698560911609E-005
          30  -9.5814145086990952E-005
          31  -1.1898844530862338E-004
          32  -1.4730129980517344E-004
          33  -1.8177535877348931E-004
          34  -2.2360941001314531E-004
          35  -2.7420273547814266E-004
          36  -3.3518156715361947E-004
          37  -4.0842762871019485E-004
          38  -4.9610857879248561E-004
          39  -6.0071019440845479E-004
          40  -7.2506995026791552E-004
          41  -8.7241164094749865E-004
          42  -1.0463804978128248E-003
          43  -1.2510782165088522E-003
          44  -1.4910971073687415E-003
          45  -1.7715525262854684E-003
          46  -2.0981125404102643E-003
          47  -2.4770237229099026E-003
          48  -2.9151317823094512E-003
          49  -3.4198956849654525E-003
          50  -3.9993937743821074E-003
          51  -4.6623203801538166E-003
          52  -5.4179713117421119E-003
          53  -6.2762166830370534E-003
          54  -7.2474594982650138E-003
          55  -8.3425785676331295E-003
          56  -9.5728544108457814E-003
          57  -1.0949877052668750E-002
          58  -1.2485434826065983E-002
          59  -1.4191383664760178E-002
          60  -1.6079496705065133E-002
          61  -1.8161294501603944E-002
          62  -2.0447856615183568E-002
          63  -2.2949615914452937E-002
          64  -2.5676137471932505E-002
          65  -2.8635884576830778E-002
          66  -3.1835974960600193E-002
          67  -3.5281930971568391E-002
          68  -3.8977427974123957E-002
          69  -4.2924045811103657E-002
          70  -4.7121028591409875E-002
          71  -5.1565058466832445E-002
          72  -5.6250049285161835E-002
          73  -6.1166966166128621E-002
          74  -6.6303676994032459E-002
          75  -7.1644841672115572E-002
          76  -7.7171844602132736E-002
          77  -8.2862775358493568E-002
          78  -8.8692461797348146E-002
          79  -9.4632559004494313E-002
          80 -0.10065169643496626     
          81 -0.10671568446761230     
          82 -0.11278778029791230     
          83 -0.11882901176584526     
          84 -0.12479855628372410     
          85 -0.13065417064143911     
          86 -0.13635266605337665     
          87 -0.14185042152386795     
          88 -0.14710392737979319     
          89 -0.15207034979770101     
          90 -0.15670810626922924     
          91 -0.16097744134118402     
          92 -0.16484099155736312     
          93 -0.16826432844215561     
          94 -0.17121646850950498     
          95 -0.17367033976119550     
          96 -0.17560319484742481     
          97 -0.17699696208748186     
          98 -0.17783852676392325     
          99 -0.17811993657963568     
         100 -0.17783852676392028     
         101 -0.17699696208747567     
         102 -0.17560319484741477     
         103 -0.17367033976118149     
         104 -0.17121646850948624     
         105 -0.16826432844213227     
         106 -0.16484099155733639     
         107 -0.16097744134115413     
         108 -0.15670810626919629     
         109 -0.15207034979766557     
         110 -0.14710392737975542     
         111 -0.14185042152382762     
         112 -0.13635266605333451     
         113 -0.13065417064139623     
         114 -0.12479855628368149     
         115 -0.11882901176580404     
         116 -0.11278778029787281     
         117 -0.10671568446757444     
         118 -0.10065169643492992     
         119  -9.4632559004458480E-002
         120  -8.8692461797312494E-002
         121  -8.2862775358458512E-002
         122  -7.7171844602098430E-002
         123  -7.1644841672082044E-002
         124  -6.6303676993999666E-002
         125  -6.1166966166097368E-002
         126  -5.6250049285132199E-002
         127  -5.1565058466804384E-002
         128  -4.7121028591383209E-002
         129  -4.2924045811077845E-002
         130  -3.8977427974099525E-002
         131  -3.5281930971545347E-002
         132  -3.1835974960577718E-002
         133  -2.8635884576809319E-002
         134  -2.5676137471912774E-002
         135  -2.2949615914434653E-002
         136  -2.0447856615166460E-002
         137  -1.8161294501588449E-002
         138  -1.6079496705051224E-002
         139  -1.4191383664747256E-002
         140  -1.2485434826054015E-002
         141  -1.0949877052658166E-002
         142  -9.5728544108365145E-003
         143  -8.3425785676251949E-003
         144  -7.2474594982580983E-003
         145  -6.2762166830309411E-003
         146  -5.4179713117369927E-003
         147  -4.6623203801496853E-003
         148  -3.9993937743788696E-003
         149  -3.4198956849630572E-003
         150  -2.9151317823078262E-003
         151  -2.4770237229087911E-003
         152  -2.0981125404095154E-003
         153  -1.7715525262845964E-003
         154  -1.4910971073679132E-003
         155  -1.2510782165078846E-003
         156  -1.0463804978113746E-003
         157  -8.7241164094577477E-004
         158  -7.2506995026595236E-004
         159  -6.0071019440634526E-004
         160  -4.9610857879045468E-004
         161  -4.0842762870790111E-004
         162  -3.3518156715065331E-004
         163  -2.7420273547490529E-004
         164  -2.2360941000972010E-004
         165  -1.8177535877021226E-004
         166  -1.4730129980181536E-004
         167  -1.1898844530510169E-004
         168  -9.5814145083532496E-005
         169  -7.6909698557759982E-005
         170  -6.1540242626509890E-005
         171  -4.9086711213585106E-005
         172  -3.9029703485675185E-005
         173  -3.0935218375993267E-005
         174  -2.4442050348975979E-005
         175  -1.9250793741721290E-005
         176  -1.5114228532107083E-005
         177  -1.1829045545272487E-005
         178  -9.2286739004382015E-006
         179  -7.1771946123096151E-006
         180  -5.5640980652534991E-006
         181  -4.2999063922179420E-006
         182  -3.3124120926637605E-006
         183  -2.5436003687439742E-006
         184  -1.9469929880690393E-006
         185  -1.4855375505772416E-006
         186  -1.1297529836253921E-006
         187  -8.5632543607491287E-007
         188  -6.4681641110896838E-007
         189  -4.8677072521490046E-007
         190  -3.6480076320451515E-007
         191  -2.7207065679933755E-007
         192  -2.0160614160809045E-007
         193  -1.4807627190573573E-007
         194  -1.0718748465949408E-007
         195  -7.5761526770333599E-008
         196  -5.1009090914823660E-008
         197  -3.1117720130931532E-008
         198  -1.3689835291697784E-008
 ------------------------------------------------------
 Eigenvalue #           1   47.434164902726941     
           0  -1.0502016021655125E-007
           1  -2.3804879784922300E-007
           2  -3.8838515477380059E-007
           3  -5.7325305652306576E-007
           4  -8.0492904508066594E-007
           5  -1.1025173129888474E-006
           6  -1.4871499851558707E-006
           7  -1.9871842974853231E-006
           8  -2.6371086988087311E-006
           9  -3.4815310486862890E-006
          10  -4.5759909736465590E-006
          11  -5.9911157629648928E-006
          12  -7.8151045521973345E-006
          13  -1.0158834286672817E-005
          14  -1.3160243674201339E-005
          15  -1.6991082191636208E-005
          16  -2.1863670283302553E-005
          17  -2.8040034868278779E-005
          18  -3.5841707778367115E-005
          19  -4.5662085020140218E-005
          20  -5.7980073486937940E-005
          21  -7.3376599592591177E-005
          22  -9.2553011363061540E-005
          23  -1.1635270090491157E-004
          24  -1.4578518039706662E-004
          25  -1.8205372091607225E-004
          26  -2.2658589582357329E-004
          27  -2.8106791444034644E-004
          28  -3.4748210178872028E-004
          29  -4.2814815036688631E-004
          30  -5.2576741191620612E-004
          31  -6.4347053422703212E-004
          32  -7.8486751329100743E-004
          33  -9.5410006621174891E-004
          34  -1.1558950847209214E-003
          35  -1.3956185902276083E-003
          36  -1.6793285352459297E-003
          37  -2.0138253133417288E-003
          38  -2.4066978288124815E-003
          39  -2.8663633879302450E-003
          40  -3.4020987400254091E-003
          41  -4.0240599478509496E-003
          42  -4.7432879396893972E-003
          43  -5.5716969460213378E-003
          44  -6.5220423479584698E-003
          45  -7.6078648827921092E-003
          46  -8.8434076839878969E-003
          47  -1.0243503192509924E-002
          48  -1.1823426776032330E-002
          49  -1.3598714663461121E-002
          50  -1.5584943922359224E-002
          51  -1.7797473243019054E-002
          52  -2.0251143765102689E-002
          53  -2.2959940507645726E-002
          54  -2.5936615782284025E-002
          55  -2.9192277561364055E-002
          56  -3.2735946882760020E-002
          57  -3.6574090152925162E-002
          58  -4.0710133495118692E-002
          59  -4.5143968115477280E-002
          60  -4.9871456942993019E-002
          61  -5.4883954470599378E-002
          62  -6.0167852777050550E-002
          63  -6.5704167982709880E-002
          64  -7.1468181956073365E-002
          65  -7.7429154706969594E-002
          66  -8.3550122725350298E-002
          67  -8.9787798259320983E-002
          68  -9.6092583405983339E-002
          69 -0.10240871158174339     
          70 -0.10867452676960758     
          71 -0.11482290855294602     
          72 -0.12078184775848723     
          73 -0.12647517417539822     
          74 -0.13182343380816425     
          75 -0.13674490907880354     
          76 -0.14115677092421822     
          77 -0.14497634744493063     
          78 -0.14812248933372563     
          79 -0.15051700833091758     
          80 -0.15208616115493617     
          81 -0.15276214828526199     
          82 -0.15248459439870049     
          83 -0.15120197565907467     
          84 -0.14887295820900995     
          85 -0.14546761250543253     
          86 -0.14096846933383381     
          87 -0.13537138572333551     
          88 -0.12868619228667280     
          89 -0.12093709790921463     
          90 -0.11216283289028758     
          91 -0.10241651767386413     
          92  -9.1765250841804938E-002
          93  -8.0289417064602756E-002
          94  -6.8081722845176412E-002
          95  -5.5245975067664169E-002
          96  -4.1895624222618694E-002
          97  -2.8152100606186562E-002
          98  -1.4142977478425713E-002
          99   1.6630973654288476E-014
         100   1.4142977478459228E-002
         101   2.8152100606220410E-002
         102   4.1895624222652729E-002
         103   5.5245975067698606E-002
         104   6.8081722845210815E-002
         105   8.0289417064636950E-002
         106   9.1765250841839632E-002
         107  0.10241651767389939     
         108  0.11216283289032350     
         109  0.12093709790925151     
         110  0.12868619228671016     
         111  0.13537138572337273     
         112  0.14096846933387117     
         113  0.14546761250547030     
         114  0.14887295820904822     
         115  0.15120197565911392     
         116  0.15248459439874057     
         117  0.15276214828530246     
         118  0.15208616115497603     
         119  0.15051700833095583     
         120  0.14812248933376143     
         121  0.14497634744496413     
         122  0.14115677092424980     
         123  0.13674490907883413     
         124  0.13182343380819467     
         125  0.12647517417542806     
         126  0.12078184775851640     
         127  0.11482290855297446     
         128  0.10867452676963492     
         129  0.10240871158176935     
         130   9.6092583406007279E-002
         131   8.9787798259342536E-002
         132   8.3550122725369311E-002
         133   7.7429154706985831E-002
         134   7.1468181956087090E-002
         135   6.5704167982721717E-002
         136   6.0167852777060542E-002
         137   5.4883954470607850E-002
         138   4.9871456943000325E-002
         139   4.5143968115483220E-002
         140   4.0710133495123778E-002
         141   3.6574090152929874E-002
         142   3.2735946882764648E-002
         143   2.9192277561368732E-002
         144   2.5936615782288452E-002
         145   2.2959940507649764E-002
         146   2.0251143765106290E-002
         147   1.7797473243022000E-002
         148   1.5584943922361733E-002
         149   1.3598714663463563E-002
         150   1.1823426776034787E-002
         151   1.0243503192512717E-002
         152   8.8434076839912761E-003
         153   7.6078648827958978E-003
         154   6.5220423479617345E-003
         155   5.5716969460237889E-003
         156   4.7432879396914441E-003
         157   4.0240599478527849E-003
         158   3.4020987400272757E-003
         159   2.8663633879325999E-003
         160   2.4066978288154284E-003
         161   2.0138253133445837E-003
         162   1.6793285352482193E-003
         163   1.3956185902290023E-003
         164   1.1558950847209652E-003
         165   9.5410006621061906E-004
         166   7.8486751328917534E-004
         167   6.4347053422477698E-004
         168   5.2576741191382934E-004
         169   4.2814815036466218E-004
         170   3.4748210178692316E-004
         171   2.8106791443897265E-004
         172   2.2658589582263822E-004
         173   1.8205372091484692E-004
         174   1.4578518039595981E-004
         175   1.1635270090424885E-004
         176   9.2553011362455620E-005
         177   7.3376599592197165E-005
         178   5.7980073486813725E-005
         179   4.5662085019874608E-005
         180   3.5841707778106649E-005
         181   2.8040034868112401E-005
         182   2.1863670282923573E-005
         183   1.6991082191057749E-005
         184   1.3160243673605615E-005
         185   1.0158834286382422E-005
         186   7.8151045520690361E-006
         187   5.9911157632569108E-006
         188   4.5759909740273274E-006
         189   3.4815310486567119E-006
         190   2.6371086988539228E-006
         191   1.9871842973545874E-006
         192   1.4871499850110547E-006
         193   1.1025173129111781E-006
         194   8.0492904471288116E-007
         195   5.7325305604746523E-007
         196   3.8838515437982000E-007
         197   2.3804879751332054E-007
         198   1.0502016006027367E-007
 ------------------------------------------------------
