           0 -0.98999999999999999        490.05000000000001     
           1 -0.97999999999999998        480.19999999999993     
           2 -0.96999999999999997        470.44999999999999     
           3 -0.95999999999999996        460.80000000000001     
           4 -0.94999999999999996        451.25000000000000     
           5 -0.93999999999999995        441.79999999999995     
           6 -0.92999999999999994        432.44999999999993     
           7 -0.92000000000000004        423.20000000000005     
           8 -0.91000000000000003        414.05000000000001     
           9 -0.90000000000000002        405.00000000000000     
          10 -0.89000000000000001        396.05000000000001     
          11 -0.88000000000000000        387.19999999999999     
          12 -0.87000000000000000        378.44999999999999     
          13 -0.85999999999999999        369.79999999999995     
          14 -0.84999999999999998        361.24999999999994     
          15 -0.83999999999999997        352.79999999999995     
          16 -0.82999999999999996        344.44999999999999     
          17 -0.82000000000000006        336.20000000000005     
          18 -0.81000000000000005        328.05000000000007     
          19 -0.80000000000000004        320.00000000000006     
          20 -0.79000000000000004        312.05000000000007     
          21 -0.78000000000000003        304.20000000000005     
          22 -0.77000000000000002        296.44999999999999     
          23 -0.76000000000000001        288.80000000000001     
          24 -0.75000000000000000        281.25000000000000     
          25 -0.73999999999999999        273.80000000000001     
          26 -0.72999999999999998        266.44999999999999     
          27 -0.71999999999999997        259.19999999999999     
          28 -0.70999999999999996        252.04999999999998     
          29 -0.69999999999999996        244.99999999999997     
          30 -0.68999999999999995        238.04999999999995     
          31 -0.67999999999999994        231.19999999999996     
          32 -0.66999999999999993        224.44999999999996     
          33 -0.65999999999999992        217.79999999999993     
          34 -0.64999999999999991        211.24999999999994     
          35 -0.64000000000000001        204.80000000000001     
          36 -0.63000000000000000        198.45000000000002     
          37 -0.62000000000000000        192.20000000000002     
          38 -0.60999999999999999        186.04999999999998     
          39 -0.59999999999999998        180.00000000000000     
          40 -0.58999999999999997        174.04999999999998     
          41 -0.58000000000000007        168.20000000000005     
          42 -0.57000000000000006        162.45000000000005     
          43 -0.56000000000000005        156.80000000000001     
          44 -0.55000000000000004        151.25000000000003     
          45 -0.54000000000000004        145.80000000000001     
          46 -0.53000000000000003        140.45000000000002     
          47 -0.52000000000000002        135.20000000000002     
          48 -0.51000000000000001        130.05000000000001     
          49 -0.50000000000000000        125.00000000000000     
          50 -0.48999999999999999        120.04999999999998     
          51 -0.47999999999999998        115.20000000000000     
          52 -0.46999999999999997        110.44999999999999     
          53 -0.45999999999999996        105.79999999999998     
          54 -0.44999999999999996        101.24999999999999     
          55 -0.43999999999999995        96.799999999999983     
          56 -0.42999999999999994        92.449999999999974     
          57 -0.42000000000000004        88.200000000000017     
          58 -0.41000000000000003        84.050000000000011     
          59 -0.40000000000000002        80.000000000000014     
          60 -0.39000000000000001        76.050000000000011     
          61 -0.38000000000000000        72.200000000000003     
          62 -0.37000000000000000        68.450000000000003     
          63 -0.35999999999999999        64.799999999999997     
          64 -0.34999999999999998        61.249999999999993     
          65 -0.33999999999999997        57.799999999999990     
          66 -0.32999999999999996        54.449999999999982     
          67 -0.31999999999999995        51.199999999999982     
          68 -0.30999999999999994        48.049999999999983     
          69 -0.29999999999999993        44.999999999999979     
          70 -0.29000000000000004        42.050000000000011     
          71 -0.28000000000000003        39.200000000000003     
          72 -0.27000000000000002        36.450000000000003     
          73 -0.26000000000000001        33.800000000000004     
          74 -0.25000000000000000        31.250000000000000     
          75 -0.23999999999999999        28.800000000000001     
          76 -0.22999999999999998        26.449999999999996     
          77 -0.21999999999999997        24.199999999999996     
          78 -0.20999999999999996        22.049999999999994     
          79 -0.19999999999999996        19.999999999999989     
          80 -0.18999999999999995        18.049999999999990     
          81 -0.17999999999999994        16.199999999999989     
          82 -0.16999999999999993        14.449999999999987     
          83 -0.16000000000000003        12.800000000000006     
          84 -0.15000000000000002        11.250000000000004     
          85 -0.14000000000000001        9.8000000000000007     
          86 -0.13000000000000000        8.4500000000000011     
          87 -0.12000000000000000        7.2000000000000002     
          88 -0.10999999999999999        6.0499999999999989     
          89  -9.9999999999999978E-002   4.9999999999999973     
          90  -8.9999999999999969E-002   4.0499999999999972     
          91  -7.9999999999999960E-002   3.1999999999999966     
          92  -6.9999999999999951E-002   2.4499999999999966     
          93  -5.9999999999999942E-002   1.7999999999999965     
          94  -4.9999999999999933E-002   1.2499999999999967     
          95  -4.0000000000000036E-002  0.80000000000000149     
          96  -3.0000000000000027E-002  0.45000000000000079     
          97  -2.0000000000000018E-002  0.20000000000000037     
          98  -1.0000000000000009E-002   5.0000000000000093E-002
          99   0.0000000000000000        0.0000000000000000     
         100   1.0000000000000009E-002   5.0000000000000093E-002
         101   2.0000000000000018E-002  0.20000000000000037     
         102   3.0000000000000027E-002  0.45000000000000079     
         103   4.0000000000000036E-002  0.80000000000000149     
         104   5.0000000000000044E-002   1.2500000000000022     
         105   6.0000000000000053E-002   1.8000000000000032     
         106   7.0000000000000062E-002   2.4500000000000042     
         107   8.0000000000000071E-002   3.2000000000000060     
         108   9.0000000000000080E-002   4.0500000000000078     
         109  0.10000000000000009        5.0000000000000089     
         110  0.11000000000000010        6.0500000000000114     
         111  0.12000000000000011        7.2000000000000126     
         112  0.13000000000000012        8.4500000000000153     
         113  0.14000000000000012        9.8000000000000167     
         114  0.15000000000000013        11.250000000000020     
         115  0.15999999999999992        12.799999999999986     
         116  0.16999999999999993        14.449999999999987     
         117  0.17999999999999994        16.199999999999989     
         118  0.18999999999999995        18.049999999999990     
         119  0.19999999999999996        19.999999999999989     
         120  0.20999999999999996        22.049999999999994     
         121  0.21999999999999997        24.199999999999996     
         122  0.22999999999999998        26.449999999999996     
         123  0.23999999999999999        28.800000000000001     
         124  0.25000000000000000        31.250000000000000     
         125  0.26000000000000001        33.800000000000004     
         126  0.27000000000000002        36.450000000000003     
         127  0.28000000000000003        39.200000000000003     
         128  0.29000000000000004        42.050000000000011     
         129  0.30000000000000004        45.000000000000014     
         130  0.31000000000000005        48.050000000000018     
         131  0.32000000000000006        51.200000000000024     
         132  0.33000000000000007        54.450000000000024     
         133  0.34000000000000008        57.800000000000026     
         134  0.35000000000000009        61.250000000000036     
         135  0.36000000000000010        64.800000000000040     
         136  0.37000000000000011        68.450000000000045     
         137  0.38000000000000012        72.200000000000045     
         138  0.39000000000000012        76.050000000000054     
         139  0.40000000000000013        80.000000000000057     
         140  0.40999999999999992        84.049999999999969     
         141  0.41999999999999993        88.199999999999974     
         142  0.42999999999999994        92.449999999999974     
         143  0.43999999999999995        96.799999999999983     
         144  0.44999999999999996        101.24999999999999     
         145  0.45999999999999996        105.79999999999998     
         146  0.46999999999999997        110.44999999999999     
         147  0.47999999999999998        115.20000000000000     
         148  0.48999999999999999        120.04999999999998     
         149  0.50000000000000000        125.00000000000000     
         150  0.51000000000000001        130.05000000000001     
         151  0.52000000000000002        135.20000000000002     
         152  0.53000000000000003        140.45000000000002     
         153  0.54000000000000004        145.80000000000001     
         154  0.55000000000000004        151.25000000000003     
         155  0.56000000000000005        156.80000000000001     
         156  0.57000000000000006        162.45000000000005     
         157  0.58000000000000007        168.20000000000005     
         158  0.59000000000000008        174.05000000000004     
         159  0.60000000000000009        180.00000000000006     
         160  0.61000000000000010        186.05000000000004     
         161  0.62000000000000011        192.20000000000007     
         162  0.63000000000000012        198.45000000000007     
         163  0.64000000000000012        204.80000000000010     
         164  0.65000000000000013        211.25000000000009     
         165  0.66000000000000014        217.80000000000010     
         166  0.66999999999999993        224.44999999999996     
         167  0.67999999999999994        231.19999999999996     
         168  0.68999999999999995        238.04999999999995     
         169  0.69999999999999996        244.99999999999997     
         170  0.70999999999999996        252.04999999999998     
         171  0.71999999999999997        259.19999999999999     
         172  0.72999999999999998        266.44999999999999     
         173  0.73999999999999999        273.80000000000001     
         174  0.75000000000000000        281.25000000000000     
         175  0.76000000000000001        288.80000000000001     
         176  0.77000000000000002        296.44999999999999     
         177  0.78000000000000003        304.20000000000005     
         178  0.79000000000000004        312.05000000000007     
         179  0.80000000000000004        320.00000000000006     
         180  0.81000000000000005        328.05000000000007     
         181  0.82000000000000006        336.20000000000005     
         182  0.83000000000000007        344.45000000000005     
         183  0.84000000000000008        352.80000000000007     
         184  0.85000000000000009        361.25000000000006     
         185  0.86000000000000010        369.80000000000007     
         186  0.87000000000000011        378.45000000000010     
         187  0.88000000000000012        387.20000000000010     
         188  0.89000000000000012        396.05000000000013     
         189  0.90000000000000013        405.00000000000011     
         190  0.91000000000000014        414.05000000000013     
         191  0.91999999999999993        423.19999999999993     
         192  0.92999999999999994        432.44999999999993     
         193  0.93999999999999995        441.79999999999995     
         194  0.94999999999999996        451.25000000000000     
         195  0.95999999999999996        460.80000000000001     
         196  0.96999999999999997        470.44999999999999     
         197  0.97999999999999998        480.19999999999993     
         198  0.98999999999999999        490.05000000000001     
