           0  -5.0000000000000000       -5.0000000000000000     
           1  -4.8333333333333330       -5.0000000000000000     
           2  -4.6666666666666661       -5.0000000000000000     
           3  -4.5000000000000000       -5.0000000000000000     
           4  -4.3333333333333330       -5.0000000000000000     
           5  -4.1666666666666661       -5.0000000000000000     
           6  -4.0000000000000000       -5.0000000000000000     
           7  -3.8333333333333330       -5.0000000000000000     
           8  -3.6666666666666665       -5.0000000000000000     
           9  -3.5000000000000000       -5.0000000000000000     
          10  -3.3333333333333330       -5.0000000000000000     
          11  -3.1666666666666665       -5.0000000000000000     
          12  -3.0000000000000000       -5.0000000000000000     
          13  -2.8333333333333330       -5.0000000000000000     
          14  -2.6666666666666665       -5.0000000000000000     
          15  -2.5000000000000000       -5.0000000000000000     
          16  -2.3333333333333330       -5.0000000000000000     
          17  -2.1666666666666665       -5.0000000000000000     
          18  -2.0000000000000000       -5.0000000000000000     
          19  -1.8333333333333333       -5.0000000000000000     
          20  -1.6666666666666665       -5.0000000000000000     
          21  -1.5000000000000000       -5.0000000000000000     
          22  -1.3333333333333333       -5.0000000000000000     
          23  -1.1666666666666665       -5.0000000000000000     
          24  -1.0000000000000000       -5.0000000000000000     
          25 -0.83333333333333326       -5.0000000000000000     
          26 -0.66666666666666663       -5.0000000000000000     
          27 -0.50000000000000000       -5.0000000000000000     
          28 -0.33333333333333331       -5.0000000000000000     
          29 -0.16666666666666666       -5.0000000000000000     
          30   0.0000000000000000       -5.0000000000000000     
          31  0.16666666666666666       -5.0000000000000000     
          32  0.33333333333333331       -5.0000000000000000     
          33  0.50000000000000000       -5.0000000000000000     
          34  0.66666666666666663       -5.0000000000000000     
          35  0.83333333333333326       -5.0000000000000000     
          36   1.0000000000000000       -5.0000000000000000     
          37   1.1666666666666665       -5.0000000000000000     
          38   1.3333333333333333       -5.0000000000000000     
          39   1.5000000000000000       -5.0000000000000000     
          40   1.6666666666666665       -5.0000000000000000     
          41   1.8333333333333333       -5.0000000000000000     
          42   2.0000000000000000       -5.0000000000000000     
          43   2.1666666666666665       -5.0000000000000000     
          44   2.3333333333333330       -5.0000000000000000     
          45   2.5000000000000000       -5.0000000000000000     
          46   2.6666666666666665       -5.0000000000000000     
          47   2.8333333333333330       -5.0000000000000000     
          48   3.0000000000000000       -5.0000000000000000     
          49   3.1666666666666665       -5.0000000000000000     
          50   3.3333333333333330       -5.0000000000000000     
          51   3.5000000000000000       -5.0000000000000000     
          52   3.6666666666666665       -5.0000000000000000     
          53   3.8333333333333330       -5.0000000000000000     
          54   4.0000000000000000       -5.0000000000000000     
          55   4.1666666666666661       -5.0000000000000000     
          56   4.3333333333333330       -5.0000000000000000     
          57   4.5000000000000000       -5.0000000000000000     
          58   4.6666666666666661       -5.0000000000000000     
          59   4.8333333333333330       -5.0000000000000000     
          60   5.0000000000000000       -5.0000000000000000     
          61  -5.0000000000000000       -4.5000000000000000     
          62  -4.8333333333333330       -4.5000000000000000     
          63  -4.6666666666666661       -4.5000000000000000     
          64  -4.5000000000000000       -4.5000000000000000     
          65  -4.3333333333333330       -4.5000000000000000     
          66  -4.1666666666666661       -4.5000000000000000     
          67  -4.0000000000000000       -4.5000000000000000     
          68  -3.8333333333333330       -4.5000000000000000     
          69  -3.6666666666666665       -4.5000000000000000     
          70  -3.5000000000000000       -4.5000000000000000     
          71  -3.3333333333333330       -4.5000000000000000     
          72  -3.1666666666666665       -4.5000000000000000     
          73  -3.0000000000000000       -4.5000000000000000     
          74  -2.8333333333333330       -4.5000000000000000     
          75  -2.6666666666666665       -4.5000000000000000     
          76  -2.5000000000000000       -4.5000000000000000     
          77  -2.3333333333333330       -4.5000000000000000     
          78  -2.1666666666666665       -4.5000000000000000     
          79  -2.0000000000000000       -4.5000000000000000     
          80  -1.8333333333333333       -4.5000000000000000     
          81  -1.6666666666666665       -4.5000000000000000     
          82  -1.5000000000000000       -4.5000000000000000     
          83  -1.3333333333333333       -4.5000000000000000     
          84  -1.1666666666666665       -4.5000000000000000     
          85  -1.0000000000000000       -4.5000000000000000     
          86 -0.83333333333333326       -4.5000000000000000     
          87 -0.66666666666666663       -4.5000000000000000     
          88 -0.50000000000000000       -4.5000000000000000     
          89 -0.33333333333333331       -4.5000000000000000     
          90 -0.16666666666666666       -4.5000000000000000     
          91   0.0000000000000000       -4.5000000000000000     
          92  0.16666666666666666       -4.5000000000000000     
          93  0.33333333333333331       -4.5000000000000000     
          94  0.50000000000000000       -4.5000000000000000     
          95  0.66666666666666663       -4.5000000000000000     
          96  0.83333333333333326       -4.5000000000000000     
          97   1.0000000000000000       -4.5000000000000000     
          98   1.1666666666666665       -4.5000000000000000     
          99   1.3333333333333333       -4.5000000000000000     
         100   1.5000000000000000       -4.5000000000000000     
         101   1.6666666666666665       -4.5000000000000000     
         102   1.8333333333333333       -4.5000000000000000     
         103   2.0000000000000000       -4.5000000000000000     
         104   2.1666666666666665       -4.5000000000000000     
         105   2.3333333333333330       -4.5000000000000000     
         106   2.5000000000000000       -4.5000000000000000     
         107   2.6666666666666665       -4.5000000000000000     
         108   2.8333333333333330       -4.5000000000000000     
         109   3.0000000000000000       -4.5000000000000000     
         110   3.1666666666666665       -4.5000000000000000     
         111   3.3333333333333330       -4.5000000000000000     
         112   3.5000000000000000       -4.5000000000000000     
         113   3.6666666666666665       -4.5000000000000000     
         114   3.8333333333333330       -4.5000000000000000     
         115   4.0000000000000000       -4.5000000000000000     
         116   4.1666666666666661       -4.5000000000000000     
         117   4.3333333333333330       -4.5000000000000000     
         118   4.5000000000000000       -4.5000000000000000     
         119   4.6666666666666661       -4.5000000000000000     
         120   4.8333333333333330       -4.5000000000000000     
         121   5.0000000000000000       -4.5000000000000000     
         122  -5.0000000000000000       -4.0000000000000000     
         123  -4.8333333333333330       -4.0000000000000000     
         124  -4.6666666666666661       -4.0000000000000000     
         125  -4.5000000000000000       -4.0000000000000000     
         126  -4.3333333333333330       -4.0000000000000000     
         127  -4.1666666666666661       -4.0000000000000000     
         128  -4.0000000000000000       -4.0000000000000000     
         129  -3.8333333333333330       -4.0000000000000000     
         130  -3.6666666666666665       -4.0000000000000000     
         131  -3.5000000000000000       -4.0000000000000000     
         132  -3.3333333333333330       -4.0000000000000000     
         133  -3.1666666666666665       -4.0000000000000000     
         134  -3.0000000000000000       -4.0000000000000000     
         135  -2.8333333333333330       -4.0000000000000000     
         136  -2.6666666666666665       -4.0000000000000000     
         137  -2.5000000000000000       -4.0000000000000000     
         138  -2.3333333333333330       -4.0000000000000000     
         139  -2.1666666666666665       -4.0000000000000000     
         140  -2.0000000000000000       -4.0000000000000000     
         141  -1.8333333333333333       -4.0000000000000000     
         142  -1.6666666666666665       -4.0000000000000000     
         143  -1.5000000000000000       -4.0000000000000000     
         144  -1.3333333333333333       -4.0000000000000000     
         145  -1.1666666666666665       -4.0000000000000000     
         146  -1.0000000000000000       -4.0000000000000000     
         147 -0.83333333333333326       -4.0000000000000000     
         148 -0.66666666666666663       -4.0000000000000000     
         149 -0.50000000000000000       -4.0000000000000000     
         150 -0.33333333333333331       -4.0000000000000000     
         151 -0.16666666666666666       -4.0000000000000000     
         152   0.0000000000000000       -4.0000000000000000     
         153  0.16666666666666666       -4.0000000000000000     
         154  0.33333333333333331       -4.0000000000000000     
         155  0.50000000000000000       -4.0000000000000000     
         156  0.66666666666666663       -4.0000000000000000     
         157  0.83333333333333326       -4.0000000000000000     
         158   1.0000000000000000       -4.0000000000000000     
         159   1.1666666666666665       -4.0000000000000000     
         160   1.3333333333333333       -4.0000000000000000     
         161   1.5000000000000000       -4.0000000000000000     
         162   1.6666666666666665       -4.0000000000000000     
         163   1.8333333333333333       -4.0000000000000000     
         164   2.0000000000000000       -4.0000000000000000     
         165   2.1666666666666665       -4.0000000000000000     
         166   2.3333333333333330       -4.0000000000000000     
         167   2.5000000000000000       -4.0000000000000000     
         168   2.6666666666666665       -4.0000000000000000     
         169   2.8333333333333330       -4.0000000000000000     
         170   3.0000000000000000       -4.0000000000000000     
         171   3.1666666666666665       -4.0000000000000000     
         172   3.3333333333333330       -4.0000000000000000     
         173   3.5000000000000000       -4.0000000000000000     
         174   3.6666666666666665       -4.0000000000000000     
         175   3.8333333333333330       -4.0000000000000000     
         176   4.0000000000000000       -4.0000000000000000     
         177   4.1666666666666661       -4.0000000000000000     
         178   4.3333333333333330       -4.0000000000000000     
         179   4.5000000000000000       -4.0000000000000000     
         180   4.6666666666666661       -4.0000000000000000     
         181   4.8333333333333330       -4.0000000000000000     
         182   5.0000000000000000       -4.0000000000000000     
         183  -5.0000000000000000       -3.5000000000000000     
         184  -4.8333333333333330       -3.5000000000000000     
         185  -4.6666666666666661       -3.5000000000000000     
         186  -4.5000000000000000       -3.5000000000000000     
         187  -4.3333333333333330       -3.5000000000000000     
         188  -4.1666666666666661       -3.5000000000000000     
         189  -4.0000000000000000       -3.5000000000000000     
         190  -3.8333333333333330       -3.5000000000000000     
         191  -3.6666666666666665       -3.5000000000000000     
         192  -3.5000000000000000       -3.5000000000000000     
         193  -3.3333333333333330       -3.5000000000000000     
         194  -3.1666666666666665       -3.5000000000000000     
         195  -3.0000000000000000       -3.5000000000000000     
         196  -2.8333333333333330       -3.5000000000000000     
         197  -2.6666666666666665       -3.5000000000000000     
         198  -2.5000000000000000       -3.5000000000000000     
         199  -2.3333333333333330       -3.5000000000000000     
         200  -2.1666666666666665       -3.5000000000000000     
         201  -2.0000000000000000       -3.5000000000000000     
         202  -1.8333333333333333       -3.5000000000000000     
         203  -1.6666666666666665       -3.5000000000000000     
         204  -1.5000000000000000       -3.5000000000000000     
         205  -1.3333333333333333       -3.5000000000000000     
         206  -1.1666666666666665       -3.5000000000000000     
         207  -1.0000000000000000       -3.5000000000000000     
         208 -0.83333333333333326       -3.5000000000000000     
         209 -0.66666666666666663       -3.5000000000000000     
         210 -0.50000000000000000       -3.5000000000000000     
         211 -0.33333333333333331       -3.5000000000000000     
         212 -0.16666666666666666       -3.5000000000000000     
         213   0.0000000000000000       -3.5000000000000000     
         214  0.16666666666666666       -3.5000000000000000     
         215  0.33333333333333331       -3.5000000000000000     
         216  0.50000000000000000       -3.5000000000000000     
         217  0.66666666666666663       -3.5000000000000000     
         218  0.83333333333333326       -3.5000000000000000     
         219   1.0000000000000000       -3.5000000000000000     
         220   1.1666666666666665       -3.5000000000000000     
         221   1.3333333333333333       -3.5000000000000000     
         222   1.5000000000000000       -3.5000000000000000     
         223   1.6666666666666665       -3.5000000000000000     
         224   1.8333333333333333       -3.5000000000000000     
         225   2.0000000000000000       -3.5000000000000000     
         226   2.1666666666666665       -3.5000000000000000     
         227   2.3333333333333330       -3.5000000000000000     
         228   2.5000000000000000       -3.5000000000000000     
         229   2.6666666666666665       -3.5000000000000000     
         230   2.8333333333333330       -3.5000000000000000     
         231   3.0000000000000000       -3.5000000000000000     
         232   3.1666666666666665       -3.5000000000000000     
         233   3.3333333333333330       -3.5000000000000000     
         234   3.5000000000000000       -3.5000000000000000     
         235   3.6666666666666665       -3.5000000000000000     
         236   3.8333333333333330       -3.5000000000000000     
         237   4.0000000000000000       -3.5000000000000000     
         238   4.1666666666666661       -3.5000000000000000     
         239   4.3333333333333330       -3.5000000000000000     
         240   4.5000000000000000       -3.5000000000000000     
         241   4.6666666666666661       -3.5000000000000000     
         242   4.8333333333333330       -3.5000000000000000     
         243   5.0000000000000000       -3.5000000000000000     
         244  -5.0000000000000000       -3.0000000000000000     
         245  -4.8333333333333330       -3.0000000000000000     
         246  -4.6666666666666661       -3.0000000000000000     
         247  -4.5000000000000000       -3.0000000000000000     
         248  -4.3333333333333330       -3.0000000000000000     
         249  -4.1666666666666661       -3.0000000000000000     
         250  -4.0000000000000000       -3.0000000000000000     
         251  -3.8333333333333330       -3.0000000000000000     
         252  -3.6666666666666665       -3.0000000000000000     
         253  -3.5000000000000000       -3.0000000000000000     
         254  -3.3333333333333330       -3.0000000000000000     
         255  -3.1666666666666665       -3.0000000000000000     
         256  -3.0000000000000000       -3.0000000000000000     
         257  -2.8333333333333330       -3.0000000000000000     
         258  -2.6666666666666665       -3.0000000000000000     
         259  -2.5000000000000000       -3.0000000000000000     
         260  -2.3333333333333330       -3.0000000000000000     
         261  -2.1666666666666665       -3.0000000000000000     
         262  -2.0000000000000000       -3.0000000000000000     
         263  -1.8333333333333333       -3.0000000000000000     
         264  -1.6666666666666665       -3.0000000000000000     
         265  -1.5000000000000000       -3.0000000000000000     
         266  -1.3333333333333333       -3.0000000000000000     
         267  -1.1666666666666665       -3.0000000000000000     
         268  -1.0000000000000000       -3.0000000000000000     
         269 -0.83333333333333326       -3.0000000000000000     
         270 -0.66666666666666663       -3.0000000000000000     
         271 -0.50000000000000000       -3.0000000000000000     
         272 -0.33333333333333331       -3.0000000000000000     
         273 -0.16666666666666666       -3.0000000000000000     
         274   0.0000000000000000       -3.0000000000000000     
         275  0.16666666666666666       -3.0000000000000000     
         276  0.33333333333333331       -3.0000000000000000     
         277  0.50000000000000000       -3.0000000000000000     
         278  0.66666666666666663       -3.0000000000000000     
         279  0.83333333333333326       -3.0000000000000000     
         280   1.0000000000000000       -3.0000000000000000     
         281   1.1666666666666665       -3.0000000000000000     
         282   1.3333333333333333       -3.0000000000000000     
         283   1.5000000000000000       -3.0000000000000000     
         284   1.6666666666666665       -3.0000000000000000     
         285   1.8333333333333333       -3.0000000000000000     
         286   2.0000000000000000       -3.0000000000000000     
         287   2.1666666666666665       -3.0000000000000000     
         288   2.3333333333333330       -3.0000000000000000     
         289   2.5000000000000000       -3.0000000000000000     
         290   2.6666666666666665       -3.0000000000000000     
         291   2.8333333333333330       -3.0000000000000000     
         292   3.0000000000000000       -3.0000000000000000     
         293   3.1666666666666665       -3.0000000000000000     
         294   3.3333333333333330       -3.0000000000000000     
         295   3.5000000000000000       -3.0000000000000000     
         296   3.6666666666666665       -3.0000000000000000     
         297   3.8333333333333330       -3.0000000000000000     
         298   4.0000000000000000       -3.0000000000000000     
         299   4.1666666666666661       -3.0000000000000000     
         300   4.3333333333333330       -3.0000000000000000     
         301   4.5000000000000000       -3.0000000000000000     
         302   4.6666666666666661       -3.0000000000000000     
         303   4.8333333333333330       -3.0000000000000000     
         304   5.0000000000000000       -3.0000000000000000     
         305  -5.0000000000000000       -2.5000000000000000     
         306  -4.8333333333333330       -2.5000000000000000     
         307  -4.6666666666666661       -2.5000000000000000     
         308  -4.5000000000000000       -2.5000000000000000     
         309  -4.3333333333333330       -2.5000000000000000     
         310  -4.1666666666666661       -2.5000000000000000     
         311  -4.0000000000000000       -2.5000000000000000     
         312  -3.8333333333333330       -2.5000000000000000     
         313  -3.6666666666666665       -2.5000000000000000     
         314  -3.5000000000000000       -2.5000000000000000     
         315  -3.3333333333333330       -2.5000000000000000     
         316  -3.1666666666666665       -2.5000000000000000     
         317  -3.0000000000000000       -2.5000000000000000     
         318  -2.8333333333333330       -2.5000000000000000     
         319  -2.6666666666666665       -2.5000000000000000     
         320  -2.5000000000000000       -2.5000000000000000     
         321  -2.3333333333333330       -2.5000000000000000     
         322  -2.1666666666666665       -2.5000000000000000     
         323  -2.0000000000000000       -2.5000000000000000     
         324  -1.8333333333333333       -2.5000000000000000     
         325  -1.6666666666666665       -2.5000000000000000     
         326  -1.5000000000000000       -2.5000000000000000     
         327  -1.3333333333333333       -2.5000000000000000     
         328  -1.1666666666666665       -2.5000000000000000     
         329  -1.0000000000000000       -2.5000000000000000     
         330 -0.83333333333333326       -2.5000000000000000     
         331 -0.66666666666666663       -2.5000000000000000     
         332 -0.50000000000000000       -2.5000000000000000     
         333 -0.33333333333333331       -2.5000000000000000     
         334 -0.16666666666666666       -2.5000000000000000     
         335   0.0000000000000000       -2.5000000000000000     
         336  0.16666666666666666       -2.5000000000000000     
         337  0.33333333333333331       -2.5000000000000000     
         338  0.50000000000000000       -2.5000000000000000     
         339  0.66666666666666663       -2.5000000000000000     
         340  0.83333333333333326       -2.5000000000000000     
         341   1.0000000000000000       -2.5000000000000000     
         342   1.1666666666666665       -2.5000000000000000     
         343   1.3333333333333333       -2.5000000000000000     
         344   1.5000000000000000       -2.5000000000000000     
         345   1.6666666666666665       -2.5000000000000000     
         346   1.8333333333333333       -2.5000000000000000     
         347   2.0000000000000000       -2.5000000000000000     
         348   2.1666666666666665       -2.5000000000000000     
         349   2.3333333333333330       -2.5000000000000000     
         350   2.5000000000000000       -2.5000000000000000     
         351   2.6666666666666665       -2.5000000000000000     
         352   2.8333333333333330       -2.5000000000000000     
         353   3.0000000000000000       -2.5000000000000000     
         354   3.1666666666666665       -2.5000000000000000     
         355   3.3333333333333330       -2.5000000000000000     
         356   3.5000000000000000       -2.5000000000000000     
         357   3.6666666666666665       -2.5000000000000000     
         358   3.8333333333333330       -2.5000000000000000     
         359   4.0000000000000000       -2.5000000000000000     
         360   4.1666666666666661       -2.5000000000000000     
         361   4.3333333333333330       -2.5000000000000000     
         362   4.5000000000000000       -2.5000000000000000     
         363   4.6666666666666661       -2.5000000000000000     
         364   4.8333333333333330       -2.5000000000000000     
         365   5.0000000000000000       -2.5000000000000000     
         366  -5.0000000000000000       -2.0000000000000000     
         367  -4.8333333333333330       -2.0000000000000000     
         368  -4.6666666666666661       -2.0000000000000000     
         369  -4.5000000000000000       -2.0000000000000000     
         370  -4.3333333333333330       -2.0000000000000000     
         371  -4.1666666666666661       -2.0000000000000000     
         372  -4.0000000000000000       -2.0000000000000000     
         373  -3.8333333333333330       -2.0000000000000000     
         374  -3.6666666666666665       -2.0000000000000000     
         375  -3.5000000000000000       -2.0000000000000000     
         376  -3.3333333333333330       -2.0000000000000000     
         377  -3.1666666666666665       -2.0000000000000000     
         378  -3.0000000000000000       -2.0000000000000000     
         379  -2.8333333333333330       -2.0000000000000000     
         380  -2.6666666666666665       -2.0000000000000000     
         381  -2.5000000000000000       -2.0000000000000000     
         382  -2.3333333333333330       -2.0000000000000000     
         383  -2.1666666666666665       -2.0000000000000000     
         384  -2.0000000000000000       -2.0000000000000000     
         385  -1.8333333333333333       -2.0000000000000000     
         386  -1.6666666666666665       -2.0000000000000000     
         387  -1.5000000000000000       -2.0000000000000000     
         388  -1.3333333333333333       -2.0000000000000000     
         389  -1.1666666666666665       -2.0000000000000000     
         390  -1.0000000000000000       -2.0000000000000000     
         391 -0.83333333333333326       -2.0000000000000000     
         392 -0.66666666666666663       -2.0000000000000000     
         393 -0.50000000000000000       -2.0000000000000000     
         394 -0.33333333333333331       -2.0000000000000000     
         395 -0.16666666666666666       -2.0000000000000000     
         396   0.0000000000000000       -2.0000000000000000     
         397  0.16666666666666666       -2.0000000000000000     
         398  0.33333333333333331       -2.0000000000000000     
         399  0.50000000000000000       -2.0000000000000000     
         400  0.66666666666666663       -2.0000000000000000     
         401  0.83333333333333326       -2.0000000000000000     
         402   1.0000000000000000       -2.0000000000000000     
         403   1.1666666666666665       -2.0000000000000000     
         404   1.3333333333333333       -2.0000000000000000     
         405   1.5000000000000000       -2.0000000000000000     
         406   1.6666666666666665       -2.0000000000000000     
         407   1.8333333333333333       -2.0000000000000000     
         408   2.0000000000000000       -2.0000000000000000     
         409   2.1666666666666665       -2.0000000000000000     
         410   2.3333333333333330       -2.0000000000000000     
         411   2.5000000000000000       -2.0000000000000000     
         412   2.6666666666666665       -2.0000000000000000     
         413   2.8333333333333330       -2.0000000000000000     
         414   3.0000000000000000       -2.0000000000000000     
         415   3.1666666666666665       -2.0000000000000000     
         416   3.3333333333333330       -2.0000000000000000     
         417   3.5000000000000000       -2.0000000000000000     
         418   3.6666666666666665       -2.0000000000000000     
         419   3.8333333333333330       -2.0000000000000000     
         420   4.0000000000000000       -2.0000000000000000     
         421   4.1666666666666661       -2.0000000000000000     
         422   4.3333333333333330       -2.0000000000000000     
         423   4.5000000000000000       -2.0000000000000000     
         424   4.6666666666666661       -2.0000000000000000     
         425   4.8333333333333330       -2.0000000000000000     
         426   5.0000000000000000       -2.0000000000000000     
         427  -5.0000000000000000       -1.5000000000000000     
         428  -4.8333333333333330       -1.5000000000000000     
         429  -4.6666666666666661       -1.5000000000000000     
         430  -4.5000000000000000       -1.5000000000000000     
         431  -4.3333333333333330       -1.5000000000000000     
         432  -4.1666666666666661       -1.5000000000000000     
         433  -4.0000000000000000       -1.5000000000000000     
         434  -3.8333333333333330       -1.5000000000000000     
         435  -3.6666666666666665       -1.5000000000000000     
         436  -3.5000000000000000       -1.5000000000000000     
         437  -3.3333333333333330       -1.5000000000000000     
         438  -3.1666666666666665       -1.5000000000000000     
         439  -3.0000000000000000       -1.5000000000000000     
         440  -2.8333333333333330       -1.5000000000000000     
         441  -2.6666666666666665       -1.5000000000000000     
         442  -2.5000000000000000       -1.5000000000000000     
         443  -2.3333333333333330       -1.5000000000000000     
         444  -2.1666666666666665       -1.5000000000000000     
         445  -2.0000000000000000       -1.5000000000000000     
         446  -1.8333333333333333       -1.5000000000000000     
         447  -1.6666666666666665       -1.5000000000000000     
         448  -1.5000000000000000       -1.5000000000000000     
         449  -1.3333333333333333       -1.5000000000000000     
         450  -1.1666666666666665       -1.5000000000000000     
         451  -1.0000000000000000       -1.5000000000000000     
         452 -0.83333333333333326       -1.5000000000000000     
         453 -0.66666666666666663       -1.5000000000000000     
         454 -0.50000000000000000       -1.5000000000000000     
         455 -0.33333333333333331       -1.5000000000000000     
         456 -0.16666666666666666       -1.5000000000000000     
         457   0.0000000000000000       -1.5000000000000000     
         458  0.16666666666666666       -1.5000000000000000     
         459  0.33333333333333331       -1.5000000000000000     
         460  0.50000000000000000       -1.5000000000000000     
         461  0.66666666666666663       -1.5000000000000000     
         462  0.83333333333333326       -1.5000000000000000     
         463   1.0000000000000000       -1.5000000000000000     
         464   1.1666666666666665       -1.5000000000000000     
         465   1.3333333333333333       -1.5000000000000000     
         466   1.5000000000000000       -1.5000000000000000     
         467   1.6666666666666665       -1.5000000000000000     
         468   1.8333333333333333       -1.5000000000000000     
         469   2.0000000000000000       -1.5000000000000000     
         470   2.1666666666666665       -1.5000000000000000     
         471   2.3333333333333330       -1.5000000000000000     
         472   2.5000000000000000       -1.5000000000000000     
         473   2.6666666666666665       -1.5000000000000000     
         474   2.8333333333333330       -1.5000000000000000     
         475   3.0000000000000000       -1.5000000000000000     
         476   3.1666666666666665       -1.5000000000000000     
         477   3.3333333333333330       -1.5000000000000000     
         478   3.5000000000000000       -1.5000000000000000     
         479   3.6666666666666665       -1.5000000000000000     
         480   3.8333333333333330       -1.5000000000000000     
         481   4.0000000000000000       -1.5000000000000000     
         482   4.1666666666666661       -1.5000000000000000     
         483   4.3333333333333330       -1.5000000000000000     
         484   4.5000000000000000       -1.5000000000000000     
         485   4.6666666666666661       -1.5000000000000000     
         486   4.8333333333333330       -1.5000000000000000     
         487   5.0000000000000000       -1.5000000000000000     
         488  -5.0000000000000000       -1.0000000000000000     
         489  -4.8333333333333330       -1.0000000000000000     
         490  -4.6666666666666661       -1.0000000000000000     
         491  -4.5000000000000000       -1.0000000000000000     
         492  -4.3333333333333330       -1.0000000000000000     
         493  -4.1666666666666661       -1.0000000000000000     
         494  -4.0000000000000000       -1.0000000000000000     
         495  -3.8333333333333330       -1.0000000000000000     
         496  -3.6666666666666665       -1.0000000000000000     
         497  -3.5000000000000000       -1.0000000000000000     
         498  -3.3333333333333330       -1.0000000000000000     
         499  -3.1666666666666665       -1.0000000000000000     
         500  -3.0000000000000000       -1.0000000000000000     
         501  -2.8333333333333330       -1.0000000000000000     
         502  -2.6666666666666665       -1.0000000000000000     
         503  -2.5000000000000000       -1.0000000000000000     
         504  -2.3333333333333330       -1.0000000000000000     
         505  -2.1666666666666665       -1.0000000000000000     
         506  -2.0000000000000000       -1.0000000000000000     
         507  -1.8333333333333333       -1.0000000000000000     
         508  -1.6666666666666665       -1.0000000000000000     
         509  -1.5000000000000000       -1.0000000000000000     
         510  -1.3333333333333333       -1.0000000000000000     
         511  -1.1666666666666665       -1.0000000000000000     
         512  -1.0000000000000000       -1.0000000000000000     
         513 -0.83333333333333326       -1.0000000000000000     
         514 -0.66666666666666663       -1.0000000000000000     
         515 -0.50000000000000000       -1.0000000000000000     
         516 -0.33333333333333331       -1.0000000000000000     
         517 -0.16666666666666666       -1.0000000000000000     
         518   0.0000000000000000       -1.0000000000000000     
         519  0.16666666666666666       -1.0000000000000000     
         520  0.33333333333333331       -1.0000000000000000     
         521  0.50000000000000000       -1.0000000000000000     
         522  0.66666666666666663       -1.0000000000000000     
         523  0.83333333333333326       -1.0000000000000000     
         524   1.0000000000000000       -1.0000000000000000     
         525   1.1666666666666665       -1.0000000000000000     
         526   1.3333333333333333       -1.0000000000000000     
         527   1.5000000000000000       -1.0000000000000000     
         528   1.6666666666666665       -1.0000000000000000     
         529   1.8333333333333333       -1.0000000000000000     
         530   2.0000000000000000       -1.0000000000000000     
         531   2.1666666666666665       -1.0000000000000000     
         532   2.3333333333333330       -1.0000000000000000     
         533   2.5000000000000000       -1.0000000000000000     
         534   2.6666666666666665       -1.0000000000000000     
         535   2.8333333333333330       -1.0000000000000000     
         536   3.0000000000000000       -1.0000000000000000     
         537   3.1666666666666665       -1.0000000000000000     
         538   3.3333333333333330       -1.0000000000000000     
         539   3.5000000000000000       -1.0000000000000000     
         540   3.6666666666666665       -1.0000000000000000     
         541   3.8333333333333330       -1.0000000000000000     
         542   4.0000000000000000       -1.0000000000000000     
         543   4.1666666666666661       -1.0000000000000000     
         544   4.3333333333333330       -1.0000000000000000     
         545   4.5000000000000000       -1.0000000000000000     
         546   4.6666666666666661       -1.0000000000000000     
         547   4.8333333333333330       -1.0000000000000000     
         548   5.0000000000000000       -1.0000000000000000     
         549  -5.0000000000000000      -0.50000000000000000     
         550  -4.8333333333333330      -0.50000000000000000     
         551  -4.6666666666666661      -0.50000000000000000     
         552  -4.5000000000000000      -0.50000000000000000     
         553  -4.3333333333333330      -0.50000000000000000     
         554  -4.1666666666666661      -0.50000000000000000     
         555  -4.0000000000000000      -0.50000000000000000     
         556  -3.8333333333333330      -0.50000000000000000     
         557  -3.6666666666666665      -0.50000000000000000     
         558  -3.5000000000000000      -0.50000000000000000     
         559  -3.3333333333333330      -0.50000000000000000     
         560  -3.1666666666666665      -0.50000000000000000     
         561  -3.0000000000000000      -0.50000000000000000     
         562  -2.8333333333333330      -0.50000000000000000     
         563  -2.6666666666666665      -0.50000000000000000     
         564  -2.5000000000000000      -0.50000000000000000     
         565  -2.3333333333333330      -0.50000000000000000     
         566  -2.1666666666666665      -0.50000000000000000     
         567  -2.0000000000000000      -0.50000000000000000     
         568  -1.8333333333333333      -0.50000000000000000     
         569  -1.6666666666666665      -0.50000000000000000     
         570  -1.5000000000000000      -0.50000000000000000     
         571  -1.3333333333333333      -0.50000000000000000     
         572  -1.1666666666666665      -0.50000000000000000     
         573  -1.0000000000000000      -0.50000000000000000     
         574 -0.83333333333333326      -0.50000000000000000     
         575 -0.66666666666666663      -0.50000000000000000     
         576 -0.50000000000000000      -0.50000000000000000     
         577 -0.33333333333333331      -0.50000000000000000     
         578 -0.16666666666666666      -0.50000000000000000     
         579   0.0000000000000000      -0.50000000000000000     
         580  0.16666666666666666      -0.50000000000000000     
         581  0.33333333333333331      -0.50000000000000000     
         582  0.50000000000000000      -0.50000000000000000     
         583  0.66666666666666663      -0.50000000000000000     
         584  0.83333333333333326      -0.50000000000000000     
         585   1.0000000000000000      -0.50000000000000000     
         586   1.1666666666666665      -0.50000000000000000     
         587   1.3333333333333333      -0.50000000000000000     
         588   1.5000000000000000      -0.50000000000000000     
         589   1.6666666666666665      -0.50000000000000000     
         590   1.8333333333333333      -0.50000000000000000     
         591   2.0000000000000000      -0.50000000000000000     
         592   2.1666666666666665      -0.50000000000000000     
         593   2.3333333333333330      -0.50000000000000000     
         594   2.5000000000000000      -0.50000000000000000     
         595   2.6666666666666665      -0.50000000000000000     
         596   2.8333333333333330      -0.50000000000000000     
         597   3.0000000000000000      -0.50000000000000000     
         598   3.1666666666666665      -0.50000000000000000     
         599   3.3333333333333330      -0.50000000000000000     
         600   3.5000000000000000      -0.50000000000000000     
         601   3.6666666666666665      -0.50000000000000000     
         602   3.8333333333333330      -0.50000000000000000     
         603   4.0000000000000000      -0.50000000000000000     
         604   4.1666666666666661      -0.50000000000000000     
         605   4.3333333333333330      -0.50000000000000000     
         606   4.5000000000000000      -0.50000000000000000     
         607   4.6666666666666661      -0.50000000000000000     
         608   4.8333333333333330      -0.50000000000000000     
         609   5.0000000000000000      -0.50000000000000000     
         610  -5.0000000000000000        0.0000000000000000     
         611  -4.8333333333333330        0.0000000000000000     
         612  -4.6666666666666661        0.0000000000000000     
         613  -4.5000000000000000        0.0000000000000000     
         614  -4.3333333333333330        0.0000000000000000     
         615  -4.1666666666666661        0.0000000000000000     
         616  -4.0000000000000000        0.0000000000000000     
         617  -3.8333333333333330        0.0000000000000000     
         618  -3.6666666666666665        0.0000000000000000     
         619  -3.5000000000000000        0.0000000000000000     
         620  -3.3333333333333330        0.0000000000000000     
         621  -3.1666666666666665        0.0000000000000000     
         622  -3.0000000000000000        0.0000000000000000     
         623  -2.8333333333333330        0.0000000000000000     
         624  -2.6666666666666665        0.0000000000000000     
         625  -2.5000000000000000        0.0000000000000000     
         626  -2.3333333333333330        0.0000000000000000     
         627  -2.1666666666666665        0.0000000000000000     
         628  -2.0000000000000000        0.0000000000000000     
         629  -1.8333333333333333        0.0000000000000000     
         630  -1.6666666666666665        0.0000000000000000     
         631  -1.5000000000000000        0.0000000000000000     
         632  -1.3333333333333333        0.0000000000000000     
         633  -1.1666666666666665        0.0000000000000000     
         634  -1.0000000000000000        0.0000000000000000     
         635 -0.83333333333333326        0.0000000000000000     
         636 -0.66666666666666663        0.0000000000000000     
         637 -0.50000000000000000        0.0000000000000000     
         638 -0.33333333333333331        0.0000000000000000     
         639 -0.16666666666666666        0.0000000000000000     
         640   0.0000000000000000        0.0000000000000000     
         641  0.16666666666666666        0.0000000000000000     
         642  0.33333333333333331        0.0000000000000000     
         643  0.50000000000000000        0.0000000000000000     
         644  0.66666666666666663        0.0000000000000000     
         645  0.83333333333333326        0.0000000000000000     
         646   1.0000000000000000        0.0000000000000000     
         647   1.1666666666666665        0.0000000000000000     
         648   1.3333333333333333        0.0000000000000000     
         649   1.5000000000000000        0.0000000000000000     
         650   1.6666666666666665        0.0000000000000000     
         651   1.8333333333333333        0.0000000000000000     
         652   2.0000000000000000        0.0000000000000000     
         653   2.1666666666666665        0.0000000000000000     
         654   2.3333333333333330        0.0000000000000000     
         655   2.5000000000000000        0.0000000000000000     
         656   2.6666666666666665        0.0000000000000000     
         657   2.8333333333333330        0.0000000000000000     
         658   3.0000000000000000        0.0000000000000000     
         659   3.1666666666666665        0.0000000000000000     
         660   3.3333333333333330        0.0000000000000000     
         661   3.5000000000000000        0.0000000000000000     
         662   3.6666666666666665        0.0000000000000000     
         663   3.8333333333333330        0.0000000000000000     
         664   4.0000000000000000        0.0000000000000000     
         665   4.1666666666666661        0.0000000000000000     
         666   4.3333333333333330        0.0000000000000000     
         667   4.5000000000000000        0.0000000000000000     
         668   4.6666666666666661        0.0000000000000000     
         669   4.8333333333333330        0.0000000000000000     
         670   5.0000000000000000        0.0000000000000000     
         671  -5.0000000000000000       0.50000000000000000     
         672  -4.8333333333333330       0.50000000000000000     
         673  -4.6666666666666661       0.50000000000000000     
         674  -4.5000000000000000       0.50000000000000000     
         675  -4.3333333333333330       0.50000000000000000     
         676  -4.1666666666666661       0.50000000000000000     
         677  -4.0000000000000000       0.50000000000000000     
         678  -3.8333333333333330       0.50000000000000000     
         679  -3.6666666666666665       0.50000000000000000     
         680  -3.5000000000000000       0.50000000000000000     
         681  -3.3333333333333330       0.50000000000000000     
         682  -3.1666666666666665       0.50000000000000000     
         683  -3.0000000000000000       0.50000000000000000     
         684  -2.8333333333333330       0.50000000000000000     
         685  -2.6666666666666665       0.50000000000000000     
         686  -2.5000000000000000       0.50000000000000000     
         687  -2.3333333333333330       0.50000000000000000     
         688  -2.1666666666666665       0.50000000000000000     
         689  -2.0000000000000000       0.50000000000000000     
         690  -1.8333333333333333       0.50000000000000000     
         691  -1.6666666666666665       0.50000000000000000     
         692  -1.5000000000000000       0.50000000000000000     
         693  -1.3333333333333333       0.50000000000000000     
         694  -1.1666666666666665       0.50000000000000000     
         695  -1.0000000000000000       0.50000000000000000     
         696 -0.83333333333333326       0.50000000000000000     
         697 -0.66666666666666663       0.50000000000000000     
         698 -0.50000000000000000       0.50000000000000000     
         699 -0.33333333333333331       0.50000000000000000     
         700 -0.16666666666666666       0.50000000000000000     
         701   0.0000000000000000       0.50000000000000000     
         702  0.16666666666666666       0.50000000000000000     
         703  0.33333333333333331       0.50000000000000000     
         704  0.50000000000000000       0.50000000000000000     
         705  0.66666666666666663       0.50000000000000000     
         706  0.83333333333333326       0.50000000000000000     
         707   1.0000000000000000       0.50000000000000000     
         708   1.1666666666666665       0.50000000000000000     
         709   1.3333333333333333       0.50000000000000000     
         710   1.5000000000000000       0.50000000000000000     
         711   1.6666666666666665       0.50000000000000000     
         712   1.8333333333333333       0.50000000000000000     
         713   2.0000000000000000       0.50000000000000000     
         714   2.1666666666666665       0.50000000000000000     
         715   2.3333333333333330       0.50000000000000000     
         716   2.5000000000000000       0.50000000000000000     
         717   2.6666666666666665       0.50000000000000000     
         718   2.8333333333333330       0.50000000000000000     
         719   3.0000000000000000       0.50000000000000000     
         720   3.1666666666666665       0.50000000000000000     
         721   3.3333333333333330       0.50000000000000000     
         722   3.5000000000000000       0.50000000000000000     
         723   3.6666666666666665       0.50000000000000000     
         724   3.8333333333333330       0.50000000000000000     
         725   4.0000000000000000       0.50000000000000000     
         726   4.1666666666666661       0.50000000000000000     
         727   4.3333333333333330       0.50000000000000000     
         728   4.5000000000000000       0.50000000000000000     
         729   4.6666666666666661       0.50000000000000000     
         730   4.8333333333333330       0.50000000000000000     
         731   5.0000000000000000       0.50000000000000000     
         732  -5.0000000000000000        1.0000000000000000     
         733  -4.8333333333333330        1.0000000000000000     
         734  -4.6666666666666661        1.0000000000000000     
         735  -4.5000000000000000        1.0000000000000000     
         736  -4.3333333333333330        1.0000000000000000     
         737  -4.1666666666666661        1.0000000000000000     
         738  -4.0000000000000000        1.0000000000000000     
         739  -3.8333333333333330        1.0000000000000000     
         740  -3.6666666666666665        1.0000000000000000     
         741  -3.5000000000000000        1.0000000000000000     
         742  -3.3333333333333330        1.0000000000000000     
         743  -3.1666666666666665        1.0000000000000000     
         744  -3.0000000000000000        1.0000000000000000     
         745  -2.8333333333333330        1.0000000000000000     
         746  -2.6666666666666665        1.0000000000000000     
         747  -2.5000000000000000        1.0000000000000000     
         748  -2.3333333333333330        1.0000000000000000     
         749  -2.1666666666666665        1.0000000000000000     
         750  -2.0000000000000000        1.0000000000000000     
         751  -1.8333333333333333        1.0000000000000000     
         752  -1.6666666666666665        1.0000000000000000     
         753  -1.5000000000000000        1.0000000000000000     
         754  -1.3333333333333333        1.0000000000000000     
         755  -1.1666666666666665        1.0000000000000000     
         756  -1.0000000000000000        1.0000000000000000     
         757 -0.83333333333333326        1.0000000000000000     
         758 -0.66666666666666663        1.0000000000000000     
         759 -0.50000000000000000        1.0000000000000000     
         760 -0.33333333333333331        1.0000000000000000     
         761 -0.16666666666666666        1.0000000000000000     
         762   0.0000000000000000        1.0000000000000000     
         763  0.16666666666666666        1.0000000000000000     
         764  0.33333333333333331        1.0000000000000000     
         765  0.50000000000000000        1.0000000000000000     
         766  0.66666666666666663        1.0000000000000000     
         767  0.83333333333333326        1.0000000000000000     
         768   1.0000000000000000        1.0000000000000000     
         769   1.1666666666666665        1.0000000000000000     
         770   1.3333333333333333        1.0000000000000000     
         771   1.5000000000000000        1.0000000000000000     
         772   1.6666666666666665        1.0000000000000000     
         773   1.8333333333333333        1.0000000000000000     
         774   2.0000000000000000        1.0000000000000000     
         775   2.1666666666666665        1.0000000000000000     
         776   2.3333333333333330        1.0000000000000000     
         777   2.5000000000000000        1.0000000000000000     
         778   2.6666666666666665        1.0000000000000000     
         779   2.8333333333333330        1.0000000000000000     
         780   3.0000000000000000        1.0000000000000000     
         781   3.1666666666666665        1.0000000000000000     
         782   3.3333333333333330        1.0000000000000000     
         783   3.5000000000000000        1.0000000000000000     
         784   3.6666666666666665        1.0000000000000000     
         785   3.8333333333333330        1.0000000000000000     
         786   4.0000000000000000        1.0000000000000000     
         787   4.1666666666666661        1.0000000000000000     
         788   4.3333333333333330        1.0000000000000000     
         789   4.5000000000000000        1.0000000000000000     
         790   4.6666666666666661        1.0000000000000000     
         791   4.8333333333333330        1.0000000000000000     
         792   5.0000000000000000        1.0000000000000000     
         793  -5.0000000000000000        1.5000000000000000     
         794  -4.8333333333333330        1.5000000000000000     
         795  -4.6666666666666661        1.5000000000000000     
         796  -4.5000000000000000        1.5000000000000000     
         797  -4.3333333333333330        1.5000000000000000     
         798  -4.1666666666666661        1.5000000000000000     
         799  -4.0000000000000000        1.5000000000000000     
         800  -3.8333333333333330        1.5000000000000000     
         801  -3.6666666666666665        1.5000000000000000     
         802  -3.5000000000000000        1.5000000000000000     
         803  -3.3333333333333330        1.5000000000000000     
         804  -3.1666666666666665        1.5000000000000000     
         805  -3.0000000000000000        1.5000000000000000     
         806  -2.8333333333333330        1.5000000000000000     
         807  -2.6666666666666665        1.5000000000000000     
         808  -2.5000000000000000        1.5000000000000000     
         809  -2.3333333333333330        1.5000000000000000     
         810  -2.1666666666666665        1.5000000000000000     
         811  -2.0000000000000000        1.5000000000000000     
         812  -1.8333333333333333        1.5000000000000000     
         813  -1.6666666666666665        1.5000000000000000     
         814  -1.5000000000000000        1.5000000000000000     
         815  -1.3333333333333333        1.5000000000000000     
         816  -1.1666666666666665        1.5000000000000000     
         817  -1.0000000000000000        1.5000000000000000     
         818 -0.83333333333333326        1.5000000000000000     
         819 -0.66666666666666663        1.5000000000000000     
         820 -0.50000000000000000        1.5000000000000000     
         821 -0.33333333333333331        1.5000000000000000     
         822 -0.16666666666666666        1.5000000000000000     
         823   0.0000000000000000        1.5000000000000000     
         824  0.16666666666666666        1.5000000000000000     
         825  0.33333333333333331        1.5000000000000000     
         826  0.50000000000000000        1.5000000000000000     
         827  0.66666666666666663        1.5000000000000000     
         828  0.83333333333333326        1.5000000000000000     
         829   1.0000000000000000        1.5000000000000000     
         830   1.1666666666666665        1.5000000000000000     
         831   1.3333333333333333        1.5000000000000000     
         832   1.5000000000000000        1.5000000000000000     
         833   1.6666666666666665        1.5000000000000000     
         834   1.8333333333333333        1.5000000000000000     
         835   2.0000000000000000        1.5000000000000000     
         836   2.1666666666666665        1.5000000000000000     
         837   2.3333333333333330        1.5000000000000000     
         838   2.5000000000000000        1.5000000000000000     
         839   2.6666666666666665        1.5000000000000000     
         840   2.8333333333333330        1.5000000000000000     
         841   3.0000000000000000        1.5000000000000000     
         842   3.1666666666666665        1.5000000000000000     
         843   3.3333333333333330        1.5000000000000000     
         844   3.5000000000000000        1.5000000000000000     
         845   3.6666666666666665        1.5000000000000000     
         846   3.8333333333333330        1.5000000000000000     
         847   4.0000000000000000        1.5000000000000000     
         848   4.1666666666666661        1.5000000000000000     
         849   4.3333333333333330        1.5000000000000000     
         850   4.5000000000000000        1.5000000000000000     
         851   4.6666666666666661        1.5000000000000000     
         852   4.8333333333333330        1.5000000000000000     
         853   5.0000000000000000        1.5000000000000000     
         854  -5.0000000000000000        2.0000000000000000     
         855  -4.8333333333333330        2.0000000000000000     
         856  -4.6666666666666661        2.0000000000000000     
         857  -4.5000000000000000        2.0000000000000000     
         858  -4.3333333333333330        2.0000000000000000     
         859  -4.1666666666666661        2.0000000000000000     
         860  -4.0000000000000000        2.0000000000000000     
         861  -3.8333333333333330        2.0000000000000000     
         862  -3.6666666666666665        2.0000000000000000     
         863  -3.5000000000000000        2.0000000000000000     
         864  -3.3333333333333330        2.0000000000000000     
         865  -3.1666666666666665        2.0000000000000000     
         866  -3.0000000000000000        2.0000000000000000     
         867  -2.8333333333333330        2.0000000000000000     
         868  -2.6666666666666665        2.0000000000000000     
         869  -2.5000000000000000        2.0000000000000000     
         870  -2.3333333333333330        2.0000000000000000     
         871  -2.1666666666666665        2.0000000000000000     
         872  -2.0000000000000000        2.0000000000000000     
         873  -1.8333333333333333        2.0000000000000000     
         874  -1.6666666666666665        2.0000000000000000     
         875  -1.5000000000000000        2.0000000000000000     
         876  -1.3333333333333333        2.0000000000000000     
         877  -1.1666666666666665        2.0000000000000000     
         878  -1.0000000000000000        2.0000000000000000     
         879 -0.83333333333333326        2.0000000000000000     
         880 -0.66666666666666663        2.0000000000000000     
         881 -0.50000000000000000        2.0000000000000000     
         882 -0.33333333333333331        2.0000000000000000     
         883 -0.16666666666666666        2.0000000000000000     
         884   0.0000000000000000        2.0000000000000000     
         885  0.16666666666666666        2.0000000000000000     
         886  0.33333333333333331        2.0000000000000000     
         887  0.50000000000000000        2.0000000000000000     
         888  0.66666666666666663        2.0000000000000000     
         889  0.83333333333333326        2.0000000000000000     
         890   1.0000000000000000        2.0000000000000000     
         891   1.1666666666666665        2.0000000000000000     
         892   1.3333333333333333        2.0000000000000000     
         893   1.5000000000000000        2.0000000000000000     
         894   1.6666666666666665        2.0000000000000000     
         895   1.8333333333333333        2.0000000000000000     
         896   2.0000000000000000        2.0000000000000000     
         897   2.1666666666666665        2.0000000000000000     
         898   2.3333333333333330        2.0000000000000000     
         899   2.5000000000000000        2.0000000000000000     
         900   2.6666666666666665        2.0000000000000000     
         901   2.8333333333333330        2.0000000000000000     
         902   3.0000000000000000        2.0000000000000000     
         903   3.1666666666666665        2.0000000000000000     
         904   3.3333333333333330        2.0000000000000000     
         905   3.5000000000000000        2.0000000000000000     
         906   3.6666666666666665        2.0000000000000000     
         907   3.8333333333333330        2.0000000000000000     
         908   4.0000000000000000        2.0000000000000000     
         909   4.1666666666666661        2.0000000000000000     
         910   4.3333333333333330        2.0000000000000000     
         911   4.5000000000000000        2.0000000000000000     
         912   4.6666666666666661        2.0000000000000000     
         913   4.8333333333333330        2.0000000000000000     
         914   5.0000000000000000        2.0000000000000000     
         915  -5.0000000000000000        2.5000000000000000     
         916  -4.8333333333333330        2.5000000000000000     
         917  -4.6666666666666661        2.5000000000000000     
         918  -4.5000000000000000        2.5000000000000000     
         919  -4.3333333333333330        2.5000000000000000     
         920  -4.1666666666666661        2.5000000000000000     
         921  -4.0000000000000000        2.5000000000000000     
         922  -3.8333333333333330        2.5000000000000000     
         923  -3.6666666666666665        2.5000000000000000     
         924  -3.5000000000000000        2.5000000000000000     
         925  -3.3333333333333330        2.5000000000000000     
         926  -3.1666666666666665        2.5000000000000000     
         927  -3.0000000000000000        2.5000000000000000     
         928  -2.8333333333333330        2.5000000000000000     
         929  -2.6666666666666665        2.5000000000000000     
         930  -2.5000000000000000        2.5000000000000000     
         931  -2.3333333333333330        2.5000000000000000     
         932  -2.1666666666666665        2.5000000000000000     
         933  -2.0000000000000000        2.5000000000000000     
         934  -1.8333333333333333        2.5000000000000000     
         935  -1.6666666666666665        2.5000000000000000     
         936  -1.5000000000000000        2.5000000000000000     
         937  -1.3333333333333333        2.5000000000000000     
         938  -1.1666666666666665        2.5000000000000000     
         939  -1.0000000000000000        2.5000000000000000     
         940 -0.83333333333333326        2.5000000000000000     
         941 -0.66666666666666663        2.5000000000000000     
         942 -0.50000000000000000        2.5000000000000000     
         943 -0.33333333333333331        2.5000000000000000     
         944 -0.16666666666666666        2.5000000000000000     
         945   0.0000000000000000        2.5000000000000000     
         946  0.16666666666666666        2.5000000000000000     
         947  0.33333333333333331        2.5000000000000000     
         948  0.50000000000000000        2.5000000000000000     
         949  0.66666666666666663        2.5000000000000000     
         950  0.83333333333333326        2.5000000000000000     
         951   1.0000000000000000        2.5000000000000000     
         952   1.1666666666666665        2.5000000000000000     
         953   1.3333333333333333        2.5000000000000000     
         954   1.5000000000000000        2.5000000000000000     
         955   1.6666666666666665        2.5000000000000000     
         956   1.8333333333333333        2.5000000000000000     
         957   2.0000000000000000        2.5000000000000000     
         958   2.1666666666666665        2.5000000000000000     
         959   2.3333333333333330        2.5000000000000000     
         960   2.5000000000000000        2.5000000000000000     
         961   2.6666666666666665        2.5000000000000000     
         962   2.8333333333333330        2.5000000000000000     
         963   3.0000000000000000        2.5000000000000000     
         964   3.1666666666666665        2.5000000000000000     
         965   3.3333333333333330        2.5000000000000000     
         966   3.5000000000000000        2.5000000000000000     
         967   3.6666666666666665        2.5000000000000000     
         968   3.8333333333333330        2.5000000000000000     
         969   4.0000000000000000        2.5000000000000000     
         970   4.1666666666666661        2.5000000000000000     
         971   4.3333333333333330        2.5000000000000000     
         972   4.5000000000000000        2.5000000000000000     
         973   4.6666666666666661        2.5000000000000000     
         974   4.8333333333333330        2.5000000000000000     
         975   5.0000000000000000        2.5000000000000000     
         976  -5.0000000000000000        3.0000000000000000     
         977  -4.8333333333333330        3.0000000000000000     
         978  -4.6666666666666661        3.0000000000000000     
         979  -4.5000000000000000        3.0000000000000000     
         980  -4.3333333333333330        3.0000000000000000     
         981  -4.1666666666666661        3.0000000000000000     
         982  -4.0000000000000000        3.0000000000000000     
         983  -3.8333333333333330        3.0000000000000000     
         984  -3.6666666666666665        3.0000000000000000     
         985  -3.5000000000000000        3.0000000000000000     
         986  -3.3333333333333330        3.0000000000000000     
         987  -3.1666666666666665        3.0000000000000000     
         988  -3.0000000000000000        3.0000000000000000     
         989  -2.8333333333333330        3.0000000000000000     
         990  -2.6666666666666665        3.0000000000000000     
         991  -2.5000000000000000        3.0000000000000000     
         992  -2.3333333333333330        3.0000000000000000     
         993  -2.1666666666666665        3.0000000000000000     
         994  -2.0000000000000000        3.0000000000000000     
         995  -1.8333333333333333        3.0000000000000000     
         996  -1.6666666666666665        3.0000000000000000     
         997  -1.5000000000000000        3.0000000000000000     
         998  -1.3333333333333333        3.0000000000000000     
         999  -1.1666666666666665        3.0000000000000000     
        1000  -1.0000000000000000        3.0000000000000000     
        1001 -0.83333333333333326        3.0000000000000000     
        1002 -0.66666666666666663        3.0000000000000000     
        1003 -0.50000000000000000        3.0000000000000000     
        1004 -0.33333333333333331        3.0000000000000000     
        1005 -0.16666666666666666        3.0000000000000000     
        1006   0.0000000000000000        3.0000000000000000     
        1007  0.16666666666666666        3.0000000000000000     
        1008  0.33333333333333331        3.0000000000000000     
        1009  0.50000000000000000        3.0000000000000000     
        1010  0.66666666666666663        3.0000000000000000     
        1011  0.83333333333333326        3.0000000000000000     
        1012   1.0000000000000000        3.0000000000000000     
        1013   1.1666666666666665        3.0000000000000000     
        1014   1.3333333333333333        3.0000000000000000     
        1015   1.5000000000000000        3.0000000000000000     
        1016   1.6666666666666665        3.0000000000000000     
        1017   1.8333333333333333        3.0000000000000000     
        1018   2.0000000000000000        3.0000000000000000     
        1019   2.1666666666666665        3.0000000000000000     
        1020   2.3333333333333330        3.0000000000000000     
        1021   2.5000000000000000        3.0000000000000000     
        1022   2.6666666666666665        3.0000000000000000     
        1023   2.8333333333333330        3.0000000000000000     
        1024   3.0000000000000000        3.0000000000000000     
        1025   3.1666666666666665        3.0000000000000000     
        1026   3.3333333333333330        3.0000000000000000     
        1027   3.5000000000000000        3.0000000000000000     
        1028   3.6666666666666665        3.0000000000000000     
        1029   3.8333333333333330        3.0000000000000000     
        1030   4.0000000000000000        3.0000000000000000     
        1031   4.1666666666666661        3.0000000000000000     
        1032   4.3333333333333330        3.0000000000000000     
        1033   4.5000000000000000        3.0000000000000000     
        1034   4.6666666666666661        3.0000000000000000     
        1035   4.8333333333333330        3.0000000000000000     
        1036   5.0000000000000000        3.0000000000000000     
        1037  -5.0000000000000000        3.5000000000000000     
        1038  -4.8333333333333330        3.5000000000000000     
        1039  -4.6666666666666661        3.5000000000000000     
        1040  -4.5000000000000000        3.5000000000000000     
        1041  -4.3333333333333330        3.5000000000000000     
        1042  -4.1666666666666661        3.5000000000000000     
        1043  -4.0000000000000000        3.5000000000000000     
        1044  -3.8333333333333330        3.5000000000000000     
        1045  -3.6666666666666665        3.5000000000000000     
        1046  -3.5000000000000000        3.5000000000000000     
        1047  -3.3333333333333330        3.5000000000000000     
        1048  -3.1666666666666665        3.5000000000000000     
        1049  -3.0000000000000000        3.5000000000000000     
        1050  -2.8333333333333330        3.5000000000000000     
        1051  -2.6666666666666665        3.5000000000000000     
        1052  -2.5000000000000000        3.5000000000000000     
        1053  -2.3333333333333330        3.5000000000000000     
        1054  -2.1666666666666665        3.5000000000000000     
        1055  -2.0000000000000000        3.5000000000000000     
        1056  -1.8333333333333333        3.5000000000000000     
        1057  -1.6666666666666665        3.5000000000000000     
        1058  -1.5000000000000000        3.5000000000000000     
        1059  -1.3333333333333333        3.5000000000000000     
        1060  -1.1666666666666665        3.5000000000000000     
        1061  -1.0000000000000000        3.5000000000000000     
        1062 -0.83333333333333326        3.5000000000000000     
        1063 -0.66666666666666663        3.5000000000000000     
        1064 -0.50000000000000000        3.5000000000000000     
        1065 -0.33333333333333331        3.5000000000000000     
        1066 -0.16666666666666666        3.5000000000000000     
        1067   0.0000000000000000        3.5000000000000000     
        1068  0.16666666666666666        3.5000000000000000     
        1069  0.33333333333333331        3.5000000000000000     
        1070  0.50000000000000000        3.5000000000000000     
        1071  0.66666666666666663        3.5000000000000000     
        1072  0.83333333333333326        3.5000000000000000     
        1073   1.0000000000000000        3.5000000000000000     
        1074   1.1666666666666665        3.5000000000000000     
        1075   1.3333333333333333        3.5000000000000000     
        1076   1.5000000000000000        3.5000000000000000     
        1077   1.6666666666666665        3.5000000000000000     
        1078   1.8333333333333333        3.5000000000000000     
        1079   2.0000000000000000        3.5000000000000000     
        1080   2.1666666666666665        3.5000000000000000     
        1081   2.3333333333333330        3.5000000000000000     
        1082   2.5000000000000000        3.5000000000000000     
        1083   2.6666666666666665        3.5000000000000000     
        1084   2.8333333333333330        3.5000000000000000     
        1085   3.0000000000000000        3.5000000000000000     
        1086   3.1666666666666665        3.5000000000000000     
        1087   3.3333333333333330        3.5000000000000000     
        1088   3.5000000000000000        3.5000000000000000     
        1089   3.6666666666666665        3.5000000000000000     
        1090   3.8333333333333330        3.5000000000000000     
        1091   4.0000000000000000        3.5000000000000000     
        1092   4.1666666666666661        3.5000000000000000     
        1093   4.3333333333333330        3.5000000000000000     
        1094   4.5000000000000000        3.5000000000000000     
        1095   4.6666666666666661        3.5000000000000000     
        1096   4.8333333333333330        3.5000000000000000     
        1097   5.0000000000000000        3.5000000000000000     
        1098  -5.0000000000000000        4.0000000000000000     
        1099  -4.8333333333333330        4.0000000000000000     
        1100  -4.6666666666666661        4.0000000000000000     
        1101  -4.5000000000000000        4.0000000000000000     
        1102  -4.3333333333333330        4.0000000000000000     
        1103  -4.1666666666666661        4.0000000000000000     
        1104  -4.0000000000000000        4.0000000000000000     
        1105  -3.8333333333333330        4.0000000000000000     
        1106  -3.6666666666666665        4.0000000000000000     
        1107  -3.5000000000000000        4.0000000000000000     
        1108  -3.3333333333333330        4.0000000000000000     
        1109  -3.1666666666666665        4.0000000000000000     
        1110  -3.0000000000000000        4.0000000000000000     
        1111  -2.8333333333333330        4.0000000000000000     
        1112  -2.6666666666666665        4.0000000000000000     
        1113  -2.5000000000000000        4.0000000000000000     
        1114  -2.3333333333333330        4.0000000000000000     
        1115  -2.1666666666666665        4.0000000000000000     
        1116  -2.0000000000000000        4.0000000000000000     
        1117  -1.8333333333333333        4.0000000000000000     
        1118  -1.6666666666666665        4.0000000000000000     
        1119  -1.5000000000000000        4.0000000000000000     
        1120  -1.3333333333333333        4.0000000000000000     
        1121  -1.1666666666666665        4.0000000000000000     
        1122  -1.0000000000000000        4.0000000000000000     
        1123 -0.83333333333333326        4.0000000000000000     
        1124 -0.66666666666666663        4.0000000000000000     
        1125 -0.50000000000000000        4.0000000000000000     
        1126 -0.33333333333333331        4.0000000000000000     
        1127 -0.16666666666666666        4.0000000000000000     
        1128   0.0000000000000000        4.0000000000000000     
        1129  0.16666666666666666        4.0000000000000000     
        1130  0.33333333333333331        4.0000000000000000     
        1131  0.50000000000000000        4.0000000000000000     
        1132  0.66666666666666663        4.0000000000000000     
        1133  0.83333333333333326        4.0000000000000000     
        1134   1.0000000000000000        4.0000000000000000     
        1135   1.1666666666666665        4.0000000000000000     
        1136   1.3333333333333333        4.0000000000000000     
        1137   1.5000000000000000        4.0000000000000000     
        1138   1.6666666666666665        4.0000000000000000     
        1139   1.8333333333333333        4.0000000000000000     
        1140   2.0000000000000000        4.0000000000000000     
        1141   2.1666666666666665        4.0000000000000000     
        1142   2.3333333333333330        4.0000000000000000     
        1143   2.5000000000000000        4.0000000000000000     
        1144   2.6666666666666665        4.0000000000000000     
        1145   2.8333333333333330        4.0000000000000000     
        1146   3.0000000000000000        4.0000000000000000     
        1147   3.1666666666666665        4.0000000000000000     
        1148   3.3333333333333330        4.0000000000000000     
        1149   3.5000000000000000        4.0000000000000000     
        1150   3.6666666666666665        4.0000000000000000     
        1151   3.8333333333333330        4.0000000000000000     
        1152   4.0000000000000000        4.0000000000000000     
        1153   4.1666666666666661        4.0000000000000000     
        1154   4.3333333333333330        4.0000000000000000     
        1155   4.5000000000000000        4.0000000000000000     
        1156   4.6666666666666661        4.0000000000000000     
        1157   4.8333333333333330        4.0000000000000000     
        1158   5.0000000000000000        4.0000000000000000     
        1159  -5.0000000000000000        4.5000000000000000     
        1160  -4.8333333333333330        4.5000000000000000     
        1161  -4.6666666666666661        4.5000000000000000     
        1162  -4.5000000000000000        4.5000000000000000     
        1163  -4.3333333333333330        4.5000000000000000     
        1164  -4.1666666666666661        4.5000000000000000     
        1165  -4.0000000000000000        4.5000000000000000     
        1166  -3.8333333333333330        4.5000000000000000     
        1167  -3.6666666666666665        4.5000000000000000     
        1168  -3.5000000000000000        4.5000000000000000     
        1169  -3.3333333333333330        4.5000000000000000     
        1170  -3.1666666666666665        4.5000000000000000     
        1171  -3.0000000000000000        4.5000000000000000     
        1172  -2.8333333333333330        4.5000000000000000     
        1173  -2.6666666666666665        4.5000000000000000     
        1174  -2.5000000000000000        4.5000000000000000     
        1175  -2.3333333333333330        4.5000000000000000     
        1176  -2.1666666666666665        4.5000000000000000     
        1177  -2.0000000000000000        4.5000000000000000     
        1178  -1.8333333333333333        4.5000000000000000     
        1179  -1.6666666666666665        4.5000000000000000     
        1180  -1.5000000000000000        4.5000000000000000     
        1181  -1.3333333333333333        4.5000000000000000     
        1182  -1.1666666666666665        4.5000000000000000     
        1183  -1.0000000000000000        4.5000000000000000     
        1184 -0.83333333333333326        4.5000000000000000     
        1185 -0.66666666666666663        4.5000000000000000     
        1186 -0.50000000000000000        4.5000000000000000     
        1187 -0.33333333333333331        4.5000000000000000     
        1188 -0.16666666666666666        4.5000000000000000     
        1189   0.0000000000000000        4.5000000000000000     
        1190  0.16666666666666666        4.5000000000000000     
        1191  0.33333333333333331        4.5000000000000000     
        1192  0.50000000000000000        4.5000000000000000     
        1193  0.66666666666666663        4.5000000000000000     
        1194  0.83333333333333326        4.5000000000000000     
        1195   1.0000000000000000        4.5000000000000000     
        1196   1.1666666666666665        4.5000000000000000     
        1197   1.3333333333333333        4.5000000000000000     
        1198   1.5000000000000000        4.5000000000000000     
        1199   1.6666666666666665        4.5000000000000000     
        1200   1.8333333333333333        4.5000000000000000     
        1201   2.0000000000000000        4.5000000000000000     
        1202   2.1666666666666665        4.5000000000000000     
        1203   2.3333333333333330        4.5000000000000000     
        1204   2.5000000000000000        4.5000000000000000     
        1205   2.6666666666666665        4.5000000000000000     
        1206   2.8333333333333330        4.5000000000000000     
        1207   3.0000000000000000        4.5000000000000000     
        1208   3.1666666666666665        4.5000000000000000     
        1209   3.3333333333333330        4.5000000000000000     
        1210   3.5000000000000000        4.5000000000000000     
        1211   3.6666666666666665        4.5000000000000000     
        1212   3.8333333333333330        4.5000000000000000     
        1213   4.0000000000000000        4.5000000000000000     
        1214   4.1666666666666661        4.5000000000000000     
        1215   4.3333333333333330        4.5000000000000000     
        1216   4.5000000000000000        4.5000000000000000     
        1217   4.6666666666666661        4.5000000000000000     
        1218   4.8333333333333330        4.5000000000000000     
        1219   5.0000000000000000        4.5000000000000000     
        1220  -5.0000000000000000        5.0000000000000000     
        1221  -4.8333333333333330        5.0000000000000000     
        1222  -4.6666666666666661        5.0000000000000000     
        1223  -4.5000000000000000        5.0000000000000000     
        1224  -4.3333333333333330        5.0000000000000000     
        1225  -4.1666666666666661        5.0000000000000000     
        1226  -4.0000000000000000        5.0000000000000000     
        1227  -3.8333333333333330        5.0000000000000000     
        1228  -3.6666666666666665        5.0000000000000000     
        1229  -3.5000000000000000        5.0000000000000000     
        1230  -3.3333333333333330        5.0000000000000000     
        1231  -3.1666666666666665        5.0000000000000000     
        1232  -3.0000000000000000        5.0000000000000000     
        1233  -2.8333333333333330        5.0000000000000000     
        1234  -2.6666666666666665        5.0000000000000000     
        1235  -2.5000000000000000        5.0000000000000000     
        1236  -2.3333333333333330        5.0000000000000000     
        1237  -2.1666666666666665        5.0000000000000000     
        1238  -2.0000000000000000        5.0000000000000000     
        1239  -1.8333333333333333        5.0000000000000000     
        1240  -1.6666666666666665        5.0000000000000000     
        1241  -1.5000000000000000        5.0000000000000000     
        1242  -1.3333333333333333        5.0000000000000000     
        1243  -1.1666666666666665        5.0000000000000000     
        1244  -1.0000000000000000        5.0000000000000000     
        1245 -0.83333333333333326        5.0000000000000000     
        1246 -0.66666666666666663        5.0000000000000000     
        1247 -0.50000000000000000        5.0000000000000000     
        1248 -0.33333333333333331        5.0000000000000000     
        1249 -0.16666666666666666        5.0000000000000000     
        1250   0.0000000000000000        5.0000000000000000     
        1251  0.16666666666666666        5.0000000000000000     
        1252  0.33333333333333331        5.0000000000000000     
        1253  0.50000000000000000        5.0000000000000000     
        1254  0.66666666666666663        5.0000000000000000     
        1255  0.83333333333333326        5.0000000000000000     
        1256   1.0000000000000000        5.0000000000000000     
        1257   1.1666666666666665        5.0000000000000000     
        1258   1.3333333333333333        5.0000000000000000     
        1259   1.5000000000000000        5.0000000000000000     
        1260   1.6666666666666665        5.0000000000000000     
        1261   1.8333333333333333        5.0000000000000000     
        1262   2.0000000000000000        5.0000000000000000     
        1263   2.1666666666666665        5.0000000000000000     
        1264   2.3333333333333330        5.0000000000000000     
        1265   2.5000000000000000        5.0000000000000000     
        1266   2.6666666666666665        5.0000000000000000     
        1267   2.8333333333333330        5.0000000000000000     
        1268   3.0000000000000000        5.0000000000000000     
        1269   3.1666666666666665        5.0000000000000000     
        1270   3.3333333333333330        5.0000000000000000     
        1271   3.5000000000000000        5.0000000000000000     
        1272   3.6666666666666665        5.0000000000000000     
        1273   3.8333333333333330        5.0000000000000000     
        1274   4.0000000000000000        5.0000000000000000     
        1275   4.1666666666666661        5.0000000000000000     
        1276   4.3333333333333330        5.0000000000000000     
        1277   4.5000000000000000        5.0000000000000000     
        1278   4.6666666666666661        5.0000000000000000     
        1279   4.8333333333333330        5.0000000000000000     
        1280   5.0000000000000000        5.0000000000000000     
