           0  -4.0000000000000000       -4.0000000000000000     
           1  -3.8333333333333330       -4.0000000000000000     
           2  -3.6666666666666665       -4.0000000000000000     
           3  -3.5000000000000000       -4.0000000000000000     
           4  -3.3333333333333330       -4.0000000000000000     
           5  -3.1666666666666665       -4.0000000000000000     
           6  -3.0000000000000000       -4.0000000000000000     
           7  -2.8333333333333330       -4.0000000000000000     
           8  -2.6666666666666665       -4.0000000000000000     
           9  -2.5000000000000000       -4.0000000000000000     
          10  -2.3333333333333330       -4.0000000000000000     
          11  -2.1666666666666665       -4.0000000000000000     
          12  -2.0000000000000000       -4.0000000000000000     
          13  -1.8333333333333333       -4.0000000000000000     
          14  -1.6666666666666665       -4.0000000000000000     
          15  -1.5000000000000000       -4.0000000000000000     
          16  -1.3333333333333333       -4.0000000000000000     
          17  -1.1666666666666665       -4.0000000000000000     
          18  -1.0000000000000000       -4.0000000000000000     
          19 -0.83333333333333326       -4.0000000000000000     
          20 -0.66666666666666663       -4.0000000000000000     
          21 -0.50000000000000000       -4.0000000000000000     
          22 -0.33333333333333331       -4.0000000000000000     
          23 -0.16666666666666666       -4.0000000000000000     
          24   0.0000000000000000       -4.0000000000000000     
          25  0.33333333333333331       -4.0000000000000000     
          26  0.50000000000000000       -4.0000000000000000     
          27  0.66666666666666663       -4.0000000000000000     
          28  0.83333333333333326       -4.0000000000000000     
          29   1.0000000000000000       -4.0000000000000000     
          30   1.1666666666666665       -4.0000000000000000     
          31   1.3333333333333333       -4.0000000000000000     
          32   1.5000000000000000       -4.0000000000000000     
          33   1.6666666666666665       -4.0000000000000000     
          34   1.8333333333333333       -4.0000000000000000     
          35   2.0000000000000000       -4.0000000000000000     
          36   2.1666666666666665       -4.0000000000000000     
          37   2.3333333333333330       -4.0000000000000000     
          38   2.5000000000000000       -4.0000000000000000     
          39   2.6666666666666665       -4.0000000000000000     
          40   2.8333333333333330       -4.0000000000000000     
          41   3.0000000000000000       -4.0000000000000000     
          42   3.1666666666666665       -4.0000000000000000     
          43   3.3333333333333330       -4.0000000000000000     
          44   3.5000000000000000       -4.0000000000000000     
          45   3.6666666666666665       -4.0000000000000000     
          46  -4.6666666666666661       -3.5000000000000000     
          47  -4.5000000000000000       -3.5000000000000000     
          48  -4.3333333333333330       -3.5000000000000000     
          49  -4.1666666666666661       -3.5000000000000000     
          50  -4.0000000000000000       -3.5000000000000000     
          51  -3.8333333333333330       -3.5000000000000000     
          52  -3.6666666666666665       -3.5000000000000000     
          53  -3.5000000000000000       -3.5000000000000000     
          54  -3.3333333333333330       -3.5000000000000000     
          55  -3.1666666666666665       -3.5000000000000000     
          56  -3.0000000000000000       -3.5000000000000000     
          57  -2.8333333333333330       -3.5000000000000000     
          58  -2.6666666666666665       -3.5000000000000000     
          59  -2.5000000000000000       -3.5000000000000000     
          60  -2.3333333333333330       -3.5000000000000000     
          61  -2.1666666666666665       -3.5000000000000000     
          62  -2.0000000000000000       -3.5000000000000000     
          63  -1.8333333333333333       -3.5000000000000000     
          64  -1.6666666666666665       -3.5000000000000000     
          65  -1.5000000000000000       -3.5000000000000000     
          66  -1.3333333333333333       -3.5000000000000000     
          67  -1.1666666666666665       -3.5000000000000000     
          68  -1.0000000000000000       -3.5000000000000000     
          69 -0.83333333333333326       -3.5000000000000000     
          70 -0.66666666666666663       -3.5000000000000000     
          71 -0.50000000000000000       -3.5000000000000000     
          72 -0.33333333333333331       -3.5000000000000000     
          73 -0.16666666666666666       -3.5000000000000000     
          74   0.0000000000000000       -3.5000000000000000     
          75  0.16666666666666666       -3.5000000000000000     
          76  0.33333333333333331       -3.5000000000000000     
          77  0.50000000000000000       -3.5000000000000000     
          78  0.66666666666666663       -3.5000000000000000     
          79  0.83333333333333326       -3.5000000000000000     
          80   1.0000000000000000       -3.5000000000000000     
          81   1.1666666666666665       -3.5000000000000000     
          82   1.3333333333333333       -3.5000000000000000     
          83   1.5000000000000000       -3.5000000000000000     
          84   1.6666666666666665       -3.5000000000000000     
          85   1.8333333333333333       -3.5000000000000000     
          86   2.0000000000000000       -3.5000000000000000     
          87   2.1666666666666665       -3.5000000000000000     
          88   2.3333333333333330       -3.5000000000000000     
          89   2.5000000000000000       -3.5000000000000000     
          90   2.6666666666666665       -3.5000000000000000     
          91   2.8333333333333330       -3.5000000000000000     
          92   3.0000000000000000       -3.5000000000000000     
          93   3.1666666666666665       -3.5000000000000000     
          94   3.3333333333333330       -3.5000000000000000     
          95   3.5000000000000000       -3.5000000000000000     
          96   3.6666666666666665       -3.5000000000000000     
          97   3.8333333333333330       -3.5000000000000000     
          98   4.0000000000000000       -3.5000000000000000     
          99   4.1666666666666661       -3.5000000000000000     
         100   4.3333333333333330       -3.5000000000000000     
         101   4.5000000000000000       -3.5000000000000000     
         102  -5.0000000000000000       -3.0000000000000000     
         103  -4.8333333333333330       -3.0000000000000000     
         104  -4.6666666666666661       -3.0000000000000000     
         105  -4.5000000000000000       -3.0000000000000000     
         106  -4.3333333333333330       -3.0000000000000000     
         107  -4.1666666666666661       -3.0000000000000000     
         108  -4.0000000000000000       -3.0000000000000000     
         109  -3.8333333333333330       -3.0000000000000000     
         110  -3.6666666666666665       -3.0000000000000000     
         111  -3.5000000000000000       -3.0000000000000000     
         112  -3.3333333333333330       -3.0000000000000000     
         113  -3.1666666666666665       -3.0000000000000000     
         114  -3.0000000000000000       -3.0000000000000000     
         115  -2.8333333333333330       -3.0000000000000000     
         116  -2.6666666666666665       -3.0000000000000000     
         117  -2.5000000000000000       -3.0000000000000000     
         118  -2.3333333333333330       -3.0000000000000000     
         119  -2.1666666666666665       -3.0000000000000000     
         120  -2.0000000000000000       -3.0000000000000000     
         121  -1.8333333333333333       -3.0000000000000000     
         122  -1.6666666666666665       -3.0000000000000000     
         123  -1.5000000000000000       -3.0000000000000000     
         124  -1.3333333333333333       -3.0000000000000000     
         125  -1.1666666666666665       -3.0000000000000000     
         126  -1.0000000000000000       -3.0000000000000000     
         127 -0.83333333333333326       -3.0000000000000000     
         128 -0.66666666666666663       -3.0000000000000000     
         129 -0.50000000000000000       -3.0000000000000000     
         130 -0.33333333333333331       -3.0000000000000000     
         131 -0.16666666666666666       -3.0000000000000000     
         132   0.0000000000000000       -3.0000000000000000     
         133  0.16666666666666666       -3.0000000000000000     
         134  0.33333333333333331       -3.0000000000000000     
         135  0.50000000000000000       -3.0000000000000000     
         136  0.66666666666666663       -3.0000000000000000     
         137  0.83333333333333326       -3.0000000000000000     
         138   1.0000000000000000       -3.0000000000000000     
         139   1.1666666666666665       -3.0000000000000000     
         140   1.3333333333333333       -3.0000000000000000     
         141   1.5000000000000000       -3.0000000000000000     
         142   1.6666666666666665       -3.0000000000000000     
         143   1.8333333333333333       -3.0000000000000000     
         144   2.0000000000000000       -3.0000000000000000     
         145   2.1666666666666665       -3.0000000000000000     
         146   2.3333333333333330       -3.0000000000000000     
         147   2.5000000000000000       -3.0000000000000000     
         148   2.6666666666666665       -3.0000000000000000     
         149   2.8333333333333330       -3.0000000000000000     
         150   3.0000000000000000       -3.0000000000000000     
         151   3.1666666666666665       -3.0000000000000000     
         152   3.3333333333333330       -3.0000000000000000     
         153   3.5000000000000000       -3.0000000000000000     
         154   3.6666666666666665       -3.0000000000000000     
         155   3.8333333333333330       -3.0000000000000000     
         156   4.0000000000000000       -3.0000000000000000     
         157   4.1666666666666661       -3.0000000000000000     
         158   4.3333333333333330       -3.0000000000000000     
         159   4.5000000000000000       -3.0000000000000000     
         160   4.6666666666666661       -3.0000000000000000     
         161   4.8333333333333330       -3.0000000000000000     
         162   5.0000000000000000       -3.0000000000000000     
         163  -5.0000000000000000       -2.5000000000000000     
         164  -4.8333333333333330       -2.5000000000000000     
         165  -4.6666666666666661       -2.5000000000000000     
         166  -4.5000000000000000       -2.5000000000000000     
         167  -4.3333333333333330       -2.5000000000000000     
         168  -4.1666666666666661       -2.5000000000000000     
         169  -4.0000000000000000       -2.5000000000000000     
         170  -3.8333333333333330       -2.5000000000000000     
         171  -3.6666666666666665       -2.5000000000000000     
         172  -3.5000000000000000       -2.5000000000000000     
         173  -3.3333333333333330       -2.5000000000000000     
         174  -3.1666666666666665       -2.5000000000000000     
         175  -3.0000000000000000       -2.5000000000000000     
         176  -2.8333333333333330       -2.5000000000000000     
         177  -2.6666666666666665       -2.5000000000000000     
         178  -2.5000000000000000       -2.5000000000000000     
         179  -2.3333333333333330       -2.5000000000000000     
         180  -2.1666666666666665       -2.5000000000000000     
         181  -2.0000000000000000       -2.5000000000000000     
         182  -1.8333333333333333       -2.5000000000000000     
         183  -1.6666666666666665       -2.5000000000000000     
         184  -1.5000000000000000       -2.5000000000000000     
         185  -1.3333333333333333       -2.5000000000000000     
         186  -1.1666666666666665       -2.5000000000000000     
         187  -1.0000000000000000       -2.5000000000000000     
         188 -0.83333333333333326       -2.5000000000000000     
         189 -0.66666666666666663       -2.5000000000000000     
         190 -0.50000000000000000       -2.5000000000000000     
         191 -0.33333333333333331       -2.5000000000000000     
         192 -0.16666666666666666       -2.5000000000000000     
         193   0.0000000000000000       -2.5000000000000000     
         194  0.16666666666666666       -2.5000000000000000     
         195  0.33333333333333331       -2.5000000000000000     
         196  0.50000000000000000       -2.5000000000000000     
         197  0.66666666666666663       -2.5000000000000000     
         198  0.83333333333333326       -2.5000000000000000     
         199   1.0000000000000000       -2.5000000000000000     
         200   1.1666666666666665       -2.5000000000000000     
         201   1.3333333333333333       -2.5000000000000000     
         202   1.5000000000000000       -2.5000000000000000     
         203   1.6666666666666665       -2.5000000000000000     
         204   1.8333333333333333       -2.5000000000000000     
         205   2.0000000000000000       -2.5000000000000000     
         206   2.1666666666666665       -2.5000000000000000     
         207   2.3333333333333330       -2.5000000000000000     
         208   2.5000000000000000       -2.5000000000000000     
         209   2.6666666666666665       -2.5000000000000000     
         210   2.8333333333333330       -2.5000000000000000     
         211   3.0000000000000000       -2.5000000000000000     
         212   3.1666666666666665       -2.5000000000000000     
         213   3.3333333333333330       -2.5000000000000000     
         214   3.5000000000000000       -2.5000000000000000     
         215   3.6666666666666665       -2.5000000000000000     
         216   3.8333333333333330       -2.5000000000000000     
         217   4.0000000000000000       -2.5000000000000000     
         218   4.1666666666666661       -2.5000000000000000     
         219   4.3333333333333330       -2.5000000000000000     
         220   4.5000000000000000       -2.5000000000000000     
         221   4.6666666666666661       -2.5000000000000000     
         222   4.8333333333333330       -2.5000000000000000     
         223   5.0000000000000000       -2.5000000000000000     
         224  -5.0000000000000000       -2.0000000000000000     
         225  -4.8333333333333330       -2.0000000000000000     
         226  -4.6666666666666661       -2.0000000000000000     
         227  -4.5000000000000000       -2.0000000000000000     
         228  -4.3333333333333330       -2.0000000000000000     
         229  -4.1666666666666661       -2.0000000000000000     
         230  -4.0000000000000000       -2.0000000000000000     
         231  -3.8333333333333330       -2.0000000000000000     
         232  -3.6666666666666665       -2.0000000000000000     
         233  -3.5000000000000000       -2.0000000000000000     
         234  -3.3333333333333330       -2.0000000000000000     
         235  -3.1666666666666665       -2.0000000000000000     
         236  -3.0000000000000000       -2.0000000000000000     
         237  -2.8333333333333330       -2.0000000000000000     
         238  -2.6666666666666665       -2.0000000000000000     
         239  -2.5000000000000000       -2.0000000000000000     
         240  -2.3333333333333330       -2.0000000000000000     
         241  -2.1666666666666665       -2.0000000000000000     
         242  -2.0000000000000000       -2.0000000000000000     
         243  -1.8333333333333333       -2.0000000000000000     
         244  -1.6666666666666665       -2.0000000000000000     
         245  -1.5000000000000000       -2.0000000000000000     
         246  -1.3333333333333333       -2.0000000000000000     
         247  -1.1666666666666665       -2.0000000000000000     
         248  -1.0000000000000000       -2.0000000000000000     
         249 -0.83333333333333326       -2.0000000000000000     
         250 -0.66666666666666663       -2.0000000000000000     
         251 -0.50000000000000000       -2.0000000000000000     
         252 -0.33333333333333331       -2.0000000000000000     
         253 -0.16666666666666666       -2.0000000000000000     
         254   0.0000000000000000       -2.0000000000000000     
         255  0.16666666666666666       -2.0000000000000000     
         256  0.33333333333333331       -2.0000000000000000     
         257  0.50000000000000000       -2.0000000000000000     
         258  0.66666666666666663       -2.0000000000000000     
         259  0.83333333333333326       -2.0000000000000000     
         260   1.0000000000000000       -2.0000000000000000     
         261   1.1666666666666665       -2.0000000000000000     
         262   1.3333333333333333       -2.0000000000000000     
         263   1.5000000000000000       -2.0000000000000000     
         264   1.6666666666666665       -2.0000000000000000     
         265   1.8333333333333333       -2.0000000000000000     
         266   2.0000000000000000       -2.0000000000000000     
         267   2.1666666666666665       -2.0000000000000000     
         268   2.3333333333333330       -2.0000000000000000     
         269   2.5000000000000000       -2.0000000000000000     
         270   2.6666666666666665       -2.0000000000000000     
         271   2.8333333333333330       -2.0000000000000000     
         272   3.0000000000000000       -2.0000000000000000     
         273   3.1666666666666665       -2.0000000000000000     
         274   3.3333333333333330       -2.0000000000000000     
         275   3.5000000000000000       -2.0000000000000000     
         276   3.6666666666666665       -2.0000000000000000     
         277   3.8333333333333330       -2.0000000000000000     
         278   4.0000000000000000       -2.0000000000000000     
         279   4.1666666666666661       -2.0000000000000000     
         280   4.3333333333333330       -2.0000000000000000     
         281   4.5000000000000000       -2.0000000000000000     
         282   4.6666666666666661       -2.0000000000000000     
         283   4.8333333333333330       -2.0000000000000000     
         284   5.0000000000000000       -2.0000000000000000     
         285  -5.0000000000000000       -1.5000000000000000     
         286  -4.8333333333333330       -1.5000000000000000     
         287  -4.6666666666666661       -1.5000000000000000     
         288  -4.5000000000000000       -1.5000000000000000     
         289  -4.3333333333333330       -1.5000000000000000     
         290  -4.1666666666666661       -1.5000000000000000     
         291  -4.0000000000000000       -1.5000000000000000     
         292  -3.8333333333333330       -1.5000000000000000     
         293  -3.6666666666666665       -1.5000000000000000     
         294  -3.5000000000000000       -1.5000000000000000     
         295  -3.3333333333333330       -1.5000000000000000     
         296  -3.1666666666666665       -1.5000000000000000     
         297  -3.0000000000000000       -1.5000000000000000     
         298  -2.8333333333333330       -1.5000000000000000     
         299  -2.6666666666666665       -1.5000000000000000     
         300  -2.5000000000000000       -1.5000000000000000     
         301  -2.3333333333333330       -1.5000000000000000     
         302  -2.1666666666666665       -1.5000000000000000     
         303  -2.0000000000000000       -1.5000000000000000     
         304  -1.8333333333333333       -1.5000000000000000     
         305  -1.6666666666666665       -1.5000000000000000     
         306  -1.5000000000000000       -1.5000000000000000     
         307  -1.3333333333333333       -1.5000000000000000     
         308  -1.1666666666666665       -1.5000000000000000     
         309  -1.0000000000000000       -1.5000000000000000     
         310 -0.83333333333333326       -1.5000000000000000     
         311 -0.66666666666666663       -1.5000000000000000     
         312 -0.50000000000000000       -1.5000000000000000     
         313 -0.33333333333333331       -1.5000000000000000     
         314 -0.16666666666666666       -1.5000000000000000     
         315   0.0000000000000000       -1.5000000000000000     
         316  0.16666666666666666       -1.5000000000000000     
         317  0.33333333333333331       -1.5000000000000000     
         318  0.50000000000000000       -1.5000000000000000     
         319  0.66666666666666663       -1.5000000000000000     
         320  0.83333333333333326       -1.5000000000000000     
         321   1.0000000000000000       -1.5000000000000000     
         322   1.1666666666666665       -1.5000000000000000     
         323   1.3333333333333333       -1.5000000000000000     
         324   1.5000000000000000       -1.5000000000000000     
         325   1.6666666666666665       -1.5000000000000000     
         326   1.8333333333333333       -1.5000000000000000     
         327   2.0000000000000000       -1.5000000000000000     
         328   2.1666666666666665       -1.5000000000000000     
         329   2.3333333333333330       -1.5000000000000000     
         330   2.5000000000000000       -1.5000000000000000     
         331   2.6666666666666665       -1.5000000000000000     
         332   2.8333333333333330       -1.5000000000000000     
         333   3.0000000000000000       -1.5000000000000000     
         334   3.1666666666666665       -1.5000000000000000     
         335   3.3333333333333330       -1.5000000000000000     
         336   3.5000000000000000       -1.5000000000000000     
         337   3.6666666666666665       -1.5000000000000000     
         338   3.8333333333333330       -1.5000000000000000     
         339   4.0000000000000000       -1.5000000000000000     
         340   4.1666666666666661       -1.5000000000000000     
         341   4.3333333333333330       -1.5000000000000000     
         342   4.5000000000000000       -1.5000000000000000     
         343   4.6666666666666661       -1.5000000000000000     
         344   4.8333333333333330       -1.5000000000000000     
         345   5.0000000000000000       -1.5000000000000000     
         346  -5.0000000000000000       -1.0000000000000000     
         347  -4.8333333333333330       -1.0000000000000000     
         348  -4.6666666666666661       -1.0000000000000000     
         349  -4.5000000000000000       -1.0000000000000000     
         350  -4.3333333333333330       -1.0000000000000000     
         351  -4.1666666666666661       -1.0000000000000000     
         352  -4.0000000000000000       -1.0000000000000000     
         353  -3.8333333333333330       -1.0000000000000000     
         354  -3.6666666666666665       -1.0000000000000000     
         355  -3.5000000000000000       -1.0000000000000000     
         356  -3.3333333333333330       -1.0000000000000000     
         357  -3.1666666666666665       -1.0000000000000000     
         358  -3.0000000000000000       -1.0000000000000000     
         359  -2.8333333333333330       -1.0000000000000000     
         360  -2.6666666666666665       -1.0000000000000000     
         361  -2.5000000000000000       -1.0000000000000000     
         362  -2.3333333333333330       -1.0000000000000000     
         363  -2.1666666666666665       -1.0000000000000000     
         364  -2.0000000000000000       -1.0000000000000000     
         365  -1.8333333333333333       -1.0000000000000000     
         366  -1.6666666666666665       -1.0000000000000000     
         367  -1.5000000000000000       -1.0000000000000000     
         368  -1.3333333333333333       -1.0000000000000000     
         369  -1.1666666666666665       -1.0000000000000000     
         370  -1.0000000000000000       -1.0000000000000000     
         371 -0.83333333333333326       -1.0000000000000000     
         372 -0.66666666666666663       -1.0000000000000000     
         373 -0.50000000000000000       -1.0000000000000000     
         374 -0.33333333333333331       -1.0000000000000000     
         375 -0.16666666666666666       -1.0000000000000000     
         376   0.0000000000000000       -1.0000000000000000     
         377  0.16666666666666666       -1.0000000000000000     
         378  0.33333333333333331       -1.0000000000000000     
         379  0.50000000000000000       -1.0000000000000000     
         380  0.66666666666666663       -1.0000000000000000     
         381  0.83333333333333326       -1.0000000000000000     
         382   1.0000000000000000       -1.0000000000000000     
         383   1.1666666666666665       -1.0000000000000000     
         384   1.3333333333333333       -1.0000000000000000     
         385   1.5000000000000000       -1.0000000000000000     
         386   1.6666666666666665       -1.0000000000000000     
         387   1.8333333333333333       -1.0000000000000000     
         388   2.0000000000000000       -1.0000000000000000     
         389   2.1666666666666665       -1.0000000000000000     
         390   2.3333333333333330       -1.0000000000000000     
         391   2.5000000000000000       -1.0000000000000000     
         392   2.6666666666666665       -1.0000000000000000     
         393   2.8333333333333330       -1.0000000000000000     
         394   3.0000000000000000       -1.0000000000000000     
         395   3.1666666666666665       -1.0000000000000000     
         396   3.3333333333333330       -1.0000000000000000     
         397   3.5000000000000000       -1.0000000000000000     
         398   3.6666666666666665       -1.0000000000000000     
         399   3.8333333333333330       -1.0000000000000000     
         400   4.0000000000000000       -1.0000000000000000     
         401   4.1666666666666661       -1.0000000000000000     
         402   4.3333333333333330       -1.0000000000000000     
         403   4.5000000000000000       -1.0000000000000000     
         404   4.6666666666666661       -1.0000000000000000     
         405   4.8333333333333330       -1.0000000000000000     
         406   5.0000000000000000       -1.0000000000000000     
         407  -5.0000000000000000      -0.50000000000000000     
         408  -4.8333333333333330      -0.50000000000000000     
         409  -4.6666666666666661      -0.50000000000000000     
         410  -4.5000000000000000      -0.50000000000000000     
         411  -4.3333333333333330      -0.50000000000000000     
         412  -4.1666666666666661      -0.50000000000000000     
         413  -4.0000000000000000      -0.50000000000000000     
         414  -3.8333333333333330      -0.50000000000000000     
         415  -3.6666666666666665      -0.50000000000000000     
         416  -3.5000000000000000      -0.50000000000000000     
         417  -3.3333333333333330      -0.50000000000000000     
         418  -3.1666666666666665      -0.50000000000000000     
         419  -3.0000000000000000      -0.50000000000000000     
         420  -2.8333333333333330      -0.50000000000000000     
         421  -2.6666666666666665      -0.50000000000000000     
         422  -2.5000000000000000      -0.50000000000000000     
         423  -2.3333333333333330      -0.50000000000000000     
         424  -2.1666666666666665      -0.50000000000000000     
         425  -2.0000000000000000      -0.50000000000000000     
         426  -1.8333333333333333      -0.50000000000000000     
         427  -1.6666666666666665      -0.50000000000000000     
         428  -1.5000000000000000      -0.50000000000000000     
         429  -1.3333333333333333      -0.50000000000000000     
         430  -1.1666666666666665      -0.50000000000000000     
         431  -1.0000000000000000      -0.50000000000000000     
         432 -0.83333333333333326      -0.50000000000000000     
         433 -0.66666666666666663      -0.50000000000000000     
         434 -0.50000000000000000      -0.50000000000000000     
         435 -0.33333333333333331      -0.50000000000000000     
         436 -0.16666666666666666      -0.50000000000000000     
         437   0.0000000000000000      -0.50000000000000000     
         438  0.16666666666666666      -0.50000000000000000     
         439  0.33333333333333331      -0.50000000000000000     
         440  0.50000000000000000      -0.50000000000000000     
         441  0.66666666666666663      -0.50000000000000000     
         442  0.83333333333333326      -0.50000000000000000     
         443   1.0000000000000000      -0.50000000000000000     
         444   1.1666666666666665      -0.50000000000000000     
         445   1.3333333333333333      -0.50000000000000000     
         446   1.5000000000000000      -0.50000000000000000     
         447   1.6666666666666665      -0.50000000000000000     
         448   1.8333333333333333      -0.50000000000000000     
         449   2.0000000000000000      -0.50000000000000000     
         450   2.1666666666666665      -0.50000000000000000     
         451   2.3333333333333330      -0.50000000000000000     
         452   2.5000000000000000      -0.50000000000000000     
         453   2.6666666666666665      -0.50000000000000000     
         454   2.8333333333333330      -0.50000000000000000     
         455   3.0000000000000000      -0.50000000000000000     
         456   3.1666666666666665      -0.50000000000000000     
         457   3.3333333333333330      -0.50000000000000000     
         458   3.5000000000000000      -0.50000000000000000     
         459   3.6666666666666665      -0.50000000000000000     
         460   3.8333333333333330      -0.50000000000000000     
         461   4.0000000000000000      -0.50000000000000000     
         462   4.1666666666666661      -0.50000000000000000     
         463   4.3333333333333330      -0.50000000000000000     
         464   4.5000000000000000      -0.50000000000000000     
         465   4.6666666666666661      -0.50000000000000000     
         466   4.8333333333333330      -0.50000000000000000     
         467   5.0000000000000000      -0.50000000000000000     
         468  -5.0000000000000000        0.0000000000000000     
         469  -4.8333333333333330        0.0000000000000000     
         470  -4.6666666666666661        0.0000000000000000     
         471  -4.5000000000000000        0.0000000000000000     
         472  -4.3333333333333330        0.0000000000000000     
         473  -4.1666666666666661        0.0000000000000000     
         474  -4.0000000000000000        0.0000000000000000     
         475  -3.8333333333333330        0.0000000000000000     
         476  -3.6666666666666665        0.0000000000000000     
         477  -3.5000000000000000        0.0000000000000000     
         478  -3.3333333333333330        0.0000000000000000     
         479  -3.1666666666666665        0.0000000000000000     
         480  -3.0000000000000000        0.0000000000000000     
         481  -2.8333333333333330        0.0000000000000000     
         482  -2.6666666666666665        0.0000000000000000     
         483  -2.5000000000000000        0.0000000000000000     
         484  -2.3333333333333330        0.0000000000000000     
         485  -2.1666666666666665        0.0000000000000000     
         486  -2.0000000000000000        0.0000000000000000     
         487  -1.8333333333333333        0.0000000000000000     
         488  -1.6666666666666665        0.0000000000000000     
         489  -1.5000000000000000        0.0000000000000000     
         490  -1.3333333333333333        0.0000000000000000     
         491  -1.1666666666666665        0.0000000000000000     
         492  -1.0000000000000000        0.0000000000000000     
         493 -0.83333333333333326        0.0000000000000000     
         494 -0.66666666666666663        0.0000000000000000     
         495 -0.50000000000000000        0.0000000000000000     
         496 -0.33333333333333331        0.0000000000000000     
         497 -0.16666666666666666        0.0000000000000000     
         498   0.0000000000000000        0.0000000000000000     
         499  0.16666666666666666        0.0000000000000000     
         500  0.33333333333333331        0.0000000000000000     
         501  0.50000000000000000        0.0000000000000000     
         502  0.66666666666666663        0.0000000000000000     
         503  0.83333333333333326        0.0000000000000000     
         504   1.0000000000000000        0.0000000000000000     
         505   1.1666666666666665        0.0000000000000000     
         506   1.3333333333333333        0.0000000000000000     
         507   1.5000000000000000        0.0000000000000000     
         508   1.6666666666666665        0.0000000000000000     
         509   1.8333333333333333        0.0000000000000000     
         510   2.0000000000000000        0.0000000000000000     
         511   2.1666666666666665        0.0000000000000000     
         512   2.3333333333333330        0.0000000000000000     
         513   2.5000000000000000        0.0000000000000000     
         514   2.6666666666666665        0.0000000000000000     
         515   2.8333333333333330        0.0000000000000000     
         516   3.0000000000000000        0.0000000000000000     
         517   3.1666666666666665        0.0000000000000000     
         518   3.3333333333333330        0.0000000000000000     
         519   3.5000000000000000        0.0000000000000000     
         520   3.6666666666666665        0.0000000000000000     
         521   3.8333333333333330        0.0000000000000000     
         522   4.0000000000000000        0.0000000000000000     
         523   4.1666666666666661        0.0000000000000000     
         524   4.3333333333333330        0.0000000000000000     
         525   4.5000000000000000        0.0000000000000000     
         526   4.6666666666666661        0.0000000000000000     
         527   4.8333333333333330        0.0000000000000000     
         528   5.0000000000000000        0.0000000000000000     
         529  -5.0000000000000000       0.50000000000000000     
         530  -4.8333333333333330       0.50000000000000000     
         531  -4.6666666666666661       0.50000000000000000     
         532  -4.5000000000000000       0.50000000000000000     
         533  -4.3333333333333330       0.50000000000000000     
         534  -4.1666666666666661       0.50000000000000000     
         535  -4.0000000000000000       0.50000000000000000     
         536  -3.8333333333333330       0.50000000000000000     
         537  -3.6666666666666665       0.50000000000000000     
         538  -3.5000000000000000       0.50000000000000000     
         539  -3.3333333333333330       0.50000000000000000     
         540  -3.1666666666666665       0.50000000000000000     
         541  -3.0000000000000000       0.50000000000000000     
         542  -2.8333333333333330       0.50000000000000000     
         543  -2.6666666666666665       0.50000000000000000     
         544  -2.5000000000000000       0.50000000000000000     
         545  -2.3333333333333330       0.50000000000000000     
         546  -2.1666666666666665       0.50000000000000000     
         547  -2.0000000000000000       0.50000000000000000     
         548  -1.8333333333333333       0.50000000000000000     
         549  -1.6666666666666665       0.50000000000000000     
         550  -1.5000000000000000       0.50000000000000000     
         551  -1.3333333333333333       0.50000000000000000     
         552  -1.1666666666666665       0.50000000000000000     
         553  -1.0000000000000000       0.50000000000000000     
         554 -0.83333333333333326       0.50000000000000000     
         555 -0.66666666666666663       0.50000000000000000     
         556 -0.50000000000000000       0.50000000000000000     
         557 -0.33333333333333331       0.50000000000000000     
         558 -0.16666666666666666       0.50000000000000000     
         559   0.0000000000000000       0.50000000000000000     
         560  0.16666666666666666       0.50000000000000000     
         561  0.33333333333333331       0.50000000000000000     
         562  0.50000000000000000       0.50000000000000000     
         563  0.66666666666666663       0.50000000000000000     
         564  0.83333333333333326       0.50000000000000000     
         565   1.0000000000000000       0.50000000000000000     
         566   1.1666666666666665       0.50000000000000000     
         567   1.3333333333333333       0.50000000000000000     
         568   1.5000000000000000       0.50000000000000000     
         569   1.6666666666666665       0.50000000000000000     
         570   1.8333333333333333       0.50000000000000000     
         571   2.0000000000000000       0.50000000000000000     
         572   2.1666666666666665       0.50000000000000000     
         573   2.3333333333333330       0.50000000000000000     
         574   2.5000000000000000       0.50000000000000000     
         575   2.6666666666666665       0.50000000000000000     
         576   2.8333333333333330       0.50000000000000000     
         577   3.0000000000000000       0.50000000000000000     
         578   3.1666666666666665       0.50000000000000000     
         579   3.3333333333333330       0.50000000000000000     
         580   3.5000000000000000       0.50000000000000000     
         581   3.6666666666666665       0.50000000000000000     
         582   3.8333333333333330       0.50000000000000000     
         583   4.0000000000000000       0.50000000000000000     
         584   4.1666666666666661       0.50000000000000000     
         585   4.3333333333333330       0.50000000000000000     
         586   4.5000000000000000       0.50000000000000000     
         587   4.6666666666666661       0.50000000000000000     
         588   4.8333333333333330       0.50000000000000000     
         589   5.0000000000000000       0.50000000000000000     
         590  -5.0000000000000000        1.0000000000000000     
         591  -4.8333333333333330        1.0000000000000000     
         592  -4.6666666666666661        1.0000000000000000     
         593  -4.5000000000000000        1.0000000000000000     
         594  -4.3333333333333330        1.0000000000000000     
         595  -4.1666666666666661        1.0000000000000000     
         596  -4.0000000000000000        1.0000000000000000     
         597  -3.8333333333333330        1.0000000000000000     
         598  -3.6666666666666665        1.0000000000000000     
         599  -3.5000000000000000        1.0000000000000000     
         600  -3.3333333333333330        1.0000000000000000     
         601  -3.1666666666666665        1.0000000000000000     
         602  -3.0000000000000000        1.0000000000000000     
         603  -2.8333333333333330        1.0000000000000000     
         604  -2.6666666666666665        1.0000000000000000     
         605  -2.5000000000000000        1.0000000000000000     
         606  -2.3333333333333330        1.0000000000000000     
         607  -2.1666666666666665        1.0000000000000000     
         608  -2.0000000000000000        1.0000000000000000     
         609  -1.8333333333333333        1.0000000000000000     
         610  -1.6666666666666665        1.0000000000000000     
         611  -1.5000000000000000        1.0000000000000000     
         612  -1.3333333333333333        1.0000000000000000     
         613  -1.1666666666666665        1.0000000000000000     
         614  -1.0000000000000000        1.0000000000000000     
         615 -0.83333333333333326        1.0000000000000000     
         616 -0.66666666666666663        1.0000000000000000     
         617 -0.50000000000000000        1.0000000000000000     
         618 -0.33333333333333331        1.0000000000000000     
         619 -0.16666666666666666        1.0000000000000000     
         620   0.0000000000000000        1.0000000000000000     
         621  0.16666666666666666        1.0000000000000000     
         622  0.33333333333333331        1.0000000000000000     
         623  0.50000000000000000        1.0000000000000000     
         624  0.66666666666666663        1.0000000000000000     
         625  0.83333333333333326        1.0000000000000000     
         626   1.0000000000000000        1.0000000000000000     
         627   1.1666666666666665        1.0000000000000000     
         628   1.3333333333333333        1.0000000000000000     
         629   1.5000000000000000        1.0000000000000000     
         630   1.6666666666666665        1.0000000000000000     
         631   1.8333333333333333        1.0000000000000000     
         632   2.0000000000000000        1.0000000000000000     
         633   2.1666666666666665        1.0000000000000000     
         634   2.3333333333333330        1.0000000000000000     
         635   2.5000000000000000        1.0000000000000000     
         636   2.6666666666666665        1.0000000000000000     
         637   2.8333333333333330        1.0000000000000000     
         638   3.0000000000000000        1.0000000000000000     
         639   3.1666666666666665        1.0000000000000000     
         640   3.3333333333333330        1.0000000000000000     
         641   3.5000000000000000        1.0000000000000000     
         642   3.6666666666666665        1.0000000000000000     
         643   3.8333333333333330        1.0000000000000000     
         644   4.0000000000000000        1.0000000000000000     
         645   4.1666666666666661        1.0000000000000000     
         646   4.3333333333333330        1.0000000000000000     
         647   4.5000000000000000        1.0000000000000000     
         648   4.6666666666666661        1.0000000000000000     
         649   4.8333333333333330        1.0000000000000000     
         650   5.0000000000000000        1.0000000000000000     
         651  -5.0000000000000000        1.5000000000000000     
         652  -4.8333333333333330        1.5000000000000000     
         653  -4.6666666666666661        1.5000000000000000     
         654  -4.5000000000000000        1.5000000000000000     
         655  -4.3333333333333330        1.5000000000000000     
         656  -4.1666666666666661        1.5000000000000000     
         657  -4.0000000000000000        1.5000000000000000     
         658  -3.8333333333333330        1.5000000000000000     
         659  -3.6666666666666665        1.5000000000000000     
         660  -3.5000000000000000        1.5000000000000000     
         661  -3.3333333333333330        1.5000000000000000     
         662  -3.1666666666666665        1.5000000000000000     
         663  -3.0000000000000000        1.5000000000000000     
         664  -2.8333333333333330        1.5000000000000000     
         665  -2.6666666666666665        1.5000000000000000     
         666  -2.5000000000000000        1.5000000000000000     
         667  -2.3333333333333330        1.5000000000000000     
         668  -2.1666666666666665        1.5000000000000000     
         669  -2.0000000000000000        1.5000000000000000     
         670  -1.8333333333333333        1.5000000000000000     
         671  -1.6666666666666665        1.5000000000000000     
         672  -1.5000000000000000        1.5000000000000000     
         673  -1.3333333333333333        1.5000000000000000     
         674  -1.1666666666666665        1.5000000000000000     
         675  -1.0000000000000000        1.5000000000000000     
         676 -0.83333333333333326        1.5000000000000000     
         677 -0.66666666666666663        1.5000000000000000     
         678 -0.50000000000000000        1.5000000000000000     
         679 -0.33333333333333331        1.5000000000000000     
         680 -0.16666666666666666        1.5000000000000000     
         681   0.0000000000000000        1.5000000000000000     
         682  0.16666666666666666        1.5000000000000000     
         683  0.33333333333333331        1.5000000000000000     
         684  0.50000000000000000        1.5000000000000000     
         685  0.66666666666666663        1.5000000000000000     
         686  0.83333333333333326        1.5000000000000000     
         687   1.0000000000000000        1.5000000000000000     
         688   1.1666666666666665        1.5000000000000000     
         689   1.3333333333333333        1.5000000000000000     
         690   1.5000000000000000        1.5000000000000000     
         691   1.6666666666666665        1.5000000000000000     
         692   1.8333333333333333        1.5000000000000000     
         693   2.0000000000000000        1.5000000000000000     
         694   2.1666666666666665        1.5000000000000000     
         695   2.3333333333333330        1.5000000000000000     
         696   2.5000000000000000        1.5000000000000000     
         697   2.6666666666666665        1.5000000000000000     
         698   2.8333333333333330        1.5000000000000000     
         699   3.0000000000000000        1.5000000000000000     
         700   3.1666666666666665        1.5000000000000000     
         701   3.3333333333333330        1.5000000000000000     
         702   3.5000000000000000        1.5000000000000000     
         703   3.6666666666666665        1.5000000000000000     
         704   3.8333333333333330        1.5000000000000000     
         705   4.0000000000000000        1.5000000000000000     
         706   4.1666666666666661        1.5000000000000000     
         707   4.3333333333333330        1.5000000000000000     
         708   4.5000000000000000        1.5000000000000000     
         709   4.6666666666666661        1.5000000000000000     
         710   4.8333333333333330        1.5000000000000000     
         711   5.0000000000000000        1.5000000000000000     
         712  -5.0000000000000000        2.0000000000000000     
         713  -4.8333333333333330        2.0000000000000000     
         714  -4.6666666666666661        2.0000000000000000     
         715  -4.5000000000000000        2.0000000000000000     
         716  -4.3333333333333330        2.0000000000000000     
         717  -4.1666666666666661        2.0000000000000000     
         718  -4.0000000000000000        2.0000000000000000     
         719  -3.8333333333333330        2.0000000000000000     
         720  -3.6666666666666665        2.0000000000000000     
         721  -3.5000000000000000        2.0000000000000000     
         722  -3.3333333333333330        2.0000000000000000     
         723  -3.1666666666666665        2.0000000000000000     
         724  -3.0000000000000000        2.0000000000000000     
         725  -2.8333333333333330        2.0000000000000000     
         726  -2.6666666666666665        2.0000000000000000     
         727  -2.5000000000000000        2.0000000000000000     
         728  -2.3333333333333330        2.0000000000000000     
         729  -2.1666666666666665        2.0000000000000000     
         730  -2.0000000000000000        2.0000000000000000     
         731  -1.8333333333333333        2.0000000000000000     
         732  -1.6666666666666665        2.0000000000000000     
         733  -1.5000000000000000        2.0000000000000000     
         734  -1.3333333333333333        2.0000000000000000     
         735  -1.1666666666666665        2.0000000000000000     
         736  -1.0000000000000000        2.0000000000000000     
         737 -0.83333333333333326        2.0000000000000000     
         738 -0.66666666666666663        2.0000000000000000     
         739 -0.50000000000000000        2.0000000000000000     
         740 -0.33333333333333331        2.0000000000000000     
         741 -0.16666666666666666        2.0000000000000000     
         742   0.0000000000000000        2.0000000000000000     
         743  0.16666666666666666        2.0000000000000000     
         744  0.33333333333333331        2.0000000000000000     
         745  0.50000000000000000        2.0000000000000000     
         746  0.66666666666666663        2.0000000000000000     
         747  0.83333333333333326        2.0000000000000000     
         748   1.0000000000000000        2.0000000000000000     
         749   1.1666666666666665        2.0000000000000000     
         750   1.3333333333333333        2.0000000000000000     
         751   1.5000000000000000        2.0000000000000000     
         752   1.6666666666666665        2.0000000000000000     
         753   1.8333333333333333        2.0000000000000000     
         754   2.0000000000000000        2.0000000000000000     
         755   2.1666666666666665        2.0000000000000000     
         756   2.3333333333333330        2.0000000000000000     
         757   2.5000000000000000        2.0000000000000000     
         758   2.6666666666666665        2.0000000000000000     
         759   2.8333333333333330        2.0000000000000000     
         760   3.0000000000000000        2.0000000000000000     
         761   3.1666666666666665        2.0000000000000000     
         762   3.3333333333333330        2.0000000000000000     
         763   3.5000000000000000        2.0000000000000000     
         764   3.6666666666666665        2.0000000000000000     
         765   3.8333333333333330        2.0000000000000000     
         766   4.0000000000000000        2.0000000000000000     
         767   4.1666666666666661        2.0000000000000000     
         768   4.3333333333333330        2.0000000000000000     
         769   4.5000000000000000        2.0000000000000000     
         770   4.6666666666666661        2.0000000000000000     
         771   4.8333333333333330        2.0000000000000000     
         772   5.0000000000000000        2.0000000000000000     
         773  -5.0000000000000000        2.5000000000000000     
         774  -4.8333333333333330        2.5000000000000000     
         775  -4.6666666666666661        2.5000000000000000     
         776  -4.5000000000000000        2.5000000000000000     
         777  -4.3333333333333330        2.5000000000000000     
         778  -4.1666666666666661        2.5000000000000000     
         779  -4.0000000000000000        2.5000000000000000     
         780  -3.8333333333333330        2.5000000000000000     
         781  -3.6666666666666665        2.5000000000000000     
         782  -3.5000000000000000        2.5000000000000000     
         783  -3.3333333333333330        2.5000000000000000     
         784  -3.1666666666666665        2.5000000000000000     
         785  -3.0000000000000000        2.5000000000000000     
         786  -2.8333333333333330        2.5000000000000000     
         787  -2.6666666666666665        2.5000000000000000     
         788  -2.5000000000000000        2.5000000000000000     
         789  -2.3333333333333330        2.5000000000000000     
         790  -2.1666666666666665        2.5000000000000000     
         791  -2.0000000000000000        2.5000000000000000     
         792  -1.8333333333333333        2.5000000000000000     
         793  -1.6666666666666665        2.5000000000000000     
         794  -1.5000000000000000        2.5000000000000000     
         795  -1.3333333333333333        2.5000000000000000     
         796  -1.1666666666666665        2.5000000000000000     
         797  -1.0000000000000000        2.5000000000000000     
         798 -0.83333333333333326        2.5000000000000000     
         799 -0.66666666666666663        2.5000000000000000     
         800 -0.50000000000000000        2.5000000000000000     
         801 -0.33333333333333331        2.5000000000000000     
         802 -0.16666666666666666        2.5000000000000000     
         803   0.0000000000000000        2.5000000000000000     
         804  0.16666666666666666        2.5000000000000000     
         805  0.33333333333333331        2.5000000000000000     
         806  0.50000000000000000        2.5000000000000000     
         807  0.66666666666666663        2.5000000000000000     
         808  0.83333333333333326        2.5000000000000000     
         809   1.0000000000000000        2.5000000000000000     
         810   1.1666666666666665        2.5000000000000000     
         811   1.3333333333333333        2.5000000000000000     
         812   1.5000000000000000        2.5000000000000000     
         813   1.6666666666666665        2.5000000000000000     
         814   1.8333333333333333        2.5000000000000000     
         815   2.0000000000000000        2.5000000000000000     
         816   2.1666666666666665        2.5000000000000000     
         817   2.3333333333333330        2.5000000000000000     
         818   2.5000000000000000        2.5000000000000000     
         819   2.6666666666666665        2.5000000000000000     
         820   2.8333333333333330        2.5000000000000000     
         821   3.0000000000000000        2.5000000000000000     
         822   3.1666666666666665        2.5000000000000000     
         823   3.3333333333333330        2.5000000000000000     
         824   3.5000000000000000        2.5000000000000000     
         825   3.6666666666666665        2.5000000000000000     
         826   3.8333333333333330        2.5000000000000000     
         827   4.0000000000000000        2.5000000000000000     
         828   4.1666666666666661        2.5000000000000000     
         829   4.3333333333333330        2.5000000000000000     
         830   4.5000000000000000        2.5000000000000000     
         831   4.6666666666666661        2.5000000000000000     
         832   4.8333333333333330        2.5000000000000000     
         833   5.0000000000000000        2.5000000000000000     
         834  -5.0000000000000000        3.0000000000000000     
         835  -4.8333333333333330        3.0000000000000000     
         836  -4.6666666666666661        3.0000000000000000     
         837  -4.5000000000000000        3.0000000000000000     
         838  -4.3333333333333330        3.0000000000000000     
         839  -4.1666666666666661        3.0000000000000000     
         840  -4.0000000000000000        3.0000000000000000     
         841  -3.8333333333333330        3.0000000000000000     
         842  -3.6666666666666665        3.0000000000000000     
         843  -3.5000000000000000        3.0000000000000000     
         844  -3.3333333333333330        3.0000000000000000     
         845  -3.1666666666666665        3.0000000000000000     
         846  -3.0000000000000000        3.0000000000000000     
         847  -2.8333333333333330        3.0000000000000000     
         848  -2.6666666666666665        3.0000000000000000     
         849  -2.5000000000000000        3.0000000000000000     
         850  -2.3333333333333330        3.0000000000000000     
         851  -2.1666666666666665        3.0000000000000000     
         852  -2.0000000000000000        3.0000000000000000     
         853  -1.8333333333333333        3.0000000000000000     
         854  -1.6666666666666665        3.0000000000000000     
         855  -1.5000000000000000        3.0000000000000000     
         856  -1.3333333333333333        3.0000000000000000     
         857  -1.1666666666666665        3.0000000000000000     
         858  -1.0000000000000000        3.0000000000000000     
         859 -0.83333333333333326        3.0000000000000000     
         860 -0.66666666666666663        3.0000000000000000     
         861 -0.50000000000000000        3.0000000000000000     
         862 -0.33333333333333331        3.0000000000000000     
         863 -0.16666666666666666        3.0000000000000000     
         864   0.0000000000000000        3.0000000000000000     
         865  0.16666666666666666        3.0000000000000000     
         866  0.33333333333333331        3.0000000000000000     
         867  0.50000000000000000        3.0000000000000000     
         868  0.66666666666666663        3.0000000000000000     
         869  0.83333333333333326        3.0000000000000000     
         870   1.0000000000000000        3.0000000000000000     
         871   1.1666666666666665        3.0000000000000000     
         872   1.3333333333333333        3.0000000000000000     
         873   1.5000000000000000        3.0000000000000000     
         874   1.6666666666666665        3.0000000000000000     
         875   1.8333333333333333        3.0000000000000000     
         876   2.0000000000000000        3.0000000000000000     
         877   2.1666666666666665        3.0000000000000000     
         878   2.3333333333333330        3.0000000000000000     
         879   2.5000000000000000        3.0000000000000000     
         880   2.6666666666666665        3.0000000000000000     
         881   2.8333333333333330        3.0000000000000000     
         882   3.0000000000000000        3.0000000000000000     
         883   3.1666666666666665        3.0000000000000000     
         884   3.3333333333333330        3.0000000000000000     
         885   3.5000000000000000        3.0000000000000000     
         886   3.6666666666666665        3.0000000000000000     
         887   3.8333333333333330        3.0000000000000000     
         888   4.0000000000000000        3.0000000000000000     
         889   4.1666666666666661        3.0000000000000000     
         890   4.3333333333333330        3.0000000000000000     
         891   4.5000000000000000        3.0000000000000000     
         892   4.6666666666666661        3.0000000000000000     
         893   4.8333333333333330        3.0000000000000000     
         894   5.0000000000000000        3.0000000000000000     
         895  -4.6666666666666661        3.5000000000000000     
         896  -4.5000000000000000        3.5000000000000000     
         897  -4.3333333333333330        3.5000000000000000     
         898  -4.1666666666666661        3.5000000000000000     
         899  -4.0000000000000000        3.5000000000000000     
         900  -3.8333333333333330        3.5000000000000000     
         901  -3.6666666666666665        3.5000000000000000     
         902  -3.5000000000000000        3.5000000000000000     
         903  -3.3333333333333330        3.5000000000000000     
         904  -3.1666666666666665        3.5000000000000000     
         905  -3.0000000000000000        3.5000000000000000     
         906  -2.8333333333333330        3.5000000000000000     
         907  -2.6666666666666665        3.5000000000000000     
         908  -2.5000000000000000        3.5000000000000000     
         909  -2.3333333333333330        3.5000000000000000     
         910  -2.1666666666666665        3.5000000000000000     
         911  -2.0000000000000000        3.5000000000000000     
         912  -1.8333333333333333        3.5000000000000000     
         913  -1.6666666666666665        3.5000000000000000     
         914  -1.5000000000000000        3.5000000000000000     
         915  -1.3333333333333333        3.5000000000000000     
         916  -1.1666666666666665        3.5000000000000000     
         917  -1.0000000000000000        3.5000000000000000     
         918 -0.83333333333333326        3.5000000000000000     
         919 -0.66666666666666663        3.5000000000000000     
         920 -0.50000000000000000        3.5000000000000000     
         921 -0.33333333333333331        3.5000000000000000     
         922 -0.16666666666666666        3.5000000000000000     
         923   0.0000000000000000        3.5000000000000000     
         924  0.16666666666666666        3.5000000000000000     
         925  0.33333333333333331        3.5000000000000000     
         926  0.50000000000000000        3.5000000000000000     
         927  0.66666666666666663        3.5000000000000000     
         928  0.83333333333333326        3.5000000000000000     
         929   1.0000000000000000        3.5000000000000000     
         930   1.1666666666666665        3.5000000000000000     
         931   1.3333333333333333        3.5000000000000000     
         932   1.5000000000000000        3.5000000000000000     
         933   1.6666666666666665        3.5000000000000000     
         934   1.8333333333333333        3.5000000000000000     
         935   2.0000000000000000        3.5000000000000000     
         936   2.1666666666666665        3.5000000000000000     
         937   2.3333333333333330        3.5000000000000000     
         938   2.5000000000000000        3.5000000000000000     
         939   2.6666666666666665        3.5000000000000000     
         940   2.8333333333333330        3.5000000000000000     
         941   3.0000000000000000        3.5000000000000000     
         942   3.1666666666666665        3.5000000000000000     
         943   3.3333333333333330        3.5000000000000000     
         944   3.5000000000000000        3.5000000000000000     
         945   3.6666666666666665        3.5000000000000000     
         946   3.8333333333333330        3.5000000000000000     
         947   4.0000000000000000        3.5000000000000000     
         948   4.1666666666666661        3.5000000000000000     
         949   4.3333333333333330        3.5000000000000000     
         950   4.5000000000000000        3.5000000000000000     
         951  -4.0000000000000000        4.0000000000000000     
         952  -3.8333333333333330        4.0000000000000000     
         953  -3.6666666666666665        4.0000000000000000     
         954  -3.5000000000000000        4.0000000000000000     
         955  -3.3333333333333330        4.0000000000000000     
         956  -3.1666666666666665        4.0000000000000000     
         957  -3.0000000000000000        4.0000000000000000     
         958  -2.8333333333333330        4.0000000000000000     
         959  -2.6666666666666665        4.0000000000000000     
         960  -2.5000000000000000        4.0000000000000000     
         961  -2.3333333333333330        4.0000000000000000     
         962  -2.1666666666666665        4.0000000000000000     
         963  -2.0000000000000000        4.0000000000000000     
         964  -1.8333333333333333        4.0000000000000000     
         965  -1.6666666666666665        4.0000000000000000     
         966  -1.5000000000000000        4.0000000000000000     
         967  -1.3333333333333333        4.0000000000000000     
         968  -1.1666666666666665        4.0000000000000000     
         969  -1.0000000000000000        4.0000000000000000     
         970 -0.83333333333333326        4.0000000000000000     
         971 -0.66666666666666663        4.0000000000000000     
         972 -0.50000000000000000        4.0000000000000000     
         973 -0.33333333333333331        4.0000000000000000     
         974 -0.16666666666666666        4.0000000000000000     
         975   0.0000000000000000        4.0000000000000000     
         976  0.33333333333333331        4.0000000000000000     
         977  0.50000000000000000        4.0000000000000000     
         978  0.66666666666666663        4.0000000000000000     
         979  0.83333333333333326        4.0000000000000000     
         980   1.0000000000000000        4.0000000000000000     
         981   1.1666666666666665        4.0000000000000000     
         982   1.3333333333333333        4.0000000000000000     
         983   1.5000000000000000        4.0000000000000000     
         984   1.6666666666666665        4.0000000000000000     
         985   1.8333333333333333        4.0000000000000000     
         986   2.0000000000000000        4.0000000000000000     
         987   2.1666666666666665        4.0000000000000000     
         988   2.3333333333333330        4.0000000000000000     
         989   2.5000000000000000        4.0000000000000000     
         990   2.6666666666666665        4.0000000000000000     
         991   2.8333333333333330        4.0000000000000000     
         992   3.0000000000000000        4.0000000000000000     
         993   3.1666666666666665        4.0000000000000000     
         994   3.3333333333333330        4.0000000000000000     
         995   3.5000000000000000        4.0000000000000000     
         996   3.6666666666666665        4.0000000000000000     
