           0   9.9962129903904113     
           1   9.6766091707525881     
           2   9.3847691288288644     
           3   9.1206909357265467     
           4   8.8843722912735164     
           5   8.6758104302047663     
           6   8.4950019984015981     
           7   8.3419428874089334     
           8   8.2166280098531495     
           9   8.1190509895928393     
          10   8.0492037263082459     
          11   8.0070757709154172     
          12   7.9926534085183993     
          13   8.0059182757833494     
          14   8.0468452118468381     
          15   8.1153987973986759     
          16   8.2115275438471720     
          17   8.3351536384893166     
          18   8.4861537154656457     
          19   8.6643199714316879     
          20   8.8692735504162776     
          21   9.1002451216018034     
          22   9.3554093679729409     
          23   9.6292411300668963     
          24   9.8964466094067269     
          25   9.8196428976517804     
          26   9.5844305849579055     
          27   9.3604168835450281     
          28   9.1586658470862172     
          29   8.9822330470336311     
          30   8.8322758368865273     
          31   8.7093255993700147     
          32   8.6136597457031847     
          33   8.5454370233437906     
          34   8.5047547570398105     
          35   8.4916759054067725     
          36   8.5062429860110296     
          37   8.5484857422265570     
          38   8.6184256023898875     
          39   8.7160783940213982     
          40   8.8414560605564088     
          41   8.9945677833893320     
          42   9.1754207363529456     
          43   9.3840206057860591     
          44   9.6203719569468511     
          45   9.8844784972339159     
          46   9.6772952405809658     
          47   9.2466222383391266     
          48   8.8437182378057795     
          49   8.4685822173466185     
          50   8.1212129903904113     
          51   7.8016091707525881     
          52   7.5097691288288644     
          53   7.2456909357265458     
          54   7.0093722912735164     
          55   6.8008104302047654     
          56   6.6200019984015981     
          57   6.4669428874089325     
          58   6.3416280098531503     
          59   6.2440509895928402     
          60   6.1742037263082459     
          61   6.1320757709154181     
          62   6.1176534085183993     
          63   6.1309182757833494     
          64   6.1718452118468381     
          65   6.2403987973986759     
          66   6.3365275438471729     
          67   6.4601536384893166     
          68   6.6111537154656457     
          69   6.7893199714316887     
          70   6.9942735504162767     
          71   7.2252451216018034     
          72   7.4804093679729409     
          73   7.7542411300668963     
          74   8.0214466094067269     
          75   8.1253657505415262     
          76   7.9446428976517804     
          77   7.7094305849579055     
          78   7.4854168835450281     
          79   7.2836658470862163     
          80   7.1072330470336311     
          81   6.9572758368865273     
          82   6.8343255993700138     
          83   6.7386597457031847     
          84   6.6704370233437915     
          85   6.6297547570398105     
          86   6.6166759054067725     
          87   6.6312429860110296     
          88   6.6734857422265561     
          89   6.7434256023898884     
          90   6.8410783940213991     
          91   6.9664560605564088     
          92   7.1195677833893312     
          93   7.3004207363529456     
          94   7.5090206057860600     
          95   7.7453719569468520     
          96   8.0094784972339159     
          97   8.3013432685911610     
          98   8.6209687903645893     
          99   8.9683571668811553     
         100   9.3435101695094698     
         101   9.7464292999942010     
         102   8.9969516727950616     
         103   8.5107381289202344     
         104   8.0522952405809658     
         105   7.6216222383391266     
         106   7.2187182378057795     
         107   6.8435822173466185     
         108   6.4962129903904113     
         109   6.1766091707525881     
         110   5.8847691288288644     
         111   5.6206909357265458     
         112   5.3843722912735164     
         113   5.1758104302047654     
         114   4.9950019984015981     
         115   4.8419428874089325     
         116   4.7166280098531503     
         117   4.6190509895928402     
         118   4.5492037263082459     
         119   4.5070757709154181     
         120   4.4926534085183993     
         121   4.5059182757833494     
         122   4.5468452118468381     
         123   4.6153987973986759     
         124   4.7115275438471729     
         125   4.8351536384893166     
         126   4.9861537154656457     
         127   5.1643199714316887     
         128   5.3692735504162767     
         129   5.6002451216018034     
         130   5.8554093679729409     
         131   6.1292411300668963     
         132   6.3964466094067260     
         133   6.5003657505415262     
         134   6.3196428976517804     
         135   6.0844305849579055     
         136   5.8604168835450281     
         137   5.6586658470862163     
         138   5.4822330470336311     
         139   5.3322758368865273     
         140   5.2093255993700138     
         141   5.1136597457031847     
         142   5.0454370233437915     
         143   5.0047547570398105     
         144   4.9916759054067725     
         145   5.0062429860110296     
         146   5.0484857422265561     
         147   5.1184256023898884     
         148   5.2160783940213991     
         149   5.3414560605564088     
         150   5.4945677833893312     
         151   5.6754207363529456     
         152   5.8840206057860600     
         153   6.1203719569468520     
         154   6.3844784972339159     
         155   6.6763432685911601     
         156   6.9959687903645884     
         157   7.3433571668811553     
         158   7.7185101695094698     
         159   8.1214292999942010     
         160   8.5521158398662340     
         161   9.0105708893731773     
         162   9.4967953984344202     
         163   7.6219516727950616     
         164   7.1357381289202344     
         165   6.6772952405809658     
         166   6.2466222383391266     
         167   5.8437182378057795     
         168   5.4685822173466185     
         169   5.1212129903904113     
         170   4.8016091707525881     
         171   4.5097691288288644     
         172   4.2456909357265458     
         173   4.0093722912735164     
         174   3.8008104302047654     
         175   3.6200019984015981     
         176   3.4669428874089325     
         177   3.3416280098531503     
         178   3.2440509895928402     
         179   3.1742037263082459     
         180   3.1320757709154181     
         181   3.1176534085183993     
         182   3.1309182757833498     
         183   3.1718452118468377     
         184   3.2403987973986754     
         185   3.3365275438471729     
         186   3.4601536384893161     
         187   3.6111537154656457     
         188   3.7893199714316887     
         189   3.9942735504162767     
         190   4.2252451216018034     
         191   4.4804093679729409     
         192   4.7542411300668963     
         193   5.0214466094067260     
         194   5.1253657505415262     
         195   4.9446428976517804     
         196   4.7094305849579055     
         197   4.4854168835450281     
         198   4.2836658470862163     
         199   4.1072330470336311     
         200   3.9572758368865268     
         201   3.8343255993700138     
         202   3.7386597457031847     
         203   3.6704370233437915     
         204   3.6297547570398110     
         205   3.6166759054067730     
         206   3.6312429860110296     
         207   3.6734857422265561     
         208   3.7434256023898884     
         209   3.8410783940213991     
         210   3.9664560605564088     
         211   4.1195677833893312     
         212   4.3004207363529456     
         213   4.5090206057860600     
         214   4.7453719569468520     
         215   5.0094784972339159     
         216   5.3013432685911601     
         217   5.6209687903645884     
         218   5.9683571668811553     
         219   6.3435101695094698     
         220   6.7464292999942010     
         221   7.1771158398662340     
         222   7.6355708893731773     
         223   8.1217953984344202     
         224   6.4969516727950616     
         225   6.0107381289202344     
         226   5.5522952405809658     
         227   5.1216222383391266     
         228   4.7187182378057795     
         229   4.3435822173466185     
         230   3.9962129903904113     
         231   3.6766091707525881     
         232   3.3847691288288644     
         233   3.1206909357265458     
         234   2.8843722912735164     
         235   2.6758104302047654     
         236   2.4950019984015981     
         237   2.3419428874089325     
         238   2.2166280098531503     
         239   2.1190509895928402     
         240   2.0492037263082459     
         241   2.0070757709154181     
         242   1.9926534085183993     
         243   2.0059182757833498     
         244   2.0468452118468377     
         245   2.1153987973986754     
         246   2.2115275438471729     
         247   2.3351536384893161     
         248   2.4861537154656457     
         249   2.6643199714316887     
         250   2.8692735504162767     
         251   3.1002451216018039     
         252   3.3554093679729409     
         253   3.6292411300668967     
         254   3.8964466094067260     
         255   4.0003657505415262     
         256   3.8196428976517804     
         257   3.5844305849579050     
         258   3.3604168835450281     
         259   3.1586658470862163     
         260   2.9822330470336311     
         261   2.8322758368865268     
         262   2.7093255993700138     
         263   2.6136597457031847     
         264   2.5454370233437915     
         265   2.5047547570398110     
         266   2.4916759054067730     
         267   2.5062429860110296     
         268   2.5484857422265561     
         269   2.6184256023898884     
         270   2.7160783940213991     
         271   2.8414560605564088     
         272   2.9945677833893312     
         273   3.1754207363529456     
         274   3.3840206057860600     
         275   3.6203719569468520     
         276   3.8844784972339159     
         277   4.1763432685911601     
         278   4.4959687903645884     
         279   4.8433571668811553     
         280   5.2185101695094698     
         281   5.6214292999942010     
         282   6.0521158398662340     
         283   6.5105708893731773     
         284   6.9967953984344202     
         285   5.6219516727950616     
         286   5.1357381289202344     
         287   4.6772952405809658     
         288   4.2466222383391266     
         289   3.8437182378057795     
         290   3.4685822173466185     
         291   3.1212129903904113     
         292   2.8016091707525881     
         293   2.5097691288288644     
         294   2.2456909357265458     
         295   2.0093722912735164     
         296   1.8008104302047654     
         297   1.6200019984015981     
         298   1.4669428874089325     
         299   1.3416280098531503     
         300   1.2440509895928402     
         301   1.1742037263082459     
         302   1.1320757709154181     
         303   1.1176534085183993     
         304   1.1309182757833498     
         305   1.1718452118468377     
         306   1.2403987973986754     
         307   1.3365275438471729     
         308   1.4601536384893161     
         309   1.6111537154656457     
         310   1.7893199714316887     
         311   1.9942735504162770     
         312   2.2252451216018039     
         313   2.4804093679729409     
         314   2.7542411300668967     
         315   3.0214466094067260     
         316   3.1253657505415262     
         317   2.9446428976517804     
         318   2.7094305849579050     
         319   2.4854168835450281     
         320   2.2836658470862163     
         321   2.1072330470336311     
         322   1.9572758368865268     
         323   1.8343255993700138     
         324   1.7386597457031847     
         325   1.6704370233437915     
         326   1.6297547570398110     
         327   1.6166759054067730     
         328   1.6312429860110296     
         329   1.6734857422265561     
         330   1.7434256023898884     
         331   1.8410783940213991     
         332   1.9664560605564088     
         333   2.1195677833893312     
         334   2.3004207363529456     
         335   2.5090206057860600     
         336   2.7453719569468520     
         337   3.0094784972339159     
         338   3.3013432685911601     
         339   3.6209687903645884     
         340   3.9683571668811553     
         341   4.3435101695094698     
         342   4.7464292999942010     
         343   5.1771158398662340     
         344   5.6355708893731773     
         345   6.1217953984344202     
         346   4.9969516727950616     
         347   4.5107381289202344     
         348   4.0522952405809658     
         349   3.6216222383391266     
         350   3.2187182378057795     
         351   2.8435822173466185     
         352   2.4962129903904113     
         353   2.1766091707525881     
         354   1.8847691288288644     
         355   1.6206909357265458     
         356   1.3843722912735164     
         357   1.1758104302047654     
         358  0.99500199840159809     
         359  0.84194288740893253     
         360  0.71662800985315034     
         361  0.61905098959284022     
         362  0.54920372630824588     
         363  0.50707577091541811     
         364  0.49265340851839934     
         365  0.50591827578334980     
         366  0.54684521184683765     
         367  0.61539879739867542     
         368  0.71152754384717287     
         369  0.83515363848931612     
         370  0.98615371546564567     
         371   1.1643199714316887     
         372   1.3692735504162770     
         373   1.6002451216018039     
         374   1.8554093679729409     
         375   2.1292411300668967     
         376   2.3964466094067260     
         377   2.5003657505415262     
         378   2.3196428976517804     
         379   2.0844305849579050     
         380   1.8604168835450281     
         381   1.6586658470862166     
         382   1.4822330470336311     
         383   1.3322758368865268     
         384   1.2093255993700138     
         385   1.1136597457031847     
         386   1.0454370233437915     
         387   1.0047547570398110     
         388  0.99167590540677297     
         389   1.0062429860110296     
         390   1.0484857422265561     
         391   1.1184256023898884     
         392   1.2160783940213991     
         393   1.3414560605564088     
         394   1.4945677833893312     
         395   1.6754207363529456     
         396   1.8840206057860600     
         397   2.1203719569468520     
         398   2.3844784972339159     
         399   2.6763432685911601     
         400   2.9959687903645884     
         401   3.3433571668811553     
         402   3.7185101695094698     
         403   4.1214292999942010     
         404   4.5521158398662340     
         405   5.0105708893731773     
         406   5.4967953984344202     
         407   4.6219516727950616     
         408   4.1357381289202344     
         409   3.6772952405809658     
         410   3.2466222383391266     
         411   2.8437182378057795     
         412   2.4685822173466185     
         413   2.1212129903904113     
         414   1.8016091707525881     
         415   1.5097691288288644     
         416   1.2456909357265458     
         417   1.0093722912735164     
         418  0.80081043020476539     
         419  0.62000199840159809     
         420  0.46694288740893253     
         421  0.34162800985315034     
         422  0.24405098959284022     
         423  0.17420372630824588     
         424  0.13207577091541811     
         425  0.11765340851839934     
         426  0.13091827578334980     
         427  0.17184521184683765     
         428  0.24039879739867542     
         429  0.33652754384717287     
         430  0.46015363848931612     
         431  0.61115371546564567     
         432  0.78931997143168875     
         433  0.99427355041627696     
         434   1.2252451216018039     
         435   1.4804093679729409     
         436   1.7542411300668967     
         437   2.0214466094067260     
         438   2.1253657505415262     
         439   1.9446428976517802     
         440   1.7094305849579050     
         441   1.4854168835450281     
         442   1.2836658470862166     
         443   1.1072330470336311     
         444  0.95727583688652684     
         445  0.83432559937001383     
         446  0.73865974570318471     
         447  0.67043702334379152     
         448  0.62975475703981099     
         449  0.61667590540677297     
         450  0.63124298601102957     
         451  0.67348574222655611     
         452  0.74342560238988842     
         453  0.84107839402139906     
         454  0.96645606055640876     
         455   1.1195677833893312     
         456   1.3004207363529456     
         457   1.5090206057860600     
         458   1.7453719569468520     
         459   2.0094784972339159     
         460   2.3013432685911601     
         461   2.6209687903645884     
         462   2.9683571668811553     
         463   3.3435101695094698     
         464   3.7464292999942010     
         465   4.1771158398662340     
         466   4.6355708893731773     
         467   5.1217953984344202     
         468   4.4969516727950616     
         469   4.0107381289202344     
         470   3.5522952405809658     
         471   3.1216222383391266     
         472   2.7187182378057795     
         473   2.3435822173466185     
         474   1.9962129903904113     
         475   1.6766091707525881     
         476   1.3847691288288644     
         477   1.1206909357265458     
         478  0.88437229127351635     
         479  0.67581043020476539     
         480  0.49500199840159809     
         481  0.34194288740893253     
         482  0.21662800985315034     
         483  0.11905098959284022     
         484   4.9203726308245876E-002
         485   7.0757709154181114E-003
         486  -7.3465914816006617E-003
         487   5.9182757833498023E-003
         488   4.6845211846837653E-002
         489  0.11539879739867542     
         490  0.21152754384717287     
         491  0.33515363848931612     
         492  0.48615371546564567     
         493  0.66431997143168875     
         494  0.86927355041627696     
         495   1.1002451216018039     
         496   1.3554093679729409     
         497   1.6292411300668967     
         498   1.8964466094067263     
         499   2.0003657505415262     
         500   1.8196428976517802     
         501   1.5844305849579050     
         502   1.3604168835450281     
         503   1.1586658470862166     
         504  0.98223304703363112     
         505  0.83227583688652684     
         506  0.70932559937001383     
         507  0.61365974570318471     
         508  0.54543702334379152     
         509  0.50475475703981099     
         510  0.49167590540677297     
         511  0.50624298601102957     
         512  0.54848574222655611     
         513  0.61842560238988842     
         514  0.71607839402139906     
         515  0.84145606055640876     
         516  0.99456778338933116     
         517   1.1754207363529456     
         518   1.3840206057860600     
         519   1.6203719569468520     
         520   1.8844784972339159     
         521   2.1763432685911601     
         522   2.4959687903645884     
         523   2.8433571668811553     
         524   3.2185101695094698     
         525   3.6214292999942010     
         526   4.0521158398662340     
         527   4.5105708893731773     
         528   4.9967953984344202     
         529   4.6219516727950616     
         530   4.1357381289202344     
         531   3.6772952405809658     
         532   3.2466222383391266     
         533   2.8437182378057795     
         534   2.4685822173466185     
         535   2.1212129903904113     
         536   1.8016091707525881     
         537   1.5097691288288644     
         538   1.2456909357265458     
         539   1.0093722912735164     
         540  0.80081043020476539     
         541  0.62000199840159809     
         542  0.46694288740893253     
         543  0.34162800985315034     
         544  0.24405098959284022     
         545  0.17420372630824588     
         546  0.13207577091541811     
         547  0.11765340851839934     
         548  0.13091827578334980     
         549  0.17184521184683765     
         550  0.24039879739867542     
         551  0.33652754384717287     
         552  0.46015363848931612     
         553  0.61115371546564567     
         554  0.78931997143168875     
         555  0.99427355041627696     
         556   1.2252451216018039     
         557   1.4804093679729409     
         558   1.7542411300668967     
         559   2.0214466094067260     
         560   2.1253657505415262     
         561   1.9446428976517802     
         562   1.7094305849579050     
         563   1.4854168835450281     
         564   1.2836658470862166     
         565   1.1072330470336311     
         566  0.95727583688652684     
         567  0.83432559937001383     
         568  0.73865974570318471     
         569  0.67043702334379152     
         570  0.62975475703981099     
         571  0.61667590540677297     
         572  0.63124298601102957     
         573  0.67348574222655611     
         574  0.74342560238988842     
         575  0.84107839402139906     
         576  0.96645606055640876     
         577   1.1195677833893312     
         578   1.3004207363529456     
         579   1.5090206057860600     
         580   1.7453719569468520     
         581   2.0094784972339159     
         582   2.3013432685911601     
         583   2.6209687903645884     
         584   2.9683571668811553     
         585   3.3435101695094698     
         586   3.7464292999942010     
         587   4.1771158398662340     
         588   4.6355708893731773     
         589   5.1217953984344202     
         590   4.9969516727950616     
         591   4.5107381289202344     
         592   4.0522952405809658     
         593   3.6216222383391266     
         594   3.2187182378057795     
         595   2.8435822173466185     
         596   2.4962129903904113     
         597   2.1766091707525881     
         598   1.8847691288288644     
         599   1.6206909357265458     
         600   1.3843722912735164     
         601   1.1758104302047654     
         602  0.99500199840159809     
         603  0.84194288740893253     
         604  0.71662800985315034     
         605  0.61905098959284022     
         606  0.54920372630824588     
         607  0.50707577091541811     
         608  0.49265340851839934     
         609  0.50591827578334980     
         610  0.54684521184683765     
         611  0.61539879739867542     
         612  0.71152754384717287     
         613  0.83515363848931612     
         614  0.98615371546564567     
         615   1.1643199714316887     
         616   1.3692735504162770     
         617   1.6002451216018039     
         618   1.8554093679729409     
         619   2.1292411300668967     
         620   2.3964466094067260     
         621   2.5003657505415262     
         622   2.3196428976517804     
         623   2.0844305849579050     
         624   1.8604168835450281     
         625   1.6586658470862166     
         626   1.4822330470336311     
         627   1.3322758368865268     
         628   1.2093255993700138     
         629   1.1136597457031847     
         630   1.0454370233437915     
         631   1.0047547570398110     
         632  0.99167590540677297     
         633   1.0062429860110296     
         634   1.0484857422265561     
         635   1.1184256023898884     
         636   1.2160783940213991     
         637   1.3414560605564088     
         638   1.4945677833893312     
         639   1.6754207363529456     
         640   1.8840206057860600     
         641   2.1203719569468520     
         642   2.3844784972339159     
         643   2.6763432685911601     
         644   2.9959687903645884     
         645   3.3433571668811553     
         646   3.7185101695094698     
         647   4.1214292999942010     
         648   4.5521158398662340     
         649   5.0105708893731773     
         650   5.4967953984344202     
         651   5.6219516727950616     
         652   5.1357381289202344     
         653   4.6772952405809658     
         654   4.2466222383391266     
         655   3.8437182378057795     
         656   3.4685822173466185     
         657   3.1212129903904113     
         658   2.8016091707525881     
         659   2.5097691288288644     
         660   2.2456909357265458     
         661   2.0093722912735164     
         662   1.8008104302047654     
         663   1.6200019984015981     
         664   1.4669428874089325     
         665   1.3416280098531503     
         666   1.2440509895928402     
         667   1.1742037263082459     
         668   1.1320757709154181     
         669   1.1176534085183993     
         670   1.1309182757833498     
         671   1.1718452118468377     
         672   1.2403987973986754     
         673   1.3365275438471729     
         674   1.4601536384893161     
         675   1.6111537154656457     
         676   1.7893199714316887     
         677   1.9942735504162770     
         678   2.2252451216018039     
         679   2.4804093679729409     
         680   2.7542411300668967     
         681   3.0214466094067260     
         682   3.1253657505415262     
         683   2.9446428976517804     
         684   2.7094305849579050     
         685   2.4854168835450281     
         686   2.2836658470862163     
         687   2.1072330470336311     
         688   1.9572758368865268     
         689   1.8343255993700138     
         690   1.7386597457031847     
         691   1.6704370233437915     
         692   1.6297547570398110     
         693   1.6166759054067730     
         694   1.6312429860110296     
         695   1.6734857422265561     
         696   1.7434256023898884     
         697   1.8410783940213991     
         698   1.9664560605564088     
         699   2.1195677833893312     
         700   2.3004207363529456     
         701   2.5090206057860600     
         702   2.7453719569468520     
         703   3.0094784972339159     
         704   3.3013432685911601     
         705   3.6209687903645884     
         706   3.9683571668811553     
         707   4.3435101695094698     
         708   4.7464292999942010     
         709   5.1771158398662340     
         710   5.6355708893731773     
         711   6.1217953984344202     
         712   6.4969516727950616     
         713   6.0107381289202344     
         714   5.5522952405809658     
         715   5.1216222383391266     
         716   4.7187182378057795     
         717   4.3435822173466185     
         718   3.9962129903904113     
         719   3.6766091707525881     
         720   3.3847691288288644     
         721   3.1206909357265458     
         722   2.8843722912735164     
         723   2.6758104302047654     
         724   2.4950019984015981     
         725   2.3419428874089325     
         726   2.2166280098531503     
         727   2.1190509895928402     
         728   2.0492037263082459     
         729   2.0070757709154181     
         730   1.9926534085183993     
         731   2.0059182757833498     
         732   2.0468452118468377     
         733   2.1153987973986754     
         734   2.2115275438471729     
         735   2.3351536384893161     
         736   2.4861537154656457     
         737   2.6643199714316887     
         738   2.8692735504162767     
         739   3.1002451216018039     
         740   3.3554093679729409     
         741   3.6292411300668967     
         742   3.8964466094067260     
         743   4.0003657505415262     
         744   3.8196428976517804     
         745   3.5844305849579050     
         746   3.3604168835450281     
         747   3.1586658470862163     
         748   2.9822330470336311     
         749   2.8322758368865268     
         750   2.7093255993700138     
         751   2.6136597457031847     
         752   2.5454370233437915     
         753   2.5047547570398110     
         754   2.4916759054067730     
         755   2.5062429860110296     
         756   2.5484857422265561     
         757   2.6184256023898884     
         758   2.7160783940213991     
         759   2.8414560605564088     
         760   2.9945677833893312     
         761   3.1754207363529456     
         762   3.3840206057860600     
         763   3.6203719569468520     
         764   3.8844784972339159     
         765   4.1763432685911601     
         766   4.4959687903645884     
         767   4.8433571668811553     
         768   5.2185101695094698     
         769   5.6214292999942010     
         770   6.0521158398662340     
         771   6.5105708893731773     
         772   6.9967953984344202     
         773   7.6219516727950616     
         774   7.1357381289202344     
         775   6.6772952405809658     
         776   6.2466222383391266     
         777   5.8437182378057795     
         778   5.4685822173466185     
         779   5.1212129903904113     
         780   4.8016091707525881     
         781   4.5097691288288644     
         782   4.2456909357265458     
         783   4.0093722912735164     
         784   3.8008104302047654     
         785   3.6200019984015981     
         786   3.4669428874089325     
         787   3.3416280098531503     
         788   3.2440509895928402     
         789   3.1742037263082459     
         790   3.1320757709154181     
         791   3.1176534085183993     
         792   3.1309182757833498     
         793   3.1718452118468377     
         794   3.2403987973986754     
         795   3.3365275438471729     
         796   3.4601536384893161     
         797   3.6111537154656457     
         798   3.7893199714316887     
         799   3.9942735504162767     
         800   4.2252451216018034     
         801   4.4804093679729409     
         802   4.7542411300668963     
         803   5.0214466094067260     
         804   5.1253657505415262     
         805   4.9446428976517804     
         806   4.7094305849579055     
         807   4.4854168835450281     
         808   4.2836658470862163     
         809   4.1072330470336311     
         810   3.9572758368865268     
         811   3.8343255993700138     
         812   3.7386597457031847     
         813   3.6704370233437915     
         814   3.6297547570398110     
         815   3.6166759054067730     
         816   3.6312429860110296     
         817   3.6734857422265561     
         818   3.7434256023898884     
         819   3.8410783940213991     
         820   3.9664560605564088     
         821   4.1195677833893312     
         822   4.3004207363529456     
         823   4.5090206057860600     
         824   4.7453719569468520     
         825   5.0094784972339159     
         826   5.3013432685911601     
         827   5.6209687903645884     
         828   5.9683571668811553     
         829   6.3435101695094698     
         830   6.7464292999942010     
         831   7.1771158398662340     
         832   7.6355708893731773     
         833   8.1217953984344202     
         834   8.9969516727950616     
         835   8.5107381289202344     
         836   8.0522952405809658     
         837   7.6216222383391266     
         838   7.2187182378057795     
         839   6.8435822173466185     
         840   6.4962129903904113     
         841   6.1766091707525881     
         842   5.8847691288288644     
         843   5.6206909357265458     
         844   5.3843722912735164     
         845   5.1758104302047654     
         846   4.9950019984015981     
         847   4.8419428874089325     
         848   4.7166280098531503     
         849   4.6190509895928402     
         850   4.5492037263082459     
         851   4.5070757709154181     
         852   4.4926534085183993     
         853   4.5059182757833494     
         854   4.5468452118468381     
         855   4.6153987973986759     
         856   4.7115275438471729     
         857   4.8351536384893166     
         858   4.9861537154656457     
         859   5.1643199714316887     
         860   5.3692735504162767     
         861   5.6002451216018034     
         862   5.8554093679729409     
         863   6.1292411300668963     
         864   6.3964466094067260     
         865   6.5003657505415262     
         866   6.3196428976517804     
         867   6.0844305849579055     
         868   5.8604168835450281     
         869   5.6586658470862163     
         870   5.4822330470336311     
         871   5.3322758368865273     
         872   5.2093255993700138     
         873   5.1136597457031847     
         874   5.0454370233437915     
         875   5.0047547570398105     
         876   4.9916759054067725     
         877   5.0062429860110296     
         878   5.0484857422265561     
         879   5.1184256023898884     
         880   5.2160783940213991     
         881   5.3414560605564088     
         882   5.4945677833893312     
         883   5.6754207363529456     
         884   5.8840206057860600     
         885   6.1203719569468520     
         886   6.3844784972339159     
         887   6.6763432685911601     
         888   6.9959687903645884     
         889   7.3433571668811553     
         890   7.7185101695094698     
         891   8.1214292999942010     
         892   8.5521158398662340     
         893   9.0105708893731773     
         894   9.4967953984344202     
         895   9.6772952405809658     
         896   9.2466222383391266     
         897   8.8437182378057795     
         898   8.4685822173466185     
         899   8.1212129903904113     
         900   7.8016091707525881     
         901   7.5097691288288644     
         902   7.2456909357265458     
         903   7.0093722912735164     
         904   6.8008104302047654     
         905   6.6200019984015981     
         906   6.4669428874089325     
         907   6.3416280098531503     
         908   6.2440509895928402     
         909   6.1742037263082459     
         910   6.1320757709154181     
         911   6.1176534085183993     
         912   6.1309182757833494     
         913   6.1718452118468381     
         914   6.2403987973986759     
         915   6.3365275438471729     
         916   6.4601536384893166     
         917   6.6111537154656457     
         918   6.7893199714316887     
         919   6.9942735504162767     
         920   7.2252451216018034     
         921   7.4804093679729409     
         922   7.7542411300668963     
         923   8.0214466094067269     
         924   8.1253657505415262     
         925   7.9446428976517804     
         926   7.7094305849579055     
         927   7.4854168835450281     
         928   7.2836658470862163     
         929   7.1072330470336311     
         930   6.9572758368865273     
         931   6.8343255993700138     
         932   6.7386597457031847     
         933   6.6704370233437915     
         934   6.6297547570398105     
         935   6.6166759054067725     
         936   6.6312429860110296     
         937   6.6734857422265561     
         938   6.7434256023898884     
         939   6.8410783940213991     
         940   6.9664560605564088     
         941   7.1195677833893312     
         942   7.3004207363529456     
         943   7.5090206057860600     
         944   7.7453719569468520     
         945   8.0094784972339159     
         946   8.3013432685911610     
         947   8.6209687903645893     
         948   8.9683571668811553     
         949   9.3435101695094698     
         950   9.7464292999942010     
         951   9.9962129903904113     
         952   9.6766091707525881     
         953   9.3847691288288644     
         954   9.1206909357265467     
         955   8.8843722912735164     
         956   8.6758104302047663     
         957   8.4950019984015981     
         958   8.3419428874089334     
         959   8.2166280098531495     
         960   8.1190509895928393     
         961   8.0492037263082459     
         962   8.0070757709154172     
         963   7.9926534085183993     
         964   8.0059182757833494     
         965   8.0468452118468381     
         966   8.1153987973986759     
         967   8.2115275438471720     
         968   8.3351536384893166     
         969   8.4861537154656457     
         970   8.6643199714316879     
         971   8.8692735504162776     
         972   9.1002451216018034     
         973   9.3554093679729409     
         974   9.6292411300668963     
         975   9.8964466094067269     
         976   9.8196428976517804     
         977   9.5844305849579055     
         978   9.3604168835450281     
         979   9.1586658470862172     
         980   8.9822330470336311     
         981   8.8322758368865273     
         982   8.7093255993700147     
         983   8.6136597457031847     
         984   8.5454370233437906     
         985   8.5047547570398105     
         986   8.4916759054067725     
         987   8.5062429860110296     
         988   8.5484857422265570     
         989   8.6184256023898875     
         990   8.7160783940213982     
         991   8.8414560605564088     
         992   8.9945677833893320     
         993   9.1754207363529456     
         994   9.3840206057860591     
         995   9.6203719569468511     
         996   9.8844784972339159     
