           0  -4.0000000000000000       -4.0000000000000000        2.4738140035859671E-005
           1  -3.8333333333333330       -4.0000000000000000        4.8272812777812015E-005
           2  -3.6666666666666665       -4.0000000000000000        6.9817187137368128E-005
           3  -3.5000000000000000       -4.0000000000000000        9.3521355685872873E-005
           4  -3.3333333333333330       -4.0000000000000000        1.1945344965666732E-004
           5  -3.1666666666666665       -4.0000000000000000        1.4780083054124519E-004
           6  -3.0000000000000000       -4.0000000000000000        1.7737089748219080E-004
           7  -2.8333333333333330       -4.0000000000000000        2.0699923774763365E-004
           8  -2.6666666666666665       -4.0000000000000000        2.3481537021287124E-004
           9  -2.5000000000000000       -4.0000000000000000        2.5913857098858363E-004
          10  -2.3333333333333330       -4.0000000000000000        2.7809528339750014E-004
          11  -2.1666666666666665       -4.0000000000000000        2.9035448371458108E-004
          12  -2.0000000000000000       -4.0000000000000000        2.9483826863833744E-004
          13  -1.8333333333333333       -4.0000000000000000        2.9130556600692124E-004
          14  -1.6666666666666665       -4.0000000000000000        2.7995047977233531E-004
          15  -1.5000000000000000       -4.0000000000000000        2.6182144756227167E-004
          16  -1.3333333333333333       -4.0000000000000000        2.3820696736705490E-004
          17  -1.1666666666666665       -4.0000000000000000        2.1099045592817920E-004
          18  -1.0000000000000000       -4.0000000000000000        1.8182002369525706E-004
          19 -0.83333333333333326       -4.0000000000000000        1.5262499164126714E-004
          20 -0.66666666666666663       -4.0000000000000000        1.2451351970236437E-004
          21 -0.50000000000000000       -4.0000000000000000        9.8771026623985047E-005
          22 -0.33333333333333331       -4.0000000000000000        7.4964674001700679E-005
          23 -0.16666666666666666       -4.0000000000000000        5.3034680161826770E-005
          24   0.0000000000000000       -4.0000000000000000        2.7361610540994478E-005
          25  0.33333333333333331       -4.0000000000000000        9.6248491901364457E-006
          26  0.50000000000000000       -4.0000000000000000        1.6154330635188395E-005
          27  0.66666666666666663       -4.0000000000000000        1.6592355405743626E-005
          28  0.83333333333333326       -4.0000000000000000        1.6131415138304150E-005
          29   1.0000000000000000       -4.0000000000000000        1.4894283734864231E-005
          30   1.1666666666666665       -4.0000000000000000        1.3838225186490671E-005
          31   1.3333333333333333       -4.0000000000000000        1.2682744696431618E-005
          32   1.5000000000000000       -4.0000000000000000        1.1703575486951700E-005
          33   1.6666666666666665       -4.0000000000000000        1.0671573253150729E-005
          34   1.8333333333333333       -4.0000000000000000        9.7235319622349194E-006
          35   2.0000000000000000       -4.0000000000000000        8.7158684660172816E-006
          36   2.1666666666666665       -4.0000000000000000        7.7538132756456383E-006
          37   2.3333333333333330       -4.0000000000000000        6.7551457650358988E-006
          38   2.5000000000000000       -4.0000000000000000        5.8135641281542972E-006
          39   2.6666666666666665       -4.0000000000000000        4.8800165610640697E-006
          40   2.8333333333333330       -4.0000000000000000        4.0343366866456169E-006
          41   3.0000000000000000       -4.0000000000000000        3.2358066093470003E-006
          42   3.1666666666666665       -4.0000000000000000        2.5434722529944730E-006
          43   3.3333333333333330       -4.0000000000000000        1.8995774999793766E-006
          44   3.5000000000000000       -4.0000000000000000        1.3296886901772086E-006
          45   3.6666666666666665       -4.0000000000000000        6.7938958158051362E-007

          46  -4.6666666666666661       -3.5000000000000000        2.9963302451472159E-005
          47  -4.5000000000000000       -3.5000000000000000        6.4406139390859958E-005
          48  -4.3333333333333330       -3.5000000000000000        1.0437785106102582E-004
          49  -4.1666666666666661       -3.5000000000000000        1.5765915657939749E-004
          50  -4.0000000000000000       -3.5000000000000000        2.2859111325364392E-004
          51  -3.8333333333333330       -3.5000000000000000        3.1922403065509018E-004
          52  -3.6666666666666665       -3.5000000000000000        4.3027506429290903E-004
          53  -3.5000000000000000       -3.5000000000000000        5.6228727196834267E-004
          54  -3.3333333333333330       -3.5000000000000000        7.1348269521994193E-004
          55  -3.1666666666666665       -3.5000000000000000        8.8003741895703710E-004
          56  -3.0000000000000000       -3.5000000000000000        1.0553971611997949E-003
          57  -2.8333333333333330       -3.5000000000000000        1.2309681496973949E-003
          58  -2.6666666666666665       -3.5000000000000000        1.3963773175133800E-003
          59  -2.5000000000000000       -3.5000000000000000        1.5407330969360478E-003
          60  -2.3333333333333330       -3.5000000000000000        1.6535620212527493E-003
          61  -2.1666666666666665       -3.5000000000000000        1.7262762612369139E-003
          62  -2.0000000000000000       -3.5000000000000000        1.7530858697075466E-003
          63  -1.8333333333333333       -3.5000000000000000        1.7319309206923514E-003
          64  -1.6666666666666665       -3.5000000000000000        1.6646147182299350E-003
          65  -1.5000000000000000       -3.5000000000000000        1.5566932835131310E-003
          66  -1.3333333333333333       -3.5000000000000000        1.4166175880441414E-003
          67  -1.1666666666666665       -3.5000000000000000        1.2547698884914367E-003
          68  -1.0000000000000000       -3.5000000000000000        1.0821143256467560E-003
          69 -0.83333333333333326       -3.5000000000000000        9.0911515645120458E-004
          70 -0.66666666666666663       -3.5000000000000000        7.4466216277869145E-004
          71 -0.50000000000000000       -3.5000000000000000        5.9555624574459851E-004
          72 -0.33333333333333331       -3.5000000000000000        4.6614365188360246E-004
          73 -0.16666666666666666       -3.5000000000000000        3.5861295212074039E-004
          74   0.0000000000000000       -3.5000000000000000        2.7334797430039412E-004
          75  0.16666666666666666       -3.5000000000000000        2.1037341383394224E-004
          76  0.33333333333333331       -3.5000000000000000        1.6809327699070551E-004
          77  0.50000000000000000       -3.5000000000000000        1.3948662831193812E-004
          78  0.66666666666666663       -3.5000000000000000        1.1913802523242984E-004
          79  0.83333333333333326       -3.5000000000000000        1.0422570030811786E-004
          80   1.0000000000000000       -3.5000000000000000        9.2891021987831195E-005
          81   1.1666666666666665       -3.5000000000000000        8.3936757106170201E-005
          82   1.3333333333333333       -3.5000000000000000        7.6470832482022598E-005
          83   1.5000000000000000       -3.5000000000000000        6.9894651421360002E-005
          84   1.6666666666666665       -3.5000000000000000        6.3769034253929329E-005
          85   1.8333333333333333       -3.5000000000000000        5.7837931761229135E-005
          86   2.0000000000000000       -3.5000000000000000        5.1948827095692809E-005
          87   2.1666666666666665       -3.5000000000000000        4.6071861049692769E-005
          88   2.3333333333333330       -3.5000000000000000        4.0235632785622983E-005
          89   2.5000000000000000       -3.5000000000000000        3.4535998738735588E-005
          90   2.6666666666666665       -3.5000000000000000        2.9079979029778723E-005
          91   2.8333333333333330       -3.5000000000000000        2.3990520148123021E-005
          92   3.0000000000000000       -3.5000000000000000        1.9362884750250526E-005
          93   3.1666666666666665       -3.5000000000000000        1.5273730687296599E-005
          94   3.3333333333333330       -3.5000000000000000        1.1754438004813259E-005
          95   3.5000000000000000       -3.5000000000000000        8.8083738599685411E-006
          96   3.6666666666666665       -3.5000000000000000        6.4034978752847011E-006
          97   3.8333333333333330       -3.5000000000000000        4.5111071590760154E-006
          98   4.0000000000000000       -3.5000000000000000        3.1009852818898470E-006
          99   4.1666666666666661       -3.5000000000000000        2.0556372934609544E-006
         100   4.3333333333333330       -3.5000000000000000        1.2718543681057914E-006
         101   4.5000000000000000       -3.5000000000000000        5.9700780097557145E-007

         102  -5.0000000000000000       -3.0000000000000000        4.4842584366542909E-005
         103  -4.8333333333333330       -3.0000000000000000        1.0876466960640685E-004
         104  -4.6666666666666661       -3.0000000000000000        1.9550668509115825E-004
         105  -4.5000000000000000       -3.0000000000000000        3.1757485359071660E-004
         106  -4.3333333333333330       -3.0000000000000000        4.8596662214918731E-004
         107  -4.1666666666666661       -3.0000000000000000        7.1467597060837342E-004
         108  -4.0000000000000000       -3.0000000000000000        1.0163834606398436E-003
         109  -3.8333333333333330       -3.0000000000000000        1.4029635584753080E-003
         110  -3.6666666666666665       -3.0000000000000000        1.8815788036762307E-003
         111  -3.5000000000000000       -3.0000000000000000        2.4532406969572352E-003
         112  -3.3333333333333330       -3.0000000000000000        3.1101163675044618E-003
         113  -3.1666666666666665       -3.0000000000000000        3.8344871347955321E-003
         114  -3.0000000000000000       -3.0000000000000000        4.5978371029770084E-003
         115  -2.8333333333333330       -3.0000000000000000        5.3622188011751256E-003
         116  -2.6666666666666665       -3.0000000000000000        6.0825929605794636E-003
         117  -2.5000000000000000       -3.0000000000000000        6.7112397015102292E-003
         118  -2.3333333333333330       -3.0000000000000000        7.2026911248464108E-003
         119  -2.1666666666666665       -3.0000000000000000        7.5193613467152524E-003
         120  -2.0000000000000000       -3.0000000000000000        7.6361653478851542E-003
         121  -1.8333333333333333       -3.0000000000000000        7.5440008093063081E-003
         122  -1.6666666666666665       -3.0000000000000000        7.2508427200080761E-003
         123  -1.5000000000000000       -3.0000000000000000        6.7807956168060637E-003
         124  -1.3333333333333333       -3.0000000000000000        6.1707932754176149E-003
         125  -1.1666666666666665       -3.0000000000000000        5.4660038571140964E-003
         126  -1.0000000000000000       -3.0000000000000000        4.7143576838662047E-003
         127 -0.83333333333333326       -3.0000000000000000        3.9614784383456272E-003
         128 -0.66666666666666663       -3.0000000000000000        3.2464426302410815E-003
         129 -0.50000000000000000       -3.0000000000000000        2.5991815680815218E-003
         130 -0.33333333333333331       -3.0000000000000000        2.0394306121067278E-003
         131 -0.16666666666666666       -3.0000000000000000        1.5772875349973421E-003
         132   0.0000000000000000       -3.0000000000000000        1.2147364850073055E-003
         133  0.16666666666666666       -3.0000000000000000        9.4633293454154108E-004
         134  0.33333333333333331       -3.0000000000000000        7.5633433555767670E-004
         135  0.50000000000000000       -3.0000000000000000        6.2287683647605516E-004
         136  0.66666666666666663       -3.0000000000000000        5.2796408222621836E-004
         137  0.83333333333333326       -3.0000000000000000        4.5904003177378605E-004
         138   1.0000000000000000       -3.0000000000000000        4.0743268952022374E-004
         139   1.1666666666666665       -3.0000000000000000        3.6714284882226236E-004
         140   1.3333333333333333       -3.0000000000000000        3.3394381720212900E-004
         141   1.5000000000000000       -3.0000000000000000        3.0490507081914304E-004
         142   1.6666666666666665       -3.0000000000000000        2.7802685482986863E-004
         143   1.8333333333333333       -3.0000000000000000        2.5206874463245095E-004
         144   2.0000000000000000       -3.0000000000000000        2.2636352568607826E-004
         145   2.1666666666666665       -3.0000000000000000        2.0072381705267685E-004
         146   2.3333333333333330       -3.0000000000000000        1.7529213979515312E-004
         147   2.5000000000000000       -3.0000000000000000        1.5045365128319536E-004
         148   2.6666666666666665       -3.0000000000000000        1.2669577784246694E-004
         149   2.8333333333333330       -3.0000000000000000        1.0453465210564333E-004
         150   3.0000000000000000       -3.0000000000000000        8.4407645234102537E-005
         151   3.1666666666666665       -3.0000000000000000        6.6642374290896308E-005
         152   3.3333333333333330       -3.0000000000000000        5.1403585622513999E-005
         153   3.5000000000000000       -3.0000000000000000        3.8714310708730136E-005
         154   3.6666666666666665       -3.0000000000000000        2.8450256260922554E-005
         155   3.8333333333333330       -3.0000000000000000        2.0390150325486376E-005
         156   4.0000000000000000       -3.0000000000000000        1.4228836149233211E-005
         157   4.1666666666666661       -3.0000000000000000        9.6553449159544555E-006
         158   4.3333333333333330       -3.0000000000000000        6.3426518740272372E-006
         159   4.5000000000000000       -3.0000000000000000        4.0022370217834944E-006
         160   4.6666666666666661       -3.0000000000000000        2.3817936516495008E-006
         161   4.8333333333333330       -3.0000000000000000        1.3046755705283595E-006
         162   5.0000000000000000       -3.0000000000000000        5.3301383955153876E-007

         163  -5.0000000000000000       -2.5000000000000000        1.5509482515206816E-004
         164  -4.8333333333333330       -2.5000000000000000        3.7174953875550868E-004
         165  -4.6666666666666661       -2.5000000000000000        6.5609599014772736E-004
         166  -4.5000000000000000       -2.5000000000000000        1.0545964300186653E-003
         167  -4.3333333333333330       -2.5000000000000000        1.6065066517908732E-003
         168  -4.1666666666666661       -2.5000000000000000        2.3583231339267454E-003
         169  -4.0000000000000000       -2.5000000000000000        3.3523027612224351E-003
         170  -3.8333333333333330       -2.5000000000000000        4.6264002599704828E-003
         171  -3.6666666666666665       -2.5000000000000000        6.2037336111495540E-003
         172  -3.5000000000000000       -2.5000000000000000        8.0877601523610294E-003
         173  -3.3333333333333330       -2.5000000000000000        1.0252718231542009E-002
         174  -3.1666666666666665       -2.5000000000000000        1.2640242982808669E-002
         175  -3.0000000000000000       -2.5000000000000000        1.5156321048170593E-002
         176  -2.8333333333333330       -2.5000000000000000        1.7675859570479364E-002
         177  -2.6666666666666665       -2.5000000000000000        2.0050371373121500E-002
         178  -2.5000000000000000       -2.5000000000000000        2.2122550709279275E-002
         179  -2.3333333333333330       -2.5000000000000000        2.3742505719017339E-002
         180  -2.1666666666666665       -2.5000000000000000        2.4786341253294659E-002
         181  -2.0000000000000000       -2.5000000000000000        2.5171360534298977E-002
         182  -1.8333333333333333       -2.5000000000000000        2.4867563870636156E-002
         183  -1.6666666666666665       -2.5000000000000000        2.3901235424145465E-002
         184  -1.5000000000000000       -2.5000000000000000        2.2351840503691964E-002
         185  -1.3333333333333333       -2.5000000000000000        2.0341125136174167E-002
         186  -1.1666666666666665       -2.5000000000000000        1.8017993381385350E-002
         187  -1.0000000000000000       -2.5000000000000000        1.5540443403268630E-002
         188 -0.83333333333333326       -2.5000000000000000        1.3058885301452999E-002
         189 -0.66666666666666663       -2.5000000000000000        1.0702120853896168E-002
         190 -0.50000000000000000       -2.5000000000000000        8.5688031075681573E-003
         191 -0.33333333333333331       -2.5000000000000000        6.7238788952265786E-003
         192 -0.16666666666666666       -2.5000000000000000        5.2004676699360566E-003
         193   0.0000000000000000       -2.5000000000000000        4.0048001144081776E-003
         194  0.16666666666666666       -2.5000000000000000        3.1194307965926728E-003
         195  0.33333333333333331       -2.5000000000000000        2.4937608890067279E-003
         196  0.50000000000000000       -2.5000000000000000        2.0544214985425517E-003
         197  0.66666666666666663       -2.5000000000000000        1.7415888599319699E-003
         198  0.83333333333333326       -2.5000000000000000        1.5141870186456789E-003
         199   1.0000000000000000       -2.5000000000000000        1.3437997085016752E-003
         200   1.1666666666666665       -2.5000000000000000        1.2107594030088477E-003
         201   1.3333333333333333       -2.5000000000000000        1.1011443557202160E-003
         202   1.5000000000000000       -2.5000000000000000        1.0053001991657056E-003
         203   1.6666666666666665       -2.5000000000000000        9.1661579646566487E-004
         204   1.8333333333333333       -2.5000000000000000        8.3099627625759153E-004
         205   2.0000000000000000       -2.5000000000000000        7.4622796892659664E-004
         206   2.1666666666666665       -2.5000000000000000        6.6169067759306102E-004
         207   2.3333333333333330       -2.5000000000000000        5.7784614317521010E-004
         208   2.5000000000000000       -2.5000000000000000        4.9596439735687364E-004
         209   2.6666666666666665       -2.5000000000000000        4.1764763004773121E-004
         210   2.8333333333333330       -2.5000000000000000        3.4459899850414216E-004
         211   3.0000000000000000       -2.5000000000000000        2.7825718305584632E-004
         212   3.1666666666666665       -2.5000000000000000        2.1970391925912622E-004
         213   3.3333333333333330       -2.5000000000000000        1.6947812014643870E-004
         214   3.5000000000000000       -2.5000000000000000        1.2765479879450441E-004
         215   3.6666666666666665       -2.5000000000000000        9.3816550921743227E-005
         216   3.8333333333333330       -2.5000000000000000        6.7247124890070442E-005
         217   4.0000000000000000       -2.5000000000000000        4.6967560188989108E-005
         218   4.1666666666666661       -2.5000000000000000        3.1941618516554107E-005
         219   4.3333333333333330       -2.5000000000000000        2.1089386494401608E-005
         220   4.5000000000000000       -2.5000000000000000        1.3466203998424306E-005
         221   4.6666666666666661       -2.5000000000000000        8.1775158493414630E-006
         222   4.8333333333333330       -2.5000000000000000        4.5461590698676847E-006
         223   5.0000000000000000       -2.5000000000000000        1.8702935112202732E-006

         224  -5.0000000000000000       -2.0000000000000000        3.8195164926450680E-004
         225  -4.8333333333333330       -2.0000000000000000        9.1569660147643942E-004
         226  -4.6666666666666661       -2.0000000000000000        1.6170067695666622E-003
         227  -4.5000000000000000       -2.0000000000000000        2.5996204982049716E-003
         228  -4.3333333333333330       -2.0000000000000000        3.9599739509323332E-003
         229  -4.1666666666666661       -2.0000000000000000        5.8126845511991881E-003
         230  -4.0000000000000000       -2.0000000000000000        8.2617054837832143E-003
         231  -3.8333333333333330       -2.0000000000000000        1.1400949071410260E-002
         232  -3.6666666666666665       -2.0000000000000000        1.5287535106137133E-002
         233  -3.5000000000000000       -2.0000000000000000        1.9929941326478327E-002
         234  -3.3333333333333330       -2.0000000000000000        2.5264656858151758E-002
         235  -3.1666666666666665       -2.0000000000000000        3.1147840474311770E-002
         236  -3.0000000000000000       -2.0000000000000000        3.7347819634942173E-002
         237  -2.8333333333333330       -2.0000000000000000        4.3556339272925279E-002
         238  -2.6666666666666665       -2.0000000000000000        4.9407499933546817E-002
         239  -2.5000000000000000       -2.0000000000000000        5.4513671698806235E-002
         240  -2.3333333333333330       -2.0000000000000000        5.8505495138776141E-002
         241  -2.1666666666666665       -2.0000000000000000        6.1077670632110490E-002
         242  -2.0000000000000000       -2.0000000000000000        6.2026419519736045E-002
         243  -1.8333333333333333       -2.0000000000000000        6.1277816791636366E-002
         244  -1.6666666666666665       -2.0000000000000000        5.8896631779760969E-002
         245  -1.5000000000000000       -2.0000000000000000        5.5078679754985330E-002
         246  -1.3333333333333333       -2.0000000000000000        5.0123964800718020E-002
         247  -1.1666666666666665       -2.0000000000000000        4.4399410794208255E-002
         248  -1.0000000000000000       -2.0000000000000000        3.8294354094267589E-002
         249 -0.83333333333333326       -2.0000000000000000        3.2179429497473273E-002
         250 -0.66666666666666663       -2.0000000000000000        2.6372031876596397E-002
         251 -0.50000000000000000       -2.0000000000000000        2.1115262691918494E-002
         252 -0.33333333333333331       -2.0000000000000000        1.6569188295077805E-002
         253 -0.16666666666666666       -2.0000000000000000        1.2815453105988665E-002
         254   0.0000000000000000       -2.0000000000000000        9.8694751030122107E-003
         255  0.16666666666666666       -2.0000000000000000        7.6880500846043254E-003
         256  0.33333333333333331       -2.0000000000000000        6.1460276442212598E-003
         257  0.50000000000000000       -2.0000000000000000        5.0630781011123047E-003
         258  0.66666666666666663       -2.0000000000000000        4.2920032899689819E-003
         259  0.83333333333333326       -2.0000000000000000        3.7315220735841216E-003
         260   1.0000000000000000       -2.0000000000000000        3.3115799952295852E-003
         261   1.1666666666666665       -2.0000000000000000        2.9836865530339118E-003
         262   1.3333333333333333       -2.0000000000000000        2.7135322014583932E-003
         263   1.5000000000000000       -2.0000000000000000        2.4773207028066652E-003
         264   1.6666666666666665       -2.0000000000000000        2.2587613949134810E-003
         265   1.8333333333333333       -2.0000000000000000        2.0477605828497052E-003
         266   2.0000000000000000       -2.0000000000000000        1.8388633876674824E-003
         267   2.1666666666666665       -2.0000000000000000        1.6305391933232737E-003
         268   2.3333333333333330       -2.0000000000000000        1.4239257359536946E-003
         269   2.5000000000000000       -2.0000000000000000        1.2221509856443504E-003
         270   2.6666666666666665       -2.0000000000000000        1.0291631226633743E-003
         271   2.8333333333333330       -2.0000000000000000        8.4915797483056806E-004
         272   3.0000000000000000       -2.0000000000000000        6.8568103305334386E-004
         273   3.1666666666666665       -2.0000000000000000        5.4139730998411096E-004
         274   3.3333333333333330       -2.0000000000000000        4.1763565421668952E-004
         275   3.5000000000000000       -2.0000000000000000        3.1458118692612099E-004
         276   3.6666666666666665       -2.0000000000000000        2.3120713706621760E-004
         277   3.8333333333333330       -2.0000000000000000        1.6574410877910785E-004
         278   4.0000000000000000       -2.0000000000000000        1.1577066043146985E-004
         279   4.1666666666666661       -2.0000000000000000        7.8739451072531479E-005
         280   4.3333333333333330       -2.0000000000000000        5.1990820310767916E-005
         281   4.5000000000000000       -2.0000000000000000        3.3193464545216421E-005
         282   4.6666666666666661       -2.0000000000000000        2.0148456015605835E-005
         283   4.8333333333333330       -2.0000000000000000        1.1201246897590822E-005
         284   5.0000000000000000       -2.0000000000000000        4.6092734295605013E-006

         285  -5.0000000000000000       -1.5000000000000000        6.8743383179084073E-004
         286  -4.8333333333333330       -1.5000000000000000        1.6479274022960866E-003
         287  -4.6666666666666661       -1.5000000000000000        2.9095681412440637E-003
         288  -4.5000000000000000       -1.5000000000000000        4.6772508498420760E-003
         289  -4.3333333333333330       -1.5000000000000000        7.1245960631179201E-003
         290  -4.1666666666666661       -1.5000000000000000        1.0457840513831985E-002
         291  -4.0000000000000000       -1.5000000000000000        1.4864108401893672E-002
         292  -3.8333333333333330       -1.5000000000000000        2.0512214222323730E-002
         293  -3.6666666666666665       -1.5000000000000000        2.7504863583623890E-002
         294  -3.5000000000000000       -1.5000000000000000        3.5857329795966737E-002
         295  -3.3333333333333330       -1.5000000000000000        4.5455359551945886E-002
         296  -3.1666666666666665       -1.5000000000000000        5.6040168998994735E-002
         297  -3.0000000000000000       -1.5000000000000000        6.7194944170285639E-002
         298  -2.8333333333333330       -1.5000000000000000        7.8365085966768153E-002
         299  -2.6666666666666665       -1.5000000000000000        8.8892281082623550E-002
         300  -2.5000000000000000       -1.5000000000000000        9.8079120183833038E-002
         301  -2.3333333333333330       -1.5000000000000000       0.10526106434466119     
         302  -2.1666666666666665       -1.5000000000000000       0.10988882963334887     
         303  -2.0000000000000000       -1.5000000000000000       0.11159578414926262     
         304  -1.8333333333333333       -1.5000000000000000       0.11024892500224717     
         305  -1.6666666666666665       -1.5000000000000000       0.10596478235809359     
         306  -1.5000000000000000       -1.5000000000000000        9.9095660602276134E-002
         307  -1.3333333333333333       -1.5000000000000000        9.0181315797523559E-002
         308  -1.1666666666666665       -1.5000000000000000        7.9881904855111860E-002
         309  -1.0000000000000000       -1.5000000000000000        6.8897906622953239E-002
         310 -0.83333333333333326       -1.5000000000000000        5.7896153912271819E-002
         311 -0.66666666666666663       -1.5000000000000000        4.7447688383255346E-002
         312 -0.50000000000000000       -1.5000000000000000        3.7989885661851928E-002
         313 -0.33333333333333331       -1.5000000000000000        2.9810717043349391E-002
         314 -0.16666666666666666       -1.5000000000000000        2.3057057696292488E-002
         315   0.0000000000000000       -1.5000000000000000        1.7756619156511819E-002
         316  0.16666666666666666       -1.5000000000000000        1.3831763497676794E-002
         317  0.33333333333333331       -1.5000000000000000        1.1057522378123049E-002
         318  0.50000000000000000       -1.5000000000000000        9.1092554285397923E-003
         319  0.66666666666666663       -1.5000000000000000        7.7220347500217166E-003
         320  0.83333333333333326       -1.5000000000000000        6.7136666839909577E-003
         321   1.0000000000000000       -1.5000000000000000        5.9581285009584865E-003
         322   1.1666666666666665       -1.5000000000000000        5.3681923811976610E-003
         323   1.3333333333333333       -1.5000000000000000        4.8821338913694777E-003
         324   1.5000000000000000       -1.5000000000000000        4.4571436950442385E-003
         325   1.6666666666666665       -1.5000000000000000        4.0639124982880682E-003
         326   1.8333333333333333       -1.5000000000000000        3.6842813915222402E-003
         327   2.0000000000000000       -1.5000000000000000        3.3084357269239873E-003
         328   2.1666666666666665       -1.5000000000000000        2.9336222017449219E-003
         329   2.3333333333333330       -1.5000000000000000        2.5618872788577183E-003
         330   2.5000000000000000       -1.5000000000000000        2.1988589501904477E-003
         331   2.6666666666666665       -1.5000000000000000        1.8516401746540350E-003
         332   2.8333333333333330       -1.5000000000000000        1.5277800930633681E-003
         333   3.0000000000000000       -1.5000000000000000        1.2336571904642611E-003
         334   3.1666666666666665       -1.5000000000000000        9.7406631453014411E-004
         335   3.3333333333333330       -1.5000000000000000        7.5139769495636850E-004
         336   3.5000000000000000       -1.5000000000000000        5.6598415930395420E-004
         337   3.6666666666666665       -1.5000000000000000        4.1597750942186991E-004
         338   3.8333333333333330       -1.5000000000000000        2.9819618308821628E-004
         339   4.0000000000000000       -1.5000000000000000        2.0828736087670903E-004
         340   4.1666666666666661       -1.5000000000000000        1.4166517076503232E-004
         341   4.3333333333333330       -1.5000000000000000        9.3543323348163412E-005
         342   4.5000000000000000       -1.5000000000000000        5.9728193660405157E-005
         343   4.6666666666666661       -1.5000000000000000        3.6261193610130319E-005
         344   4.8333333333333330       -1.5000000000000000        2.0160754413181932E-005
         345   5.0000000000000000       -1.5000000000000000        8.2962853623064520E-006

         346  -5.0000000000000000       -1.0000000000000000        8.5612000878213369E-004
         347  -4.8333333333333330       -1.0000000000000000        2.0523549676437752E-003
         348  -4.6666666666666661       -1.0000000000000000        3.6237968080819099E-003
         349  -4.5000000000000000       -1.0000000000000000        5.8255373956830067E-003
         350  -4.3333333333333330       -1.0000000000000000        8.8737721737758776E-003
         351  -4.1666666666666661       -1.0000000000000000        1.3025356971096981E-002
         352  -4.0000000000000000       -1.0000000000000000        1.8513312233791941E-002
         353  -3.8333333333333330       -1.0000000000000000        2.5547962457862037E-002
         354  -3.6666666666666665       -1.0000000000000000        3.4257256111086043E-002
         355  -3.5000000000000000       -1.0000000000000000        4.4660208296509685E-002
         356  -3.3333333333333330       -1.0000000000000000        5.6614511787332067E-002
         357  -3.1666666666666665       -1.0000000000000000        6.9797848211850380E-002
         358  -3.0000000000000000       -1.0000000000000000        8.3691076212075999E-002
         359  -2.8333333333333330       -1.0000000000000000        9.7603443759719077E-002
         360  -2.6666666666666665       -1.0000000000000000       0.11071502413678556     
         361  -2.5000000000000000       -1.0000000000000000       0.12215719636107750     
         362  -2.3333333333333330       -1.0000000000000000       0.13110227987882209     
         363  -2.1666666666666665       -1.0000000000000000       0.13686614343340675     
         364  -2.0000000000000000       -1.0000000000000000       0.13899214854642977     
         365  -1.8333333333333333       -1.0000000000000000       0.13731464041902072     
         366  -1.6666666666666665       -1.0000000000000000       0.13197875711159185     
         367  -1.5000000000000000       -1.0000000000000000       0.12342329216792901     
         368  -1.3333333333333333       -1.0000000000000000       0.11232050996044006     
         369  -1.1666666666666665       -1.0000000000000000        9.9492633160563351E-002
         370  -1.0000000000000000       -1.0000000000000000        8.5812105993053417E-002
         371 -0.83333333333333326       -1.0000000000000000        7.2109466139592293E-002
         372 -0.66666666666666663       -1.0000000000000000        5.9095945378732112E-002
         373 -0.50000000000000000       -1.0000000000000000        4.7316294967084234E-002
         374 -0.33333333333333331       -1.0000000000000000        3.7129188277997015E-002
         375 -0.16666666666666666       -1.0000000000000000        2.8717564960919779E-002
         376   0.0000000000000000       -1.0000000000000000        2.2115951520081022E-002
         377  0.16666666666666666       -1.0000000000000000        1.7227608481206778E-002
         378  0.33333333333333331       -1.0000000000000000        1.3772251462152676E-002
         379  0.50000000000000000       -1.0000000000000000        1.1345628777361616E-002
         380  0.66666666666666663       -1.0000000000000000        9.6178156984774790E-003
         381  0.83333333333333326       -1.0000000000000000        8.3618789688506591E-003
         382   1.0000000000000000       -1.0000000000000000        7.4208505830009146E-003
         383   1.1666666666666665       -1.0000000000000000        6.6860824304526010E-003
         384   1.3333333333333333       -1.0000000000000000        6.0806954073347871E-003
         385   1.5000000000000000       -1.0000000000000000        5.5513691419180767E-003
         386   1.6666666666666665       -1.0000000000000000        5.0615990968198420E-003
         387   1.8333333333333333       -1.0000000000000000        4.5887679916384802E-003
         388   2.0000000000000000       -1.0000000000000000        4.1206519752881744E-003
         389   2.1666666666666665       -1.0000000000000000        3.6538216080010629E-003
         390   2.3333333333333330       -1.0000000000000000        3.1908259453400272E-003
         391   2.5000000000000000       -1.0000000000000000        2.7386744649423489E-003
         392   2.6666666666666665       -1.0000000000000000        2.3062140061239681E-003
         393   2.8333333333333330       -1.0000000000000000        1.9028468535979629E-003
         394   3.0000000000000000       -1.0000000000000000        1.5365174980465264E-003
         395   3.1666666666666665       -1.0000000000000000        1.2131978138797885E-003
         396   3.3333333333333330       -1.0000000000000000        9.3586501234872548E-004
         397   3.5000000000000000       -1.0000000000000000        7.0493367703871798E-004
         398   3.6666666666666665       -1.0000000000000000        5.1810219867125696E-004
         399   3.8333333333333330       -1.0000000000000000        3.7140707054539014E-004
         400   4.0000000000000000       -1.0000000000000000        2.5942516835594987E-004
         401   4.1666666666666661       -1.0000000000000000        1.7644600897052116E-004
         402   4.3333333333333330       -1.0000000000000000        1.1650877469805284E-004
         403   4.5000000000000000       -1.0000000000000000        7.4390021547461214E-005
         404   4.6666666666666661       -1.0000000000000000        4.5160286406225770E-005
         405   4.8333333333333330       -1.0000000000000000        2.5107942837324705E-005
         406   5.0000000000000000       -1.0000000000000000        1.0332049197887047E-005

         407  -5.0000000000000000      -0.50000000000000000        6.2285370181972075E-004
         408  -4.8333333333333330      -0.50000000000000000        1.4931328598784869E-003
         409  -4.6666666666666661      -0.50000000000000000        2.6363276882555471E-003
         410  -4.5000000000000000      -0.50000000000000000        4.2380528998675615E-003
         411  -4.3333333333333330      -0.50000000000000000        6.4556069069489031E-003
         412  -4.1666666666666661      -0.50000000000000000        9.4758560173596861E-003
         413  -4.0000000000000000      -0.50000000000000000        1.3468337396131309E-002
         414  -3.8333333333333330      -0.50000000000000000        1.8586036811910560E-002
         415  -3.6666666666666665      -0.50000000000000000        2.4922025489141714E-002
         416  -3.5000000000000000      -0.50000000000000000        3.2490139731059825E-002
         417  -3.3333333333333330      -0.50000000000000000        4.1186853538856365E-002
         418  -3.1666666666666665      -0.50000000000000000        5.0777683108406413E-002
         419  -3.0000000000000000      -0.50000000000000000        6.0884955528372080E-002
         420  -2.8333333333333330      -0.50000000000000000        7.1006151685301333E-002
         421  -2.6666666666666665      -0.50000000000000000        8.0544777965019992E-002
         422  -2.5000000000000000      -0.50000000000000000        8.8868915964259970E-002
         423  -2.3333333333333330      -0.50000000000000000        9.5376431094415029E-002
         424  -2.1666666666666665      -0.50000000000000000        9.9569620481268606E-002
         425  -2.0000000000000000      -0.50000000000000000       0.10111628125427241     
         426  -1.8333333333333333      -0.50000000000000000        9.9895900231265655E-002
         427  -1.6666666666666665      -0.50000000000000000        9.6014064733590490E-002
         428  -1.5000000000000000      -0.50000000000000000        8.9789995515209553E-002
         429  -1.3333333333333333      -0.50000000000000000        8.1712762309349027E-002
         430  -1.1666666666666665      -0.50000000000000000        7.2380529141064257E-002
         431  -1.0000000000000000      -0.50000000000000000        6.2427995748465762E-002
         432 -0.83333333333333326      -0.50000000000000000        5.2459375208105785E-002
         433 -0.66666666666666663      -0.50000000000000000        4.2992085391190094E-002
         434 -0.50000000000000000      -0.50000000000000000        3.4422430202157475E-002
         435 -0.33333333333333331      -0.50000000000000000        2.7011340876629639E-002
         436 -0.16666666666666666      -0.50000000000000000        2.0891902719615846E-002
         437   0.0000000000000000      -0.50000000000000000        1.6089229432647362E-002
         438  0.16666666666666666      -0.50000000000000000        1.2532959113238042E-002
         439  0.33333333333333331      -0.50000000000000000        1.0019218146816953E-002
         440  0.50000000000000000      -0.50000000000000000        8.2538827795776669E-003
         441  0.66666666666666663      -0.50000000000000000        6.9969181675060433E-003
         442  0.83333333333333326      -0.50000000000000000        6.0832353539933878E-003
         443   1.0000000000000000      -0.50000000000000000        5.3986433200899570E-003
         444   1.1666666666666665      -0.50000000000000000        4.8641032985912670E-003
         445   1.3333333333333333      -0.50000000000000000        4.4236866704100326E-003
         446   1.5000000000000000      -0.50000000000000000        4.0386036920862069E-003
         447   1.6666666666666665      -0.50000000000000000        3.6822974876153125E-003
         448   1.8333333333333333      -0.50000000000000000        3.3383142859325873E-003
         449   2.0000000000000000      -0.50000000000000000        2.9977612318891596E-003
         450   2.1666666666666665      -0.50000000000000000        2.6581435316950408E-003
         451   2.3333333333333330      -0.50000000000000000        2.3213155611767674E-003
         452   2.5000000000000000      -0.50000000000000000        1.9923767583545785E-003
         453   2.6666666666666665      -0.50000000000000000        1.6777631155434230E-003
         454   2.8333333333333330      -0.50000000000000000        1.3843148037926657E-003
         455   3.0000000000000000      -0.50000000000000000        1.1178113553305892E-003
         456   3.1666666666666665      -0.50000000000000000        8.8259730391386298E-004
         457   3.3333333333333330      -0.50000000000000000        6.8083847233387418E-004
         458   3.5000000000000000      -0.50000000000000000        5.1283643517558819E-004
         459   3.6666666666666665      -0.50000000000000000        3.7691665177019059E-004
         460   3.8333333333333330      -0.50000000000000000        2.7019600403600645E-004
         461   4.0000000000000000      -0.50000000000000000        1.8872980946829619E-004
         462   4.1666666666666661      -0.50000000000000000        1.2836325942036531E-004
         463   4.3333333333333330      -0.50000000000000000        8.4759688243142063E-005
         464   4.5000000000000000      -0.50000000000000000        5.4119157509458914E-005
         465   4.6666666666666661      -0.50000000000000000        3.2855163952124463E-005
         466   4.8333333333333330      -0.50000000000000000        1.8266850334381329E-005
         467   5.0000000000000000      -0.50000000000000000        7.5169251074380479E-006

         468  -5.0000000000000000        0.0000000000000000       -7.7617628413947325E-016
         469  -4.8333333333333330        0.0000000000000000       -1.8199554775888629E-015
         470  -4.6666666666666661        0.0000000000000000       -3.0584455514482151E-015
         471  -4.5000000000000000        0.0000000000000000       -4.8131720300763417E-015
         472  -4.3333333333333330        0.0000000000000000       -7.2184481370571433E-015
         473  -4.1666666666666661        0.0000000000000000       -1.0063321401362418E-014
         474  -4.0000000000000000        0.0000000000000000       -1.3429460984359919E-014
         475  -3.8333333333333330        0.0000000000000000       -1.7347364721371133E-014
         476  -3.6666666666666665        0.0000000000000000       -2.1341653936870131E-014
         477  -3.5000000000000000        0.0000000000000000       -2.5447298824851922E-014
         478  -3.3333333333333330        0.0000000000000000       -2.9019170598590277E-014
         479  -3.1666666666666665        0.0000000000000000       -3.1419292716184256E-014
         480  -3.0000000000000000        0.0000000000000000       -3.2323465550459929E-014
         481  -2.8333333333333330        0.0000000000000000       -3.1654354470037843E-014
         482  -2.6666666666666665        0.0000000000000000       -2.9125795157120750E-014
         483  -2.5000000000000000        0.0000000000000000       -2.4568840194196625E-014
         484  -2.3333333333333330        0.0000000000000000       -1.8049933253932750E-014
         485  -2.1666666666666665        0.0000000000000000       -1.0037828935034067E-014
         486  -2.0000000000000000        0.0000000000000000       -1.1888786358357034E-015
         487  -1.8333333333333333        0.0000000000000000        7.8663197608612993E-015
         488  -1.6666666666666665        0.0000000000000000        1.6304818647213111E-014
         489  -1.5000000000000000        0.0000000000000000        2.3307552219566334E-014
         490  -1.3333333333333333        0.0000000000000000        2.8463424598991503E-014
         491  -1.1666666666666665        0.0000000000000000        3.1683707596475999E-014
         492  -1.0000000000000000        0.0000000000000000        3.2985739418826989E-014
         493 -0.83333333333333326        0.0000000000000000        3.2573877721817557E-014
         494 -0.66666666666666663        0.0000000000000000        3.0888437536972701E-014
         495 -0.50000000000000000        0.0000000000000000        2.8326130937497112E-014
         496 -0.33333333333333331        0.0000000000000000        2.5081013957118139E-014
         497 -0.16666666666666666        0.0000000000000000        2.1560843007149041E-014
         498   0.0000000000000000        0.0000000000000000        1.8170247816675206E-014
         499  0.16666666666666666        0.0000000000000000        1.5220156572853580E-014
         500  0.33333333333333331        0.0000000000000000        1.2751147048388726E-014
         501  0.50000000000000000        0.0000000000000000        1.0406696810818746E-014
         502  0.66666666666666663        0.0000000000000000        8.2512352444666831E-015
         503  0.83333333333333326        0.0000000000000000        6.2571016116284988E-015
         504   1.0000000000000000        0.0000000000000000        4.3069152197111312E-015
         505   1.1666666666666665        0.0000000000000000        2.0305329596505004E-015
         506   1.3333333333333333        0.0000000000000000       -2.5452487572652428E-016
         507   1.5000000000000000        0.0000000000000000       -2.4291683148401368E-015
         508   1.6666666666666665        0.0000000000000000       -4.6819495048126995E-015
         509   1.8333333333333333        0.0000000000000000       -6.6832407058487062E-015
         510   2.0000000000000000        0.0000000000000000       -8.3109175649857368E-015
         511   2.1666666666666665        0.0000000000000000       -9.7113908062138061E-015
         512   2.3333333333333330        0.0000000000000000       -1.0551870573883833E-014
         513   2.5000000000000000        0.0000000000000000       -1.0860185684664423E-014
         514   2.6666666666666665        0.0000000000000000       -1.0631038268416578E-014
         515   2.8333333333333330        0.0000000000000000       -1.0073857246164343E-014
         516   3.0000000000000000        0.0000000000000000       -9.3411274048227359E-015
         517   3.1666666666666665        0.0000000000000000       -8.3696624257933574E-015
         518   3.3333333333333330        0.0000000000000000       -7.0492573719010966E-015
         519   3.5000000000000000        0.0000000000000000       -5.7580075891000228E-015
         520   3.6666666666666665        0.0000000000000000       -4.5839561585065021E-015
         521   3.8333333333333330        0.0000000000000000       -3.5907485848749345E-015
         522   4.0000000000000000        0.0000000000000000       -2.8381917701896352E-015
         523   4.1666666666666661        0.0000000000000000       -2.0863649126164120E-015
         524   4.3333333333333330        0.0000000000000000       -1.4272170632851632E-015
         525   4.5000000000000000        0.0000000000000000       -9.3398912628066142E-016
         526   4.6666666666666661        0.0000000000000000       -5.5471940554117098E-016
         527   4.8333333333333330        0.0000000000000000       -3.9311201215926871E-016
         528   5.0000000000000000        0.0000000000000000       -1.8156615934464060E-016

         529  -5.0000000000000000       0.50000000000000000       -6.2285370182102982E-004
         530  -4.8333333333333330       0.50000000000000000       -1.4931328598816952E-003
         531  -4.6666666666666661       0.50000000000000000       -2.6363276882613944E-003
         532  -4.5000000000000000       0.50000000000000000       -4.2380528998766957E-003
         533  -4.3333333333333330       0.50000000000000000       -6.4556069069620194E-003
         534  -4.1666666666666661       0.50000000000000000       -9.4758560173777377E-003
         535  -4.0000000000000000       0.50000000000000000       -1.3468337396155348E-002
         536  -3.8333333333333330       0.50000000000000000       -1.8586036811941355E-002
         537  -3.6666666666666665       0.50000000000000000       -2.4922025489179937E-002
         538  -3.5000000000000000       0.50000000000000000       -3.2490139731104983E-002
         539  -3.3333333333333330       0.50000000000000000       -4.1186853538907324E-002
         540  -3.1666666666666665       0.50000000000000000       -5.0777683108461501E-002
         541  -3.0000000000000000       0.50000000000000000       -6.0884955528428965E-002
         542  -2.8333333333333330       0.50000000000000000       -7.1006151685356872E-002
         543  -2.6666666666666665       0.50000000000000000       -8.0544777965070827E-002
         544  -2.5000000000000000       0.50000000000000000       -8.8868915964302519E-002
         545  -2.3333333333333330       0.50000000000000000       -9.5376431094446115E-002
         546  -2.1666666666666665       0.50000000000000000       -9.9569620481285898E-002
         547  -2.0000000000000000       0.50000000000000000      -0.10111628125427449     
         548  -1.8333333333333333       0.50000000000000000       -9.9895900231252083E-002
         549  -1.6666666666666665       0.50000000000000000       -9.6014064733562401E-002
         550  -1.5000000000000000       0.50000000000000000       -8.9789995515169210E-002
         551  -1.3333333333333333       0.50000000000000000       -8.1712762309299358E-002
         552  -1.1666666666666665       0.50000000000000000       -7.2380529141008496E-002
         553  -1.0000000000000000       0.50000000000000000       -6.2427995748407482E-002
         554 -0.83333333333333326       0.50000000000000000       -5.2459375208048289E-002
         555 -0.66666666666666663       0.50000000000000000       -4.2992085391135727E-002
         556 -0.50000000000000000       0.50000000000000000       -3.4422430202107744E-002
         557 -0.33333333333333331       0.50000000000000000       -2.7011340876585480E-002
         558 -0.16666666666666666       0.50000000000000000       -2.0891902719577859E-002
         559   0.0000000000000000       0.50000000000000000       -1.6089229432615187E-002
         560  0.16666666666666666       0.50000000000000000       -1.2532959113210954E-002
         561  0.33333333333333331       0.50000000000000000       -1.0019218146794382E-002
         562  0.50000000000000000       0.50000000000000000       -8.2538827795590897E-003
         563  0.66666666666666663       0.50000000000000000       -6.9969181674912513E-003
         564  0.83333333333333326       0.50000000000000000       -6.0832353539822682E-003
         565   1.0000000000000000       0.50000000000000000       -5.3986433200827119E-003
         566   1.1666666666666665       0.50000000000000000       -4.8641032985879589E-003
         567   1.3333333333333333       0.50000000000000000       -4.4236866704106511E-003
         568   1.5000000000000000       0.50000000000000000       -4.0386036920908698E-003
         569   1.6666666666666665       0.50000000000000000       -3.6822974876237207E-003
         570   1.8333333333333333       0.50000000000000000       -3.3383142859443170E-003
         571   2.0000000000000000       0.50000000000000000       -2.9977612319038566E-003
         572   2.1666666666666665       0.50000000000000000       -2.6581435317122701E-003
         573   2.3333333333333330       0.50000000000000000       -2.3213155611956169E-003
         574   2.5000000000000000       0.50000000000000000       -1.9923767583739250E-003
         575   2.6666666666666665       0.50000000000000000       -1.6777631155624447E-003
         576   2.8333333333333330       0.50000000000000000       -1.3843148038106363E-003
         577   3.0000000000000000       0.50000000000000000       -1.1178113553470866E-003
         578   3.1666666666666665       0.50000000000000000       -8.8259730392839313E-004
         579   3.3333333333333330       0.50000000000000000       -6.8083847234623105E-004
         580   3.5000000000000000       0.50000000000000000       -5.1283643518563614E-004
         581   3.6666666666666665       0.50000000000000000       -3.7691665177819520E-004
         582   3.8333333333333330       0.50000000000000000       -2.7019600404230734E-004
         583   4.0000000000000000       0.50000000000000000       -1.8872980947310305E-004
         584   4.1666666666666661       0.50000000000000000       -1.2836325942394469E-004
         585   4.3333333333333330       0.50000000000000000       -8.4759688245576435E-005
         586   4.5000000000000000       0.50000000000000000       -5.4119157510857108E-005
         587   4.6666666666666661       0.50000000000000000       -3.2855163952905305E-005
         588   4.8333333333333330       0.50000000000000000       -1.8266850334721074E-005
         589   5.0000000000000000       0.50000000000000000       -7.5169251075743685E-006

         590  -5.0000000000000000        1.0000000000000000       -8.5612000878313485E-004
         591  -4.8333333333333330        1.0000000000000000       -2.0523549676462454E-003
         592  -4.6666666666666661        1.0000000000000000       -3.6237968080859197E-003
         593  -4.5000000000000000        1.0000000000000000       -5.8255373956893940E-003
         594  -4.3333333333333330        1.0000000000000000       -8.8737721737853666E-003
         595  -4.1666666666666661        1.0000000000000000       -1.3025356971110059E-002
         596  -4.0000000000000000        1.0000000000000000       -1.8513312233809250E-002
         597  -3.8333333333333330        1.0000000000000000       -2.5547962457883822E-002
         598  -3.6666666666666665        1.0000000000000000       -3.4257256111112647E-002
         599  -3.5000000000000000        1.0000000000000000       -4.4660208296540743E-002
         600  -3.3333333333333330        1.0000000000000000       -5.6614511787366734E-002
         601  -3.1666666666666665        1.0000000000000000       -6.9797848211887531E-002
         602  -3.0000000000000000        1.0000000000000000       -8.3691076212114232E-002
         603  -2.8333333333333330        1.0000000000000000       -9.7603443759756187E-002
         604  -2.6666666666666665        1.0000000000000000      -0.11071502413681918     
         605  -2.5000000000000000        1.0000000000000000      -0.12215719636110527     
         606  -2.3333333333333330        1.0000000000000000      -0.13110227987884218     
         607  -2.1666666666666665        1.0000000000000000      -0.13686614343341758     
         608  -2.0000000000000000        1.0000000000000000      -0.13899214854643041     
         609  -1.8333333333333333        1.0000000000000000      -0.13731464041901095     
         610  -1.6666666666666665        1.0000000000000000      -0.13197875711157217     
         611  -1.5000000000000000        1.0000000000000000      -0.12342329216790096     
         612  -1.3333333333333333        1.0000000000000000      -0.11232050996040552     
         613  -1.1666666666666665        1.0000000000000000       -9.9492633160524507E-002
         614  -1.0000000000000000        1.0000000000000000       -8.5812105993012769E-002
         615 -0.83333333333333326        1.0000000000000000       -7.2109466139552089E-002
         616 -0.66666666666666663        1.0000000000000000       -5.9095945378694073E-002
         617 -0.50000000000000000        1.0000000000000000       -4.7316294967049415E-002
         618 -0.33333333333333331        1.0000000000000000       -3.7129188277966248E-002
         619 -0.16666666666666666        1.0000000000000000       -2.8717564960893414E-002
         620   0.0000000000000000        1.0000000000000000       -2.2115951520058671E-002
         621  0.16666666666666666        1.0000000000000000       -1.7227608481187918E-002
         622  0.33333333333333331        1.0000000000000000       -1.3772251462136882E-002
         623  0.50000000000000000        1.0000000000000000       -1.1345628777348548E-002
         624  0.66666666666666663        1.0000000000000000       -9.6178156984673448E-003
         625  0.83333333333333326        1.0000000000000000       -8.3618789688434808E-003
         626   1.0000000000000000        1.0000000000000000       -7.4208505829963783E-003
         627   1.1666666666666665        1.0000000000000000       -6.6860824304508185E-003
         628   1.3333333333333333        1.0000000000000000       -6.0806954073360110E-003
         629   1.5000000000000000        1.0000000000000000       -5.5513691419221602E-003
         630   1.6666666666666665        1.0000000000000000       -5.0615990968266283E-003
         631   1.8333333333333333        1.0000000000000000       -4.5887679916474401E-003
         632   2.0000000000000000        1.0000000000000000       -4.1206519752988915E-003
         633   2.1666666666666665        1.0000000000000000       -3.6538216080130390E-003
         634   2.3333333333333330        1.0000000000000000       -3.1908259453528932E-003
         635   2.5000000000000000        1.0000000000000000       -2.7386744649557830E-003
         636   2.6666666666666665        1.0000000000000000       -2.3062140061373753E-003
         637   2.8333333333333330        1.0000000000000000       -1.9028468536105539E-003
         638   3.0000000000000000        1.0000000000000000       -1.5365174980580081E-003
         639   3.1666666666666665        1.0000000000000000       -1.2131978138897701E-003
         640   3.3333333333333330        1.0000000000000000       -9.3586501235716783E-004
         641   3.5000000000000000        1.0000000000000000       -7.0493367704572638E-004
         642   3.6666666666666665        1.0000000000000000       -5.1810219867693004E-004
         643   3.8333333333333330        1.0000000000000000       -3.7140707054984697E-004
         644   4.0000000000000000        1.0000000000000000       -2.5942516835938056E-004
         645   4.1666666666666661        1.0000000000000000       -1.7644600897299522E-004
         646   4.3333333333333330        1.0000000000000000       -1.1650877469983148E-004
         647   4.5000000000000000        1.0000000000000000       -7.4390021548394766E-005
         648   4.6666666666666661        1.0000000000000000       -4.5160286406700278E-005
         649   4.8333333333333330        1.0000000000000000       -2.5107942837482656E-005
         650   5.0000000000000000        1.0000000000000000       -1.0332049197978370E-005

         651  -5.0000000000000000        1.5000000000000000       -6.8743383179145320E-004
         652  -4.8333333333333330        1.5000000000000000       -1.6479274022976581E-003
         653  -4.6666666666666661        1.5000000000000000       -2.9095681412468054E-003
         654  -4.5000000000000000        1.5000000000000000       -4.6772508498462706E-003
         655  -4.3333333333333330        1.5000000000000000       -7.1245960631236456E-003
         656  -4.1666666666666661        1.5000000000000000       -1.0457840513839632E-002
         657  -4.0000000000000000        1.5000000000000000       -1.4864108401903576E-002
         658  -3.8333333333333330        1.5000000000000000       -2.0512214222336216E-002
         659  -3.6666666666666665        1.5000000000000000       -2.7504863583638590E-002
         660  -3.5000000000000000        1.5000000000000000       -3.5857329795983550E-002
         661  -3.3333333333333330        1.5000000000000000       -4.5455359551964516E-002
         662  -3.1666666666666665        1.5000000000000000       -5.6040168999014657E-002
         663  -3.0000000000000000        1.5000000000000000       -6.7194944170305831E-002
         664  -2.8333333333333330        1.5000000000000000       -7.8365085966787429E-002
         665  -2.6666666666666665        1.5000000000000000       -8.8892281082640745E-002
         666  -2.5000000000000000        1.5000000000000000       -9.8079120183846902E-002
         667  -2.3333333333333330        1.5000000000000000      -0.10526106434467088     
         668  -2.1666666666666665        1.5000000000000000      -0.10988882963335377     
         669  -2.0000000000000000        1.5000000000000000      -0.11159578414926206     
         670  -1.8333333333333333        1.5000000000000000      -0.11024892500224116     
         671  -1.6666666666666665        1.5000000000000000      -0.10596478235808247     
         672  -1.5000000000000000        1.5000000000000000       -9.9095660602260563E-002
         673  -1.3333333333333333        1.5000000000000000       -9.0181315797504602E-002
         674  -1.1666666666666665        1.5000000000000000       -7.9881904855090724E-002
         675  -1.0000000000000000        1.5000000000000000       -6.8897906622930993E-002
         676 -0.83333333333333326        1.5000000000000000       -5.7896153912249705E-002
         677 -0.66666666666666663        1.5000000000000000       -4.7447688383234495E-002
         678 -0.50000000000000000        1.5000000000000000       -3.7989885661833055E-002
         679 -0.33333333333333331        1.5000000000000000       -2.9810717043332866E-002
         680 -0.16666666666666666        1.5000000000000000       -2.3057057696278339E-002
         681   0.0000000000000000        1.5000000000000000       -1.7756619156499922E-002
         682  0.16666666666666666        1.5000000000000000       -1.3831763497666823E-002
         683  0.33333333333333331        1.5000000000000000       -1.1057522378114531E-002
         684  0.50000000000000000        1.5000000000000000       -9.1092554285328465E-003
         685  0.66666666666666663        1.5000000000000000       -7.7220347500164465E-003
         686  0.83333333333333326        1.5000000000000000       -6.7136666839874007E-003
         687   1.0000000000000000        1.5000000000000000       -5.9581285009565393E-003
         688   1.1666666666666665        1.5000000000000000       -5.3681923811974511E-003
         689   1.3333333333333333        1.5000000000000000       -4.8821338913707024E-003
         690   1.5000000000000000        1.5000000000000000       -4.4571436950469265E-003
         691   1.6666666666666665        1.5000000000000000       -4.0639124982921456E-003
         692   1.8333333333333333        1.5000000000000000       -3.6842813915274417E-003
         693   2.0000000000000000        1.5000000000000000       -3.3084357269300159E-003
         694   2.1666666666666665        1.5000000000000000       -2.9336222017514683E-003
         695   2.3333333333333330        1.5000000000000000       -2.5618872788647443E-003
         696   2.5000000000000000        1.5000000000000000       -2.1988589501976638E-003
         697   2.6666666666666665        1.5000000000000000       -1.8516401746610837E-003
         698   2.8333333333333330        1.5000000000000000       -1.5277800930698858E-003
         699   3.0000000000000000        1.5000000000000000       -1.2336571904699382E-003
         700   3.1666666666666665        1.5000000000000000       -9.7406631453510781E-004
         701   3.3333333333333330        1.5000000000000000       -7.5139769496062377E-004
         702   3.5000000000000000        1.5000000000000000       -5.6598415930752925E-004
         703   3.6666666666666665        1.5000000000000000       -4.1597750942482556E-004
         704   3.8333333333333330        1.5000000000000000       -2.9819618309043244E-004
         705   4.0000000000000000        1.5000000000000000       -2.0828736087841903E-004
         706   4.1666666666666661        1.5000000000000000       -1.4166517076618415E-004
         707   4.3333333333333330        1.5000000000000000       -9.3543323348566708E-005
         708   4.5000000000000000        1.5000000000000000       -5.9728193660451941E-005
         709   4.6666666666666661        1.5000000000000000       -3.6261193610132603E-005
         710   4.8333333333333330        1.5000000000000000       -2.0160754413146770E-005
         711   5.0000000000000000        1.5000000000000000       -8.2962853622576155E-006

         712  -5.0000000000000000        2.0000000000000000       -3.8195164926477628E-004
         713  -4.8333333333333330        2.0000000000000000       -9.1569660147714849E-004
         714  -4.6666666666666661        2.0000000000000000       -1.6170067695680981E-003
         715  -4.5000000000000000        2.0000000000000000       -2.5996204982072098E-003
         716  -4.3333333333333330        2.0000000000000000       -3.9599739509353447E-003
         717  -4.1666666666666661        2.0000000000000000       -5.8126845512030184E-003
         718  -4.0000000000000000        2.0000000000000000       -8.2617054837881218E-003
         719  -3.8333333333333330        2.0000000000000000       -1.1400949071416096E-002
         720  -3.6666666666666665        2.0000000000000000       -1.5287535106143682E-002
         721  -3.5000000000000000        2.0000000000000000       -1.9929941326485654E-002
         722  -3.3333333333333330        2.0000000000000000       -2.5264656858159793E-002
         723  -3.1666666666666665        2.0000000000000000       -3.1147840474320277E-002
         724  -3.0000000000000000        2.0000000000000000       -3.7347819634950673E-002
         725  -2.8333333333333330        2.0000000000000000       -4.3556339272933307E-002
         726  -2.6666666666666665        2.0000000000000000       -4.9407499933553735E-002
         727  -2.5000000000000000        2.0000000000000000       -5.4513671698811342E-002
         728  -2.3333333333333330        2.0000000000000000       -5.8505495138779326E-002
         729  -2.1666666666666665        2.0000000000000000       -6.1077670632111593E-002
         730  -2.0000000000000000        2.0000000000000000       -6.2026419519734949E-002
         731  -1.8333333333333333        2.0000000000000000       -6.1277816791633147E-002
         732  -1.6666666666666665        2.0000000000000000       -5.8896631779755799E-002
         733  -1.5000000000000000        2.0000000000000000       -5.5078679754978287E-002
         734  -1.3333333333333333        2.0000000000000000       -5.0123964800709485E-002
         735  -1.1666666666666665        2.0000000000000000       -4.4399410794198853E-002
         736  -1.0000000000000000        2.0000000000000000       -3.8294354094257917E-002
         737 -0.83333333333333326        2.0000000000000000       -3.2179429497464003E-002
         738 -0.66666666666666663        2.0000000000000000       -2.6372031876587820E-002
         739 -0.50000000000000000        2.0000000000000000       -2.1115262691910889E-002
         740 -0.33333333333333331        2.0000000000000000       -1.6569188295071216E-002
         741 -0.16666666666666666        2.0000000000000000       -1.2815453105983043E-002
         742   0.0000000000000000        2.0000000000000000       -9.8694751030074940E-003
         743  0.16666666666666666        2.0000000000000000       -7.6880500846005758E-003
         744  0.33333333333333331        2.0000000000000000       -6.1460276442182960E-003
         745  0.50000000000000000        2.0000000000000000       -5.0630781011098604E-003
         746  0.66666666666666663        2.0000000000000000       -4.2920032899669731E-003
         747  0.83333333333333326        2.0000000000000000       -3.7315220735827121E-003
         748   1.0000000000000000        2.0000000000000000       -3.3115799952290847E-003
         749   1.1666666666666665        2.0000000000000000       -2.9836865530342769E-003
         750   1.3333333333333333        2.0000000000000000       -2.7135322014595047E-003
         751   1.5000000000000000        2.0000000000000000       -2.4773207028081601E-003
         752   1.6666666666666665        2.0000000000000000       -2.2587613949152196E-003
         753   1.8333333333333333        2.0000000000000000       -2.0477605828518055E-003
         754   2.0000000000000000        2.0000000000000000       -1.8388633876698891E-003
         755   2.1666666666666665        2.0000000000000000       -1.6305391933258305E-003
         756   2.3333333333333330        2.0000000000000000       -1.4239257359562963E-003
         757   2.5000000000000000        2.0000000000000000       -1.2221509856470171E-003
         758   2.6666666666666665        2.0000000000000000       -1.0291631226659543E-003
         759   2.8333333333333330        2.0000000000000000       -8.4915797483307712E-004
         760   3.0000000000000000        2.0000000000000000       -6.8568103305544992E-004
         761   3.1666666666666665        2.0000000000000000       -5.4139730998594988E-004
         762   3.3333333333333330        2.0000000000000000       -4.1763565421854812E-004
         763   3.5000000000000000        2.0000000000000000       -3.1458118692766896E-004
         764   3.6666666666666665        2.0000000000000000       -2.3120713706745825E-004
         765   3.8333333333333330        2.0000000000000000       -1.6574410878003129E-004
         766   4.0000000000000000        2.0000000000000000       -1.1577066043195358E-004
         767   4.1666666666666661        2.0000000000000000       -7.8739451072672669E-005
         768   4.3333333333333330        2.0000000000000000       -5.1990820310504171E-005
         769   4.5000000000000000        2.0000000000000000       -3.3193464544700632E-005
         770   4.6666666666666661        2.0000000000000000       -2.0148456015236264E-005
         771   4.8333333333333330        2.0000000000000000       -1.1201246897397600E-005
         772   5.0000000000000000        2.0000000000000000       -4.6092734293904874E-006

         773  -5.0000000000000000        2.5000000000000000       -1.5509482515202436E-004
         774  -4.8333333333333330        2.5000000000000000       -3.7174953875567754E-004
         775  -4.6666666666666661        2.5000000000000000       -6.5609599014806205E-004
         776  -4.5000000000000000        2.5000000000000000       -1.0545964300193483E-003
         777  -4.3333333333333330        2.5000000000000000       -1.6065066517918563E-003
         778  -4.1666666666666661        2.5000000000000000       -2.3583231339281150E-003
         779  -4.0000000000000000        2.5000000000000000       -3.3523027612240822E-003
         780  -3.8333333333333330        2.5000000000000000       -4.6264002599726833E-003
         781  -3.6666666666666665        2.5000000000000000       -6.2037336111523079E-003
         782  -3.5000000000000000        2.5000000000000000       -8.0877601523640912E-003
         783  -3.3333333333333330        2.5000000000000000       -1.0252718231545199E-002
         784  -3.1666666666666665        2.5000000000000000       -1.2640242982811833E-002
         785  -3.0000000000000000        2.5000000000000000       -1.5156321048173708E-002
         786  -2.8333333333333330        2.5000000000000000       -1.7675859570482007E-002
         787  -2.6666666666666665        2.5000000000000000       -2.0050371373123425E-002
         788  -2.5000000000000000        2.5000000000000000       -2.2122550709280767E-002
         789  -2.3333333333333330        2.5000000000000000       -2.3742505719018203E-002
         790  -2.1666666666666665        2.5000000000000000       -2.4786341253294864E-002
         791  -2.0000000000000000        2.5000000000000000       -2.5171360534298377E-002
         792  -1.8333333333333333        2.5000000000000000       -2.4867563870634900E-002
         793  -1.6666666666666665        2.5000000000000000       -2.3901235424143560E-002
         794  -1.5000000000000000        2.5000000000000000       -2.2351840503689359E-002
         795  -1.3333333333333333        2.5000000000000000       -2.0341125136170857E-002
         796  -1.1666666666666665        2.5000000000000000       -1.8017993381381797E-002
         797  -1.0000000000000000        2.5000000000000000       -1.5540443403265160E-002
         798 -0.83333333333333326        2.5000000000000000       -1.3058885301449540E-002
         799 -0.66666666666666663        2.5000000000000000       -1.0702120853893245E-002
         800 -0.50000000000000000        2.5000000000000000       -8.5688031075657149E-003
         801 -0.33333333333333331        2.5000000000000000       -6.7238788952246531E-003
         802 -0.16666666666666666        2.5000000000000000       -5.2004676699346636E-003
         803   0.0000000000000000        2.5000000000000000       -4.0048001144070830E-003
         804  0.16666666666666666        2.5000000000000000       -3.1194307965916272E-003
         805  0.33333333333333331        2.5000000000000000       -2.4937608890058484E-003
         806  0.50000000000000000        2.5000000000000000       -2.0544214985417173E-003
         807  0.66666666666666663        2.5000000000000000       -1.7415888599311524E-003
         808  0.83333333333333326        2.5000000000000000       -1.5141870186448781E-003
         809   1.0000000000000000        2.5000000000000000       -1.3437997085011932E-003
         810   1.1666666666666665        2.5000000000000000       -1.2107594030087354E-003
         811   1.3333333333333333        2.5000000000000000       -1.1011443557205364E-003
         812   1.5000000000000000        2.5000000000000000       -1.0053001991660562E-003
         813   1.6666666666666665        2.5000000000000000       -9.1661579646600769E-004
         814   1.8333333333333333        2.5000000000000000       -8.3099627625815835E-004
         815   2.0000000000000000        2.5000000000000000       -7.4622796892738084E-004
         816   2.1666666666666665        2.5000000000000000       -6.6169067759393565E-004
         817   2.3333333333333330        2.5000000000000000       -5.7784614317606727E-004
         818   2.5000000000000000        2.5000000000000000       -4.9596439735765155E-004
         819   2.6666666666666665        2.5000000000000000       -4.1764763004854203E-004
         820   2.8333333333333330        2.5000000000000000       -3.4459899850485415E-004
         821   3.0000000000000000        2.5000000000000000       -2.7825718305665096E-004
         822   3.1666666666666665        2.5000000000000000       -2.1970391925991888E-004
         823   3.3333333333333330        2.5000000000000000       -1.6947812014706320E-004
         824   3.5000000000000000        2.5000000000000000       -1.2765479879482783E-004
         825   3.6666666666666665        2.5000000000000000       -9.3816550921951530E-005
         826   3.8333333333333330        2.5000000000000000       -6.7247124890228667E-005
         827   4.0000000000000000        2.5000000000000000       -4.6967560189009620E-005
         828   4.1666666666666661        2.5000000000000000       -3.1941618516302775E-005
         829   4.3333333333333330        2.5000000000000000       -2.1089386494116145E-005
         830   4.5000000000000000        2.5000000000000000       -1.3466203998083597E-005
         831   4.6666666666666661        2.5000000000000000       -8.1775158489749230E-006
         832   4.8333333333333330        2.5000000000000000       -4.5461590695983249E-006
         833   5.0000000000000000        2.5000000000000000       -1.8702935110788551E-006

         834  -5.0000000000000000        3.0000000000000000       -4.4842584366673420E-005
         835  -4.8333333333333330        3.0000000000000000       -1.0876466960645137E-004
         836  -4.6666666666666661        3.0000000000000000       -1.9550668509115765E-004
         837  -4.5000000000000000        3.0000000000000000       -3.1757485359084747E-004
         838  -4.3333333333333330        3.0000000000000000       -4.8596662214942481E-004
         839  -4.1666666666666661        3.0000000000000000       -7.1467597060874985E-004
         840  -4.0000000000000000        3.0000000000000000       -1.0163834606404585E-003
         841  -3.8333333333333330        3.0000000000000000       -1.4029635584761554E-003
         842  -3.6666666666666665        3.0000000000000000       -1.8815788036770477E-003
         843  -3.5000000000000000        3.0000000000000000       -2.4532406969575656E-003
         844  -3.3333333333333330        3.0000000000000000       -3.1101163675047506E-003
         845  -3.1666666666666665        3.0000000000000000       -3.8344871347961080E-003
         846  -3.0000000000000000        3.0000000000000000       -4.5978371029778402E-003
         847  -2.8333333333333330        3.0000000000000000       -5.3622188011758012E-003
         848  -2.6666666666666665        3.0000000000000000       -6.0825929605797567E-003
         849  -2.5000000000000000        3.0000000000000000       -6.7112397015102500E-003
         850  -2.3333333333333330        3.0000000000000000       -7.2026911248465608E-003
         851  -2.1666666666666665        3.0000000000000000       -7.5193613467151622E-003
         852  -2.0000000000000000        3.0000000000000000       -7.6361653478846572E-003
         853  -1.8333333333333333        3.0000000000000000       -7.5440008093056255E-003
         854  -1.6666666666666665        3.0000000000000000       -7.2508427200073276E-003
         855  -1.5000000000000000        3.0000000000000000       -6.7807956168049752E-003
         856  -1.3333333333333333        3.0000000000000000       -6.1707932754160475E-003
         857  -1.1666666666666665        3.0000000000000000       -5.4660038571123538E-003
         858  -1.0000000000000000        3.0000000000000000       -4.7143576838645940E-003
         859 -0.83333333333333326        3.0000000000000000       -3.9614784383444042E-003
         860 -0.66666666666666663        3.0000000000000000       -3.2464426302398854E-003
         861 -0.50000000000000000        3.0000000000000000       -2.5991815680807473E-003
         862 -0.33333333333333331        3.0000000000000000       -2.0394306121063487E-003
         863 -0.16666666666666666        3.0000000000000000       -1.5772875349972600E-003
         864   0.0000000000000000        3.0000000000000000       -1.2147364850073482E-003
         865  0.16666666666666666        3.0000000000000000       -9.4633293454149045E-004
         866  0.33333333333333331        3.0000000000000000       -7.5633433555721407E-004
         867  0.50000000000000000        3.0000000000000000       -6.2287683647514682E-004
         868  0.66666666666666663        3.0000000000000000       -5.2796408222545021E-004
         869  0.83333333333333326        3.0000000000000000       -4.5904003177305074E-004
         870   1.0000000000000000        3.0000000000000000       -4.0743268951959577E-004
         871   1.1666666666666665        3.0000000000000000       -3.6714284882197407E-004
         872   1.3333333333333333        3.0000000000000000       -3.3394381720190934E-004
         873   1.5000000000000000        3.0000000000000000       -3.0490507081914179E-004
         874   1.6666666666666665        3.0000000000000000       -2.7802685482985540E-004
         875   1.8333333333333333        3.0000000000000000       -2.5206874463259136E-004
         876   2.0000000000000000        3.0000000000000000       -2.2636352568647435E-004
         877   2.1666666666666665        3.0000000000000000       -2.0072381705315672E-004
         878   2.3333333333333330        3.0000000000000000       -1.7529213979557666E-004
         879   2.5000000000000000        3.0000000000000000       -1.5045365128330134E-004
         880   2.6666666666666665        3.0000000000000000       -1.2669577784246464E-004
         881   2.8333333333333330        3.0000000000000000       -1.0453465210558703E-004
         882   3.0000000000000000        3.0000000000000000       -8.4407645234002817E-005
         883   3.1666666666666665        3.0000000000000000       -6.6642374290714731E-005
         884   3.3333333333333330        3.0000000000000000       -5.1403585622449970E-005
         885   3.5000000000000000        3.0000000000000000       -3.8714310708551731E-005
         886   3.6666666666666665        3.0000000000000000       -2.8450256260556385E-005
         887   3.8333333333333330        3.0000000000000000       -2.0390150325275742E-005
         888   4.0000000000000000        3.0000000000000000       -1.4228836149033895E-005
         889   4.1666666666666661        3.0000000000000000       -9.6553449157439983E-006
         890   4.3333333333333330        3.0000000000000000       -6.3426518735383806E-006
         891   4.5000000000000000        3.0000000000000000       -4.0022370213924972E-006
         892   4.6666666666666661        3.0000000000000000       -2.3817936513438401E-006
         893   4.8333333333333330        3.0000000000000000       -1.3046755702051017E-006
         894   5.0000000000000000        3.0000000000000000       -5.3301383936992188E-007

         895  -4.6666666666666661        3.5000000000000000       -2.9963302451497835E-005
         896  -4.5000000000000000        3.5000000000000000       -6.4406139391067461E-005
         897  -4.3333333333333330        3.5000000000000000       -1.0437785106135380E-004
         898  -4.1666666666666661        3.5000000000000000       -1.5765915657969264E-004
         899  -4.0000000000000000        3.5000000000000000       -2.2859111325391067E-004
         900  -3.8333333333333330        3.5000000000000000       -3.1922403065567793E-004
         901  -3.6666666666666665        3.5000000000000000       -4.3027506429352307E-004
         902  -3.5000000000000000        3.5000000000000000       -5.6228727196860114E-004
         903  -3.3333333333333330        3.5000000000000000       -7.1348269521988360E-004
         904  -3.1666666666666665        3.5000000000000000       -8.8003741895721654E-004
         905  -3.0000000000000000        3.5000000000000000       -1.0553971611999961E-003
         906  -2.8333333333333330        3.5000000000000000       -1.2309681496975508E-003
         907  -2.6666666666666665        3.5000000000000000       -1.3963773175134457E-003
         908  -2.5000000000000000        3.5000000000000000       -1.5407330969361105E-003
         909  -2.3333333333333330        3.5000000000000000       -1.6535620212530760E-003
         910  -2.1666666666666665        3.5000000000000000       -1.7262762612371698E-003
         911  -2.0000000000000000        3.5000000000000000       -1.7530858697076743E-003
         912  -1.8333333333333333        3.5000000000000000       -1.7319309206925216E-003
         913  -1.6666666666666665        3.5000000000000000       -1.6646147182299699E-003
         914  -1.5000000000000000        3.5000000000000000       -1.5566932835128380E-003
         915  -1.3333333333333333        3.5000000000000000       -1.4166175880435414E-003
         916  -1.1666666666666665        3.5000000000000000       -1.2547698884908748E-003
         917  -1.0000000000000000        3.5000000000000000       -1.0821143256459686E-003
         918 -0.83333333333333326        3.5000000000000000       -9.0911515645069533E-004
         919 -0.66666666666666663        3.5000000000000000       -7.4466216277845520E-004
         920 -0.50000000000000000        3.5000000000000000       -5.9555624574467907E-004
         921 -0.33333333333333331        3.5000000000000000       -4.6614365188388907E-004
         922 -0.16666666666666666        3.5000000000000000       -3.5861295212070684E-004
         923   0.0000000000000000        3.5000000000000000       -2.7334797430016166E-004
         924  0.16666666666666666        3.5000000000000000       -2.1037341383387374E-004
         925  0.33333333333333331        3.5000000000000000       -1.6809327699071332E-004
         926  0.50000000000000000        3.5000000000000000       -1.3948662831162297E-004
         927  0.66666666666666663        3.5000000000000000       -1.1913802523187701E-004
         928  0.83333333333333326        3.5000000000000000       -1.0422570030768981E-004
         929   1.0000000000000000        3.5000000000000000       -9.2891021987569564E-005
         930   1.1666666666666665        3.5000000000000000       -8.3936757105911158E-005
         931   1.3333333333333333        3.5000000000000000       -7.6470832481709372E-005
         932   1.5000000000000000        3.5000000000000000       -6.9894651421509662E-005
         933   1.6666666666666665        3.5000000000000000       -6.3769034254143581E-005
         934   1.8333333333333333        3.5000000000000000       -5.7837931761369228E-005
         935   2.0000000000000000        3.5000000000000000       -5.1948827095995132E-005
         936   2.1666666666666665        3.5000000000000000       -4.6071861050168896E-005
         937   2.3333333333333330        3.5000000000000000       -4.0235632785868114E-005
         938   2.5000000000000000        3.5000000000000000       -3.4535998738743848E-005
         939   2.6666666666666665        3.5000000000000000       -2.9079979029565785E-005
         940   2.8333333333333330        3.5000000000000000       -2.3990520148021970E-005
         941   3.0000000000000000        3.5000000000000000       -1.9362884750198521E-005
         942   3.1666666666666665        3.5000000000000000       -1.5273730687036309E-005
         943   3.3333333333333330        3.5000000000000000       -1.1754438004444796E-005
         944   3.5000000000000000        3.5000000000000000       -8.8083738594303041E-006
         945   3.6666666666666665        3.5000000000000000       -6.4034978746928648E-006
         946   3.8333333333333330        3.5000000000000000       -4.5111071587728471E-006
         947   4.0000000000000000        3.5000000000000000       -3.1009852817314086E-006
         948   4.1666666666666661        3.5000000000000000       -2.0556372934659684E-006
         949   4.3333333333333330        3.5000000000000000       -1.2718543682913379E-006
         950   4.5000000000000000        3.5000000000000000       -5.9700780109188760E-007

         951  -4.0000000000000000        4.0000000000000000       -2.4738140035760913E-005
         952  -3.8333333333333330        4.0000000000000000       -4.8272812778026795E-005
         953  -3.6666666666666665        4.0000000000000000       -6.9817187137858296E-005
         954  -3.5000000000000000        4.0000000000000000       -9.3521355686430776E-005
         955  -3.3333333333333330        4.0000000000000000       -1.1945344965699890E-004
         956  -3.1666666666666665        4.0000000000000000       -1.4780083054141170E-004
         957  -3.0000000000000000        4.0000000000000000       -1.7737089748209804E-004
         958  -2.8333333333333330        4.0000000000000000       -2.0699923774762281E-004
         959  -2.6666666666666665        4.0000000000000000       -2.3481537021303623E-004
         960  -2.5000000000000000        4.0000000000000000       -2.5913857098880101E-004
         961  -2.3333333333333330        4.0000000000000000       -2.7809528339773184E-004
         962  -2.1666666666666665        4.0000000000000000       -2.9035448371474810E-004
         963  -2.0000000000000000        4.0000000000000000       -2.9483826863840429E-004
         964  -1.8333333333333333        4.0000000000000000       -2.9130556600709298E-004
         965  -1.6666666666666665        4.0000000000000000       -2.7995047977221214E-004
         966  -1.5000000000000000        4.0000000000000000       -2.6182144756221052E-004
         967  -1.3333333333333333        4.0000000000000000       -2.3820696736714697E-004
         968  -1.1666666666666665        4.0000000000000000       -2.1099045592827656E-004
         969  -1.0000000000000000        4.0000000000000000       -1.8182002369512544E-004
         970 -0.83333333333333326        4.0000000000000000       -1.5262499164124890E-004
         971 -0.66666666666666663        4.0000000000000000       -1.2451351970264765E-004
         972 -0.50000000000000000        4.0000000000000000       -9.8771026624526592E-005
         973 -0.33333333333333331        4.0000000000000000       -7.4964674002210905E-005
         974 -0.16666666666666666        4.0000000000000000       -5.3034680162085583E-005
         975   0.0000000000000000        4.0000000000000000       -2.7361610541012760E-005
         976  0.33333333333333331        4.0000000000000000       -9.6248491898839350E-006
         977  0.50000000000000000        4.0000000000000000       -1.6154330634900346E-005
         978  0.66666666666666663        4.0000000000000000       -1.6592355405296342E-005
         979  0.83333333333333326        4.0000000000000000       -1.6131415137779010E-005
         980   1.0000000000000000        4.0000000000000000       -1.4894283734690438E-005
         981   1.1666666666666665        4.0000000000000000       -1.3838225186421656E-005
         982   1.3333333333333333        4.0000000000000000       -1.2682744696509253E-005
         983   1.5000000000000000        4.0000000000000000       -1.1703575487000537E-005
         984   1.6666666666666665        4.0000000000000000       -1.0671573253166139E-005
         985   1.8333333333333333        4.0000000000000000       -9.7235319619731286E-006
         986   2.0000000000000000        4.0000000000000000       -8.7158684656746314E-006
         987   2.1666666666666665        4.0000000000000000       -7.7538132755465677E-006
         988   2.3333333333333330        4.0000000000000000       -6.7551457652209848E-006
         989   2.5000000000000000        4.0000000000000000       -5.8135641284128549E-006
         990   2.6666666666666665        4.0000000000000000       -4.8800165611742678E-006
         991   2.8333333333333330        4.0000000000000000       -4.0343366866374439E-006
         992   3.0000000000000000        4.0000000000000000       -3.2358066091863330E-006
         993   3.1666666666666665        4.0000000000000000       -2.5434722528847107E-006
         994   3.3333333333333330        4.0000000000000000       -1.8995774998556170E-006
         995   3.5000000000000000        4.0000000000000000       -1.3296886901067859E-006
         996   3.6666666666666665        4.0000000000000000       -6.7938958147424868E-007
