           0  -4.0000000000000000       -4.0000000000000000        4.4746641815427517E-006
           1  -3.8333333333333330       -4.0000000000000000        8.6698058064617969E-006
           2  -3.6666666666666665       -4.0000000000000000        1.2485594288398042E-005
           3  -3.5000000000000000       -4.0000000000000000        1.6690952043360483E-005
           4  -3.3333333333333330       -4.0000000000000000        2.1297752631404278E-005
           5  -3.1666666666666665       -4.0000000000000000        2.6340208177995884E-005
           6  -3.0000000000000000       -4.0000000000000000        3.1602957429844736E-005
           7  -2.8333333333333330       -4.0000000000000000        3.6878407905134781E-005
           8  -2.6666666666666665       -4.0000000000000000        4.1831778920028527E-005
           9  -2.5000000000000000       -4.0000000000000000        4.6163921284140364E-005
          10  -2.3333333333333330       -4.0000000000000000        4.9540181907489163E-005
          11  -2.1666666666666665       -4.0000000000000000        5.1723916959234996E-005
          12  -2.0000000000000000       -4.0000000000000000        5.2522446334597072E-005
          13  -1.8333333333333333       -4.0000000000000000        5.1893422189665206E-005
          14  -1.6666666666666665       -4.0000000000000000        4.9870813950456855E-005
          15  -1.5000000000000000       -4.0000000000000000        4.6642191569664318E-005
          16  -1.3333333333333333       -4.0000000000000000        4.2436484649078992E-005
          17  -1.1666666666666665       -4.0000000000000000        3.7590471726949309E-005
          18  -1.0000000000000000       -4.0000000000000000        3.2397228831938988E-005
          19 -0.83333333333333326       -4.0000000000000000        2.7202835557197215E-005
          20 -0.66666666666666663       -4.0000000000000000        2.2204422654964002E-005
          21 -0.50000000000000000       -4.0000000000000000        1.7635593570262142E-005
          22 -0.33333333333333331       -4.0000000000000000        1.3416820763672508E-005
          23 -0.16666666666666666       -4.0000000000000000        9.5397038241267295E-006
          24   0.0000000000000000       -4.0000000000000000        4.9578549468245928E-006
          25  0.33333333333333331       -4.0000000000000000        1.7986575323434049E-006
          26  0.50000000000000000       -4.0000000000000000        2.9703057995055924E-006
          27  0.66666666666666663       -4.0000000000000000        3.0186592864514164E-006
          28  0.83333333333333326       -4.0000000000000000        2.9142773533676543E-006
          29   1.0000000000000000       -4.0000000000000000        2.6768892336449596E-006
          30   1.1666666666666665       -4.0000000000000000        2.4793987056677726E-006
          31   1.3333333333333333       -4.0000000000000000        2.2672312916734655E-006
          32   1.5000000000000000       -4.0000000000000000        2.0896963416945355E-006
          33   1.6666666666666665       -4.0000000000000000        1.9036267805301982E-006
          34   1.8333333333333333       -4.0000000000000000        1.7338137284782798E-006
          35   2.0000000000000000       -4.0000000000000000        1.5534926023541825E-006
          36   2.1666666666666665       -4.0000000000000000        1.3818896444055757E-006
          37   2.3333333333333330       -4.0000000000000000        1.2036709145414063E-006
          38   2.5000000000000000       -4.0000000000000000        1.0359589492624510E-006
          39   2.6666666666666665       -4.0000000000000000        8.6956393193633026E-007
          40   2.8333333333333330       -4.0000000000000000        7.1908395796995941E-007
          41   3.0000000000000000       -4.0000000000000000        5.7694784325026684E-007
          42   3.1666666666666665       -4.0000000000000000        4.5402559338281442E-007
          43   3.3333333333333330       -4.0000000000000000        3.3975543392259318E-007
          44   3.5000000000000000       -4.0000000000000000        2.3891643757277741E-007
          45   3.6666666666666665       -4.0000000000000000        1.2294177539740212E-007

          46  -4.6666666666666661       -3.5000000000000000        6.1878311381539977E-006
          47  -4.5000000000000000       -3.5000000000000000        1.3211572661436525E-005
          48  -4.3333333333333330       -3.5000000000000000        2.1315223774169816E-005
          49  -4.1666666666666661       -3.5000000000000000        3.2090445324966599E-005
          50  -4.0000000000000000       -3.5000000000000000        4.6388142737824914E-005
          51  -3.8333333333333330       -3.5000000000000000        6.4654113816645515E-005
          52  -3.6666666666666665       -3.5000000000000000        8.7054965246893872E-005
          53  -3.5000000000000000       -3.5000000000000000        1.1370496918480173E-004
          54  -3.3333333333333330       -3.5000000000000000        1.4424251100960894E-004
          55  -3.1666666666666665       -3.5000000000000000        1.7789220004016458E-004
          56  -3.0000000000000000       -3.5000000000000000        2.1332642571467189E-004
          57  -2.8333333333333330       -3.5000000000000000        2.4880674795381289E-004
          58  -2.6666666666666665       -3.5000000000000000        2.8223514623499681E-004
          59  -2.5000000000000000       -3.5000000000000000        3.1140973076500093E-004
          60  -2.3333333333333330       -3.5000000000000000        3.3421300408518855E-004
          61  -2.1666666666666665       -3.5000000000000000        3.4890912786662360E-004
          62  -2.0000000000000000       -3.5000000000000000        3.5432760248002413E-004
          63  -1.8333333333333333       -3.5000000000000000        3.5005216555446966E-004
          64  -1.6666666666666665       -3.5000000000000000        3.3644727487676108E-004
          65  -1.5000000000000000       -3.5000000000000000        3.1463613196730891E-004
          66  -1.3333333333333333       -3.5000000000000000        2.8632710581944165E-004
          67  -1.1666666666666665       -3.5000000000000000        2.5361920099616059E-004
          68  -1.0000000000000000       -3.5000000000000000        2.1872939140480857E-004
          69 -0.83333333333333326       -3.5000000000000000        1.8377408868761155E-004
          70 -0.66666666666666663       -3.5000000000000000        1.5055236118619500E-004
          71 -0.50000000000000000       -3.5000000000000000        1.2044160070072543E-004
          72 -0.33333333333333331       -3.5000000000000000        9.4323846663375488E-005
          73 -0.16666666666666666       -3.5000000000000000        7.2642275876756186E-005
          74   0.0000000000000000       -3.5000000000000000        5.5468379184142891E-005
          75  0.16666666666666666       -3.5000000000000000        4.2773631639203722E-005
          76  0.33333333333333331       -3.5000000000000000        3.4195485108260047E-005
          77  0.50000000000000000       -3.5000000000000000        2.8354112427666955E-005
          78  0.66666666666666663       -3.5000000000000000        2.4188881999481266E-005
          79  0.83333333333333326       -3.5000000000000000        2.1135930844043684E-005
          80   1.0000000000000000       -3.5000000000000000        1.8818917060294946E-005
          81   1.1666666666666665       -3.5000000000000000        1.6992236421505029E-005
          82   1.3333333333333333       -3.5000000000000000        1.5472753035943721E-005
          83   1.5000000000000000       -3.5000000000000000        1.4137080238051211E-005
          84   1.6666666666666665       -3.5000000000000000        1.2895043194482182E-005
          85   1.8333333333333333       -3.5000000000000000        1.1693842946423647E-005
          86   2.0000000000000000       -3.5000000000000000        1.0502111838330132E-005
          87   2.1666666666666665       -3.5000000000000000        9.3134022886928894E-006
          88   2.3333333333333330       -3.5000000000000000        8.1333149487031747E-006
          89   2.5000000000000000       -3.5000000000000000        6.9810697003061640E-006
          90   2.6666666666666665       -3.5000000000000000        5.8782624134668202E-006
          91   2.8333333333333330       -3.5000000000000000        4.8497027812586933E-006
          92   3.0000000000000000       -3.5000000000000000        3.9146880487754458E-006
          93   3.1666666666666665       -3.5000000000000000        3.0887411792977665E-006
          94   3.3333333333333330       -3.5000000000000000        2.3782990051875181E-006
          95   3.5000000000000000       -3.5000000000000000        1.7840471903998795E-006
          96   3.6666666666666665       -3.5000000000000000        1.2994209576301899E-006
          97   3.8333333333333330       -3.5000000000000000        9.1790872933883143E-007
          98   4.0000000000000000       -3.5000000000000000        6.3264374089582516E-007
          99   4.1666666666666661       -3.5000000000000000        4.2057724768877791E-007
         100   4.3333333333333330       -3.5000000000000000        2.6138129981501180E-007
         101   4.5000000000000000       -3.5000000000000000        1.2355181274850499E-007

         102  -5.0000000000000000       -3.0000000000000000        1.0665183672188041E-005
         103  -4.8333333333333330       -3.0000000000000000        2.5815421978641421E-005
         104  -4.6666666666666661       -3.0000000000000000        4.6266995230583079E-005
         105  -4.5000000000000000       -3.0000000000000000        7.5009945183162436E-005
         106  -4.3333333333333330       -3.0000000000000000        1.1466744386128904E-004
         107  -4.1666666666666661       -3.0000000000000000        1.6854910303155680E-004
         108  -4.0000000000000000       -3.0000000000000000        2.3965338118207664E-004
         109  -3.8333333333333330       -3.0000000000000000        3.3076686602728154E-004
         110  -3.6666666666666665       -3.0000000000000000        4.4357222688513073E-004
         111  -3.5000000000000000       -3.0000000000000000        5.7831034862448145E-004
         112  -3.3333333333333330       -3.0000000000000000        7.3313611864838247E-004
         113  -3.1666666666666665       -3.0000000000000000        9.0387385103888088E-004
         114  -3.0000000000000000       -3.0000000000000000        1.0838016065775576E-003
         115  -2.8333333333333330       -3.0000000000000000        1.2639743939110164E-003
         116  -2.6666666666666665       -3.0000000000000000        1.4337751844960194E-003
         117  -2.5000000000000000       -3.0000000000000000        1.5819554201894023E-003
         118  -2.3333333333333330       -3.0000000000000000        1.6977972037557285E-003
         119  -2.1666666666666665       -3.0000000000000000        1.7724408648877672E-003
         120  -2.0000000000000000       -3.0000000000000000        1.7999732627030449E-003
         121  -1.8333333333333333       -3.0000000000000000        1.7782489001390369E-003
         122  -1.6666666666666665       -3.0000000000000000        1.7091475645789696E-003
         123  -1.5000000000000000       -3.0000000000000000        1.5983512877334046E-003
         124  -1.3333333333333333       -3.0000000000000000        1.4545660566595566E-003
         125  -1.1666666666666665       -3.0000000000000000        1.2884390932146811E-003
         126  -1.0000000000000000       -3.0000000000000000        1.1112685597323884E-003
         127 -0.83333333333333326       -3.0000000000000000        9.3380909873431463E-004
         128 -0.66666666666666663       -3.0000000000000000        7.6527161257710762E-004
         129 -0.50000000000000000       -3.0000000000000000        6.1271105265825574E-004
         130 -0.33333333333333331       -3.0000000000000000        4.8077739485853145E-004
         131 -0.16666666666666666       -3.0000000000000000        3.7184772583545415E-004
         132   0.0000000000000000       -3.0000000000000000        2.8638494344449472E-004
         133  0.16666666666666666       -3.0000000000000000        2.2311154910227863E-004
         134  0.33333333333333331       -3.0000000000000000        1.7833224610335391E-004
         135  0.50000000000000000       -3.0000000000000000        1.4687764732806066E-004
         136  0.66666666666666663       -3.0000000000000000        1.2449989323854349E-004
         137  0.83333333333333326       -3.0000000000000000        1.0824424764989162E-004
         138   1.0000000000000000       -3.0000000000000000        9.6069811928317769E-005
         139   1.1666666666666665       -3.0000000000000000        8.6564473746667702E-005
         140   1.3333333333333333       -3.0000000000000000        7.8732291551554984E-005
         141   1.5000000000000000       -3.0000000000000000        7.1882518027261794E-005
         142   1.6666666666666665       -3.0000000000000000        6.5543372250120979E-005
         143   1.8333333333333333       -3.0000000000000000        5.9422202460337674E-005
         144   2.0000000000000000       -3.0000000000000000        5.3361381774826961E-005
         145   2.1666666666666665       -3.0000000000000000        4.7316573545675917E-005
         146   2.3333333333333330       -3.0000000000000000        4.1321164934078093E-005
         147   2.5000000000000000       -3.0000000000000000        3.5465877542033567E-005
         148   2.6666666666666665       -3.0000000000000000        2.9865495884457719E-005
         149   2.8333333333333330       -3.0000000000000000        2.4641671941716420E-005
         150   3.0000000000000000       -3.0000000000000000        1.9897437303873580E-005
         151   3.1666666666666665       -3.0000000000000000        1.5710021001821424E-005
         152   3.3333333333333330       -3.0000000000000000        1.2118180062943456E-005
         153   3.5000000000000000       -3.0000000000000000        9.1273050725669442E-006
         154   3.6666666666666665       -3.0000000000000000        6.7079754596550826E-006
         155   3.8333333333333330       -3.0000000000000000        4.8081863597781524E-006
         156   4.0000000000000000       -3.0000000000000000        3.3563212650794753E-006
         157   4.1666666666666661       -3.0000000000000000        2.2788966453747976E-006
         158   4.3333333333333330       -3.0000000000000000        1.4987467373877750E-006
         159   4.5000000000000000       -3.0000000000000000        9.4782447716303660E-007
         160   4.6666666666666661       -3.0000000000000000        5.6599011239855080E-007
         161   4.8333333333333330       -3.0000000000000000        3.1089921171314034E-007
         162   5.0000000000000000       -3.0000000000000000        1.2721065929694312E-007

         163  -5.0000000000000000       -2.5000000000000000        4.3873322316764395E-005
         164  -4.8333333333333330       -2.5000000000000000        1.0516095811028488E-004
         165  -4.6666666666666661       -2.5000000000000000        1.8560871391661943E-004
         166  -4.5000000000000000       -2.5000000000000000        2.9834178799545370E-004
         167  -4.3333333333333330       -2.5000000000000000        4.5445653857036582E-004
         168  -4.1666666666666661       -2.5000000000000000        6.6710537128281155E-004
         169  -4.0000000000000000       -2.5000000000000000        9.4823574793057139E-004
         170  -3.8333333333333330       -2.5000000000000000        1.3085937480947784E-003
         171  -3.6666666666666665       -2.5000000000000000        1.7547229116664817E-003
         172  -3.5000000000000000       -2.5000000000000000        2.2876004159795150E-003
         173  -3.3333333333333330       -2.5000000000000000        2.8999391034424020E-003
         174  -3.1666666666666665       -2.5000000000000000        3.5752304113646567E-003
         175  -3.0000000000000000       -2.5000000000000000        4.2868830862054421E-003
         176  -2.8333333333333330       -2.5000000000000000        4.9995152980492107E-003
         177  -2.6666666666666665       -2.5000000000000000        5.6711283192654232E-003
         178  -2.5000000000000000       -2.5000000000000000        6.2572291539746677E-003
         179  -2.3333333333333330       -2.5000000000000000        6.7154217928135744E-003
         180  -2.1666666666666665       -2.5000000000000000        7.0106632385915262E-003
         181  -2.0000000000000000       -2.5000000000000000        7.1195632153326785E-003
         182  -1.8333333333333333       -2.5000000000000000        7.0336364820795892E-003
         183  -1.6666666666666665       -2.5000000000000000        6.7603173603199649E-003
         184  -1.5000000000000000       -2.5000000000000000        6.3220821013616618E-003
         185  -1.3333333333333333       -2.5000000000000000        5.7533658311075698E-003
         186  -1.1666666666666665       -2.5000000000000000        5.0962850988162302E-003
         187  -1.0000000000000000       -2.5000000000000000        4.3955287182017048E-003
         188 -0.83333333333333326       -2.5000000000000000        3.6936391613250569E-003
         189 -0.66666666666666663       -2.5000000000000000        3.0270472514667061E-003
         190 -0.50000000000000000       -2.5000000000000000        2.4236563586133293E-003
         191 -0.33333333333333331       -2.5000000000000000        1.9018368323351768E-003
         192 -0.16666666666666666       -2.5000000000000000        1.4709570132574996E-003
         193   0.0000000000000000       -2.5000000000000000        1.1327806622869251E-003
         194  0.16666666666666666       -2.5000000000000000        8.8236736164024488E-004
         195  0.33333333333333331       -2.5000000000000000        7.0539310047159894E-004
         196  0.50000000000000000       -2.5000000000000000        5.8111823640654065E-004
         197  0.66666666666666663       -2.5000000000000000        4.9262815245729901E-004
         198  0.83333333333333326       -2.5000000000000000        4.2830340256507708E-004
         199   1.0000000000000000       -2.5000000000000000        3.8010595767669705E-004
         200   1.1666666666666665       -2.5000000000000000        3.4247244797790593E-004
         201   1.3333333333333333       -2.5000000000000000        3.1146520908889851E-004
         202   1.5000000000000000       -2.5000000000000000        2.8435347609980188E-004
         203   1.6666666666666665       -2.5000000000000000        2.5926736321596239E-004
         204   1.8333333333333333       -2.5000000000000000        2.3504857209345674E-004
         205   2.0000000000000000       -2.5000000000000000        2.1107095148405883E-004
         206   2.1666666666666665       -2.5000000000000000        1.8715898873659765E-004
         207   2.3333333333333330       -2.5000000000000000        1.6344324614238817E-004
         208   2.5000000000000000       -2.5000000000000000        1.4028287261639864E-004
         209   2.6666666666666665       -2.5000000000000000        1.1813101234168343E-004
         210   2.8333333333333330       -2.5000000000000000        9.7469345050883561E-005
         211   3.0000000000000000       -2.5000000000000000        7.8704781363982546E-005
         212   3.1666666666666665       -2.5000000000000000        6.2143254414058984E-005
         213   3.3333333333333330       -2.5000000000000000        4.7937199756775694E-005
         214   3.5000000000000000       -2.5000000000000000        3.6107830328529578E-005
         215   3.6666666666666665       -2.5000000000000000        2.6537115766230566E-005
         216   3.8333333333333330       -2.5000000000000000        1.9022332642857729E-005
         217   4.0000000000000000       -2.5000000000000000        1.3286331744612617E-005
         218   4.1666666666666661       -2.5000000000000000        9.0361872645020631E-006
         219   4.3333333333333330       -2.5000000000000000        5.9664812777999906E-006
         220   4.5000000000000000       -2.5000000000000000        3.8099304963134266E-006
         221   4.6666666666666661       -2.5000000000000000        2.3136240950877708E-006
         222   4.8333333333333330       -2.5000000000000000        1.2863373227439303E-006
         223   5.0000000000000000       -2.5000000000000000        5.2926015505743873E-007

         224  -5.0000000000000000       -2.0000000000000000        1.3505594818166572E-004
         225  -4.8333333333333330       -2.0000000000000000        3.2377745535092729E-004
         226  -4.6666666666666661       -2.0000000000000000        5.7172523348560230E-004
         227  -4.5000000000000000       -2.0000000000000000        9.1912447157842182E-004
         228  -4.3333333333333330       -2.0000000000000000        1.4000762936563537E-003
         229  -4.1666666666666661       -2.0000000000000000        2.0551056232481742E-003
         230  -4.0000000000000000       -2.0000000000000000        2.9209708988740032E-003
         231  -3.8333333333333330       -2.0000000000000000        4.0308674640760489E-003
         232  -3.6666666666666665       -2.0000000000000000        5.4049868668289555E-003
         233  -3.5000000000000000       -2.0000000000000000        7.0463275958610487E-003
         234  -3.3333333333333330       -2.0000000000000000        8.9324359329400697E-003
         235  -3.1666666666666665       -2.0000000000000000        1.1012456915689021E-002
         236  -3.0000000000000000       -2.0000000000000000        1.3204482063701058E-002
         237  -2.8333333333333330       -2.0000000000000000        1.5399526816809435E-002
         238  -2.6666666666666665       -2.0000000000000000        1.7468226058764101E-002
         239  -2.5000000000000000       -2.0000000000000000        1.9273531819184477E-002
         240  -2.3333333333333330       -2.0000000000000000        2.0684855644759276E-002
         241  -2.1666666666666665       -2.0000000000000000        2.1594257720115268E-002
         242  -2.0000000000000000       -2.0000000000000000        2.1929691293530833E-002
         243  -1.8333333333333333       -2.0000000000000000        2.1665019918232126E-002
         244  -1.6666666666666665       -2.0000000000000000        2.0823143003382269E-002
         245  -1.5000000000000000       -2.0000000000000000        1.9473291803229771E-002
         246  -1.3333333333333333       -2.0000000000000000        1.7721533852015092E-002
         247  -1.1666666666666665       -2.0000000000000000        1.5697596487368844E-002
         248  -1.0000000000000000       -2.0000000000000000        1.3539130956051235E-002
         249 -0.83333333333333326       -2.0000000000000000        1.1377176548740412E-002
         250 -0.66666666666666663       -2.0000000000000000        9.3239491667384215E-003
         251 -0.50000000000000000       -2.0000000000000000        7.4653979890434343E-003
         252 -0.33333333333333331       -2.0000000000000000        5.8581142675233630E-003
         253 -0.16666666666666666       -2.0000000000000000        4.5309628081248990E-003
         254   0.0000000000000000       -2.0000000000000000        3.4893933546910221E-003
         255  0.16666666666666666       -2.0000000000000000        2.7181361063661055E-003
         256  0.33333333333333331       -2.0000000000000000        2.1729541224689243E-003
         257  0.50000000000000000       -2.0000000000000000        1.7900806292655111E-003
         258  0.66666666666666663       -2.0000000000000000        1.5174678970332834E-003
         259  0.83333333333333326       -2.0000000000000000        1.3193089319078906E-003
         260   1.0000000000000000       -2.0000000000000000        1.1708366233242626E-003
         261   1.1666666666666665       -2.0000000000000000        1.0549078028485794E-003
         262   1.3333333333333333       -2.0000000000000000        9.5939248492078614E-004
         263   1.5000000000000000       -2.0000000000000000        8.7587769025999332E-004
         264   1.6666666666666665       -2.0000000000000000        7.9860385559431463E-004
         265   1.8333333333333333       -2.0000000000000000        7.2400242128770596E-004
         266   2.0000000000000000       -2.0000000000000000        6.5014479707522642E-004
         267   2.1666666666666665       -2.0000000000000000        5.7648987427485825E-004
         268   2.3333333333333330       -2.0000000000000000        5.0343988955232010E-004
         269   2.5000000000000000       -2.0000000000000000        4.3210077207539780E-004
         270   2.6666666666666665       -2.0000000000000000        3.6386839723199024E-004
         271   2.8333333333333330       -2.0000000000000000        3.0022622793690775E-004
         272   3.0000000000000000       -2.0000000000000000        2.4242776278982176E-004
         273   3.1666666666666665       -2.0000000000000000        1.9141522737606818E-004
         274   3.3333333333333330       -2.0000000000000000        1.4765840376553509E-004
         275   3.5000000000000000       -2.0000000000000000        1.1122272222115365E-004
         276   3.6666666666666665       -2.0000000000000000        8.1745110054511129E-005
         277   3.8333333333333330       -2.0000000000000000        5.8600084724670857E-005
         278   4.0000000000000000       -2.0000000000000000        4.0931723127294608E-005
         279   4.1666666666666661       -2.0000000000000000        2.7839238495987949E-005
         280   4.3333333333333330       -2.0000000000000000        1.8382224054650146E-005
         281   4.5000000000000000       -2.0000000000000000        1.1736467092969867E-005
         282   4.6666666666666661       -2.0000000000000000        7.1244017727870147E-006
         283   4.8333333333333330       -2.0000000000000000        3.9608292935071852E-006
         284   5.0000000000000000       -2.0000000000000000        1.6298852992385020E-006

         285  -5.0000000000000000       -1.5000000000000000        3.2405263743527798E-004
         286  -4.8333333333333330       -1.5000000000000000        7.7682910087610959E-004
         287  -4.6666666666666661       -1.5000000000000000        1.3715811218132502E-003
         288  -4.5000000000000000       -1.5000000000000000        2.2048862037685191E-003
         289  -4.3333333333333330       -1.5000000000000000        3.3585844705234114E-003
         290  -4.1666666666666661       -1.5000000000000000        4.9298953407665817E-003
         291  -4.0000000000000000       -1.5000000000000000        7.0070251715578877E-003
         292  -3.8333333333333330       -1.5000000000000000        9.6695609210336580E-003
         293  -3.6666666666666665       -1.5000000000000000        1.2965921652970011E-002
         294  -3.5000000000000000       -1.5000000000000000        1.6903306498401181E-002
         295  -3.3333333333333330       -1.5000000000000000        2.1427855449236376E-002
         296  -3.1666666666666665       -1.5000000000000000        2.6417576347928167E-002
         297  -3.0000000000000000       -1.5000000000000000        3.1675981332625128E-002
         298  -2.8333333333333330       -1.5000000000000000        3.6941630120866313E-002
         299  -2.6666666666666665       -1.5000000000000000        4.1904191249034245E-002
         300  -2.5000000000000000       -1.5000000000000000        4.6234903205910456E-002
         301  -2.3333333333333330       -1.5000000000000000        4.9620499766193066E-002
         302  -2.1666666666666665       -1.5000000000000000        5.1802046324651095E-002
         303  -2.0000000000000000       -1.5000000000000000        5.2606711193756664E-002
         304  -1.8333333333333333       -1.5000000000000000        5.1971796277589799E-002
         305  -1.6666666666666665       -1.5000000000000000        4.9952234375615585E-002
         306  -1.5000000000000000       -1.5000000000000000        4.6714103133065024E-002
         307  -1.3333333333333333       -1.5000000000000000        4.2511845696366055E-002
         308  -1.1666666666666665       -1.5000000000000000        3.7656662591936944E-002
         309  -1.0000000000000000       -1.5000000000000000        3.2478762344075575E-002
         310 -0.83333333333333326       -1.5000000000000000        2.7292492556270628E-002
         311 -0.66666666666666663       -1.5000000000000000        2.2367044690998247E-002
         312 -0.50000000000000000       -1.5000000000000000        1.7908599542910821E-002
         313 -0.33333333333333331       -1.5000000000000000        1.4052908635820774E-002
         314 -0.16666666666666666       -1.5000000000000000        1.0869210345913797E-002
         315   0.0000000000000000       -1.5000000000000000        8.3705692991675098E-003
         316  0.16666666666666666       -1.5000000000000000        6.5203821819148780E-003
         317  0.33333333333333331       -1.5000000000000000        5.2125887337444651E-003
         318  0.50000000000000000       -1.5000000000000000        4.2941613707438275E-003
         319  0.66666666666666663       -1.5000000000000000        3.6402165314172968E-003
         320  0.83333333333333326       -1.5000000000000000        3.1648661169861834E-003
         321   1.0000000000000000       -1.5000000000000000        2.8087016656474020E-003
         322   1.1666666666666665       -1.5000000000000000        2.5306029115863579E-003
         323   1.3333333333333333       -1.5000000000000000        2.3014725044755405E-003
         324   1.5000000000000000       -1.5000000000000000        2.1011297776100495E-003
         325   1.6666666666666665       -1.5000000000000000        1.9157582244256051E-003
         326   1.8333333333333333       -1.5000000000000000        1.7367976363613809E-003
         327   2.0000000000000000       -1.5000000000000000        1.5596214060263590E-003
         328   2.1666666666666665       -1.5000000000000000        1.3829316314971996E-003
         329   2.3333333333333330       -1.5000000000000000        1.2076930865545592E-003
         330   2.5000000000000000       -1.5000000000000000        1.0365588560027339E-003
         331   2.6666666666666665       -1.5000000000000000        8.7287735864775601E-004
         332   2.8333333333333330       -1.5000000000000000        7.2020731183119091E-004
         333   3.0000000000000000       -1.5000000000000000        5.8155559990598999E-004
         334   3.1666666666666665       -1.5000000000000000        4.5918254459756348E-004
         335   3.3333333333333330       -1.5000000000000000        3.5421494096847029E-004
         336   3.5000000000000000       -1.5000000000000000        2.6680969320644706E-004
         337   3.6666666666666665       -1.5000000000000000        1.9609558009685399E-004
         338   3.8333333333333330       -1.5000000000000000        1.4057269225639074E-004
         339   4.0000000000000000       -1.5000000000000000        9.8188896415477901E-005
         340   4.1666666666666661       -1.5000000000000000        6.6782513043543289E-005
         341   4.3333333333333330       -1.5000000000000000        4.4097304895509313E-005
         342   4.5000000000000000       -1.5000000000000000        2.8156337868363261E-005
         343   4.6666666666666661       -1.5000000000000000        1.7093606324824530E-005
         344   4.8333333333333330       -1.5000000000000000        9.5037744889549434E-006
         345   5.0000000000000000       -1.5000000000000000        3.9108668665684616E-006

         346  -5.0000000000000000       -1.0000000000000000        6.0537682301371591E-004
         347  -4.8333333333333330       -1.0000000000000000        1.4512494434976749E-003
         348  -4.6666666666666661       -1.0000000000000000        2.5624207479869100E-003
         349  -4.5000000000000000       -1.0000000000000000        4.1192775068520093E-003
         350  -4.3333333333333330       -1.0000000000000000        6.2746974711049095E-003
         351  -4.1666666666666661       -1.0000000000000000        9.2103062865466524E-003
         352  -4.0000000000000000       -1.0000000000000000        1.3090878415688728E-002
         353  -3.8333333333333330       -1.0000000000000000        1.8065128912033882E-002
         354  -3.6666666666666665       -1.0000000000000000        2.4223527820936477E-002
         355  -3.5000000000000000       -1.0000000000000000        3.1579521517320172E-002
         356  -3.3333333333333330       -1.0000000000000000        4.0032484177297829E-002
         357  -3.1666666666666665       -1.0000000000000000        4.9354502934148947E-002
         358  -3.0000000000000000       -1.0000000000000000        5.9178489900161418E-002
         359  -2.8333333333333330       -1.0000000000000000        6.9016010239356648E-002
         360  -2.6666666666666665       -1.0000000000000000        7.8287288813035580E-002
         361  -2.5000000000000000       -1.0000000000000000        8.6378118517931882E-002
         362  -2.3333333333333330       -1.0000000000000000        9.2703241428937669E-002
         363  -2.1666666666666665       -1.0000000000000000        9.6778904241166946E-002
         364  -2.0000000000000000       -1.0000000000000000        9.8282215127815167E-002
         365  -1.8333333333333333       -1.0000000000000000        9.7096038619130048E-002
         366  -1.6666666666666665       -1.0000000000000000        9.3323002709236907E-002
         367  -1.5000000000000000       -1.0000000000000000        8.7273380999823208E-002
         368  -1.3333333333333333       -1.0000000000000000        7.9422535674312386E-002
         369  -1.1666666666666665       -1.0000000000000000        7.0351865388216264E-002
         370  -1.0000000000000000       -1.0000000000000000        6.0678280689673639E-002
         371 -0.83333333333333326       -1.0000000000000000        5.0989059818037669E-002
         372 -0.66666666666666663       -1.0000000000000000        4.1787118935255822E-002
         373 -0.50000000000000000       -1.0000000000000000        3.3457654830216406E-002
         374 -0.33333333333333331       -1.0000000000000000        2.6254287054141318E-002
         375 -0.16666666666666666       -1.0000000000000000        2.0306372727705361E-002
         376   0.0000000000000000       -1.0000000000000000        1.5638324789691033E-002
         377  0.16666666666666666       -1.0000000000000000        1.2181742627054423E-002
         378  0.33333333333333331       -1.0000000000000000        9.7384441708209153E-003
         379  0.50000000000000000       -1.0000000000000000        8.0225718304429965E-003
         380  0.66666666666666663       -1.0000000000000000        6.8008293128042196E-003
         381  0.83333333333333326       -1.0000000000000000        5.9127516604345291E-003
         382   1.0000000000000000       -1.0000000000000000        5.2473464343052627E-003
         383   1.1666666666666665       -1.0000000000000000        4.7277884346071317E-003
         384   1.3333333333333333       -1.0000000000000000        4.2997160840575919E-003
         385   1.5000000000000000       -1.0000000000000000        3.9254263432051007E-003
         386   1.6666666666666665       -1.0000000000000000        3.5791066167326566E-003
         387   1.8333333333333333       -1.0000000000000000        3.2447641472832332E-003
         388   2.0000000000000000       -1.0000000000000000        2.9137553895309393E-003
         389   2.1666666666666665       -1.0000000000000000        2.5836554464305586E-003
         390   2.3333333333333330       -1.0000000000000000        2.2562668250807457E-003
         391   2.5000000000000000       -1.0000000000000000        1.9365460678558925E-003
         392   2.6666666666666665       -1.0000000000000000        1.6307488970540096E-003
         393   2.8333333333333330       -1.0000000000000000        1.3455238145734898E-003
         394   3.0000000000000000       -1.0000000000000000        1.0864884690599730E-003
         395   3.1666666666666665       -1.0000000000000000        8.5786566455083155E-004
         396   3.3333333333333330       -1.0000000000000000        6.6176061451721007E-004
         397   3.5000000000000000       -1.0000000000000000        4.9846648090775528E-004
         398   3.6666666666666665       -1.0000000000000000        3.6635574930860541E-004
         399   3.8333333333333330       -1.0000000000000000        2.6262587849458562E-004
         400   4.0000000000000000       -1.0000000000000000        1.8344229263632551E-004
         401   4.1666666666666661       -1.0000000000000000        1.2476692608036301E-004
         402   4.3333333333333330       -1.0000000000000000        8.2384770239253715E-005
         403   4.5000000000000000       -1.0000000000000000        5.2602298561484599E-005
         404   4.6666666666666661       -1.0000000000000000        3.1933743059356172E-005
         405   4.8333333333333330       -1.0000000000000000        1.7754397275401310E-005
         406   5.0000000000000000       -1.0000000000000000        7.3060338266928913E-006

         407  -5.0000000000000000      -0.50000000000000000        8.8084045403069859E-004
         408  -4.8333333333333330      -0.50000000000000000        2.1115949231919288E-003
         409  -4.6666666666666661      -0.50000000000000000        3.7283218468000716E-003
         410  -4.5000000000000000      -0.50000000000000000        5.9935105824872577E-003
         411  -4.3333333333333330      -0.50000000000000000        9.1296098580911401E-003
         412  -4.1666666666666661      -0.50000000000000000        1.3400886789842879E-002
         413  -4.0000000000000000      -0.50000000000000000        1.9047098542343363E-002
         414  -3.8333333333333330      -0.50000000000000000        2.6284605648184904E-002
         415  -3.6666666666666665      -0.50000000000000000        3.5245033341899698E-002
         416  -3.5000000000000000      -0.50000000000000000        4.5947948311728853E-002
         417  -3.3333333333333330      -0.50000000000000000        5.8246942308262058E-002
         418  -3.1666666666666665      -0.50000000000000000        7.1810405146438466E-002
         419  -3.0000000000000000      -0.50000000000000000        8.6104227263627334E-002
         420  -2.8333333333333330      -0.50000000000000000       0.10041774021338498     
         421  -2.6666666666666665      -0.50000000000000000       0.11390737585606474     
         422  -2.5000000000000000      -0.50000000000000000       0.12567946790676748     
         423  -2.3333333333333330      -0.50000000000000000       0.13488247075832041     
         424  -2.1666666666666665      -0.50000000000000000       0.14081252731018506     
         425  -2.0000000000000000      -0.50000000000000000       0.14299983250457513     
         426  -1.8333333333333333      -0.50000000000000000       0.14127395523140254     
         427  -1.6666666666666665      -0.50000000000000000       0.13578421833581311     
         428  -1.5000000000000000      -0.50000000000000000       0.12698206746779989     
         429  -1.3333333333333333      -0.50000000000000000       0.11555915069384379     
         430  -1.1666666666666665      -0.50000000000000000       0.10236139843529508     
         431  -1.0000000000000000      -0.50000000000000000        8.8286410418445357E-002
         432 -0.83333333333333326      -0.50000000000000000        7.4188671752115701E-002
         433 -0.66666666666666663      -0.50000000000000000        6.0799920947630301E-002
         434 -0.50000000000000000      -0.50000000000000000        4.8680615786501263E-002
         435 -0.33333333333333331      -0.50000000000000000        3.8199768931502960E-002
         436 -0.16666666666666666      -0.50000000000000000        2.9545591954295923E-002
         437   0.0000000000000000      -0.50000000000000000        2.2753602111715426E-002
         438  0.16666666666666666      -0.50000000000000000        1.7724288768352886E-002
         439  0.33333333333333331      -0.50000000000000000        1.4169323221229305E-002
         440  0.50000000000000000      -0.50000000000000000        1.1672760455607275E-002
         441  0.66666666666666663      -0.50000000000000000        9.8951444611745307E-003
         442  0.83333333333333326      -0.50000000000000000        8.6030033526237233E-003
         443   1.0000000000000000      -0.50000000000000000        7.6348460286224619E-003
         444   1.1666666666666665      -0.50000000000000000        6.8788941886526039E-003
         445   1.3333333333333333      -0.50000000000000000        6.2560526291153690E-003
         446   1.5000000000000000      -0.50000000000000000        5.7114641841077710E-003
         447   1.6666666666666665      -0.50000000000000000        5.2075717420589449E-003
         448   1.8333333333333333      -0.50000000000000000        4.7211061178214732E-003
         449   2.0000000000000000      -0.50000000000000000        4.2394909704091292E-003
         450   2.1666666666666665      -0.50000000000000000        3.7591981682166238E-003
         451   2.3333333333333330      -0.50000000000000000        3.2828502962392726E-003
         452   2.5000000000000000      -0.50000000000000000        2.8176591319047798E-003
         453   2.6666666666666665      -0.50000000000000000        2.3727266599980422E-003
         454   2.8333333333333330      -0.50000000000000000        1.9577264311062175E-003
         455   3.0000000000000000      -0.50000000000000000        1.5808320385357669E-003
         456   3.1666666666666665      -0.50000000000000000        1.2481876448805045E-003
         457   3.3333333333333330      -0.50000000000000000        9.6285625611329875E-004
         458   3.5000000000000000      -0.50000000000000000        7.2526439851330871E-004
         459   3.6666666666666665      -0.50000000000000000        5.3304395347707667E-004
         460   3.8333333333333330      -0.50000000000000000        3.8211748405120544E-004
         461   4.0000000000000000      -0.50000000000000000        2.6690618819136811E-004
         462   4.1666666666666661      -0.50000000000000000        1.8153437659580577E-004
         463   4.3333333333333330      -0.50000000000000000        1.1986910337816658E-004
         464   4.5000000000000000      -0.50000000000000000        7.6536396103184866E-005
         465   4.6666666666666661      -0.50000000000000000        4.6464236634296238E-005
         466   4.8333333333333330      -0.50000000000000000        2.5833183347147711E-005
         467   5.0000000000000000      -0.50000000000000000        1.0630515790908821E-005

         468  -5.0000000000000000        0.0000000000000000        9.9810615874520894E-004
         469  -4.8333333333333330        0.0000000000000000        2.3927209952506238E-003
         470  -4.6666666666666661        0.0000000000000000        4.2247264526909297E-003
         471  -4.5000000000000000        0.0000000000000000        6.7915406318829674E-003
         472  -4.3333333333333330        0.0000000000000000        1.0345221080010535E-002
         473  -4.1666666666666661        0.0000000000000000        1.5185218862708676E-002
         474  -4.0000000000000000        0.0000000000000000        2.1583205188385465E-002
         475  -3.8333333333333330        0.0000000000000000        2.9784363194119094E-002
         476  -3.6666666666666665        0.0000000000000000        3.9937850041921609E-002
         477  -3.5000000000000000        0.0000000000000000        5.2065835891958887E-002
         478  -3.3333333333333330        0.0000000000000000        6.6002417321861725E-002
         479  -3.1666666666666665        0.0000000000000000        8.1371829912997087E-002
         480  -3.0000000000000000        0.0000000000000000        9.7568848110984346E-002
         481  -2.8333333333333330        0.0000000000000000       0.11378817902608918     
         482  -2.6666666666666665        0.0000000000000000       0.12907393495275760     
         483  -2.5000000000000000        0.0000000000000000       0.14241345949582043     
         484  -2.3333333333333330        0.0000000000000000       0.15284182534184443     
         485  -2.1666666666666665        0.0000000000000000       0.15956145805754218     
         486  -2.0000000000000000        0.0000000000000000       0.16203999894150675     
         487  -1.8333333333333333        0.0000000000000000       0.16008432424983812     
         488  -1.6666666666666665        0.0000000000000000       0.15386363893768093     
         489  -1.5000000000000000        0.0000000000000000       0.14388949777047330     
         490  -1.3333333333333333        0.0000000000000000       0.13094564055234523     
         491  -1.1666666666666665        0.0000000000000000       0.11599063174447632     
         492  -1.0000000000000000        0.0000000000000000       0.10004158495394030     
         493 -0.83333333333333326        0.0000000000000000        8.4066758419927570E-002
         494 -0.66666666666666663        0.0000000000000000        6.8895320657994932E-002
         495 -0.50000000000000000        0.0000000000000000        5.5162353735076219E-002
         496 -0.33333333333333331        0.0000000000000000        4.3286005050088554E-002
         497 -0.16666666666666666        0.0000000000000000        3.3479547770526141E-002
         498   0.0000000000000000        0.0000000000000000        2.5783230822781115E-002
         499  0.16666666666666666        0.0000000000000000        2.0084284690269755E-002
         500  0.33333333333333331        0.0000000000000000        1.6055970953318323E-002
         501  0.50000000000000000        0.0000000000000000        1.3226981479522048E-002
         502  0.66666666666666663        0.0000000000000000        1.1212671592810589E-002
         503  0.83333333333333326        0.0000000000000000        9.7484804711429583E-003
         504   1.0000000000000000        0.0000000000000000        8.6514131947389543E-003
         505   1.1666666666666665        0.0000000000000000        7.7948070091398459E-003
         506   1.3333333333333333        0.0000000000000000        7.0890349659970880E-003
         507   1.5000000000000000        0.0000000000000000        6.4719354107524432E-003
         508   1.6666666666666665        0.0000000000000000        5.9009505659483067E-003
         509   1.8333333333333333        0.0000000000000000        5.3497128832272877E-003
         510   2.0000000000000000        0.0000000000000000        4.8039715480691766E-003
         511   2.1666666666666665        0.0000000000000000        4.2597286090598329E-003
         512   2.3333333333333330        0.0000000000000000        3.7199558831616107E-003
         513   2.5000000000000000        0.0000000000000000        3.1928253462348267E-003
         514   2.6666666666666665        0.0000000000000000        2.6886509280025454E-003
         515   2.8333333333333330        0.0000000000000000        2.2183941680520170E-003
         516   3.0000000000000000        0.0000000000000000        1.7913169896178901E-003
         517   3.1666666666666665        0.0000000000000000        1.4143816255611419E-003
         518   3.3333333333333330        0.0000000000000000        1.0910589636604464E-003
         519   3.5000000000000000        0.0000000000000000        8.2183233770933650E-004
         520   3.6666666666666665        0.0000000000000000        6.0401839361370533E-004
         521   3.8333333333333330        0.0000000000000000        4.3299660282780384E-004
         522   4.0000000000000000        0.0000000000000000        3.0244498308868529E-004
         523   4.1666666666666661        0.0000000000000000        2.0570577139072786E-004
         524   4.3333333333333330        0.0000000000000000        1.3582954467793184E-004
         525   4.5000000000000000        0.0000000000000000        8.6726737700921247E-005
         526   4.6666666666666661        0.0000000000000000        5.2650196046475155E-005
         527   4.8333333333333330        0.0000000000000000        2.9272315548290558E-005
         528   5.0000000000000000        0.0000000000000000        1.2045727399777399E-005

         529  -5.0000000000000000       0.50000000000000000        8.8084045403083347E-004
         530  -4.8333333333333330       0.50000000000000000        2.1115949231920927E-003
         531  -4.6666666666666661       0.50000000000000000        3.7283218468000426E-003
         532  -4.5000000000000000       0.50000000000000000        5.9935105824871562E-003
         533  -4.3333333333333330       0.50000000000000000        9.1296098580912702E-003
         534  -4.1666666666666661       0.50000000000000000        1.3400886789843202E-002
         535  -4.0000000000000000       0.50000000000000000        1.9047098542343578E-002
         536  -3.8333333333333330       0.50000000000000000        2.6284605648185071E-002
         537  -3.6666666666666665       0.50000000000000000        3.5245033341899747E-002
         538  -3.5000000000000000       0.50000000000000000        4.5947948311728937E-002
         539  -3.3333333333333330       0.50000000000000000        5.8246942308262176E-002
         540  -3.1666666666666665       0.50000000000000000        7.1810405146439063E-002
         541  -3.0000000000000000       0.50000000000000000        8.6104227263628125E-002
         542  -2.8333333333333330       0.50000000000000000       0.10041774021338605     
         543  -2.6666666666666665       0.50000000000000000       0.11390737585606595     
         544  -2.5000000000000000       0.50000000000000000       0.12567946790676870     
         545  -2.3333333333333330       0.50000000000000000       0.13488247075832160     
         546  -2.1666666666666665       0.50000000000000000       0.14081252731018631     
         547  -2.0000000000000000       0.50000000000000000       0.14299983250457662     
         548  -1.8333333333333333       0.50000000000000000       0.14127395523140404     
         549  -1.6666666666666665       0.50000000000000000       0.13578421833581439     
         550  -1.5000000000000000       0.50000000000000000       0.12698206746780069     
         551  -1.3333333333333333       0.50000000000000000       0.11555915069384404     
         552  -1.1666666666666665       0.50000000000000000       0.10236139843529495     
         553  -1.0000000000000000       0.50000000000000000        8.8286410418444983E-002
         554 -0.83333333333333326       0.50000000000000000        7.4188671752114965E-002
         555 -0.66666666666666663       0.50000000000000000        6.0799920947629545E-002
         556 -0.50000000000000000       0.50000000000000000        4.8680615786500375E-002
         557 -0.33333333333333331       0.50000000000000000        3.8199768931502079E-002
         558 -0.16666666666666666       0.50000000000000000        2.9545591954295326E-002
         559   0.0000000000000000       0.50000000000000000        2.2753602111715111E-002
         560  0.16666666666666666       0.50000000000000000        1.7724288768352907E-002
         561  0.33333333333333331       0.50000000000000000        1.4169323221229489E-002
         562  0.50000000000000000       0.50000000000000000        1.1672760455607627E-002
         563  0.66666666666666663       0.50000000000000000        9.8951444611751795E-003
         564  0.83333333333333326       0.50000000000000000        8.6030033526244137E-003
         565   1.0000000000000000       0.50000000000000000        7.6348460286233084E-003
         566   1.1666666666666665       0.50000000000000000        6.8788941886533273E-003
         567   1.3333333333333333       0.50000000000000000        6.2560526291159640E-003
         568   1.5000000000000000       0.50000000000000000        5.7114641841082689E-003
         569   1.6666666666666665       0.50000000000000000        5.2075717420593630E-003
         570   1.8333333333333333       0.50000000000000000        4.7211061178218904E-003
         571   2.0000000000000000       0.50000000000000000        4.2394909704097155E-003
         572   2.1666666666666665       0.50000000000000000        3.7591981682173672E-003
         573   2.3333333333333330       0.50000000000000000        3.2828502962400784E-003
         574   2.5000000000000000       0.50000000000000000        2.8176591319055994E-003
         575   2.6666666666666665       0.50000000000000000        2.3727266599988285E-003
         576   2.8333333333333330       0.50000000000000000        1.9577264311068342E-003
         577   3.0000000000000000       0.50000000000000000        1.5808320385361314E-003
         578   3.1666666666666665       0.50000000000000000        1.2481876448806636E-003
         579   3.3333333333333330       0.50000000000000000        9.6285625611339102E-004
         580   3.5000000000000000       0.50000000000000000        7.2526439851334677E-004
         581   3.6666666666666665       0.50000000000000000        5.3304395347712871E-004
         582   3.8333333333333330       0.50000000000000000        3.8211748405136980E-004
         583   4.0000000000000000       0.50000000000000000        2.6690618819152651E-004
         584   4.1666666666666661       0.50000000000000000        1.8153437659600670E-004
         585   4.3333333333333330       0.50000000000000000        1.1986910337830922E-004
         586   4.5000000000000000       0.50000000000000000        7.6536396102974585E-005
         587   4.6666666666666661       0.50000000000000000        4.6464236634011927E-005
         588   4.8333333333333330       0.50000000000000000        2.5833183346976993E-005
         589   5.0000000000000000       0.50000000000000000        1.0630515790826809E-005

         590  -5.0000000000000000        1.0000000000000000        6.0537682301344659E-004
         591  -4.8333333333333330        1.0000000000000000        1.4512494434974642E-003
         592  -4.6666666666666661        1.0000000000000000        2.5624207479868939E-003
         593  -4.5000000000000000        1.0000000000000000        4.1192775068519122E-003
         594  -4.3333333333333330        1.0000000000000000        6.2746974711045140E-003
         595  -4.1666666666666661        1.0000000000000000        9.2103062865458371E-003
         596  -4.0000000000000000        1.0000000000000000        1.3090878415688184E-002
         597  -3.8333333333333330        1.0000000000000000        1.8065128912033834E-002
         598  -3.6666666666666665        1.0000000000000000        2.4223527820936671E-002
         599  -3.5000000000000000        1.0000000000000000        3.1579521517320720E-002
         600  -3.3333333333333330        1.0000000000000000        4.0032484177298960E-002
         601  -3.1666666666666665        1.0000000000000000        4.9354502934150279E-002
         602  -3.0000000000000000        1.0000000000000000        5.9178489900162834E-002
         603  -2.8333333333333330        1.0000000000000000        6.9016010239358092E-002
         604  -2.6666666666666665        1.0000000000000000        7.8287288813037134E-002
         605  -2.5000000000000000        1.0000000000000000        8.6378118517933727E-002
         606  -2.3333333333333330        1.0000000000000000        9.2703241428939653E-002
         607  -2.1666666666666665        1.0000000000000000        9.6778904241169014E-002
         608  -2.0000000000000000        1.0000000000000000        9.8282215127817082E-002
         609  -1.8333333333333333        1.0000000000000000        9.7096038619131617E-002
         610  -1.6666666666666665        1.0000000000000000        9.3323002709238101E-002
         611  -1.5000000000000000        1.0000000000000000        8.7273380999823874E-002
         612  -1.3333333333333333        1.0000000000000000        7.9422535674312469E-002
         613  -1.1666666666666665        1.0000000000000000        7.0351865388215945E-002
         614  -1.0000000000000000        1.0000000000000000        6.0678280689673042E-002
         615 -0.83333333333333326        1.0000000000000000        5.0989059818037002E-002
         616 -0.66666666666666663        1.0000000000000000        4.1787118935255101E-002
         617 -0.50000000000000000        1.0000000000000000        3.3457654830215733E-002
         618 -0.33333333333333331        1.0000000000000000        2.6254287054140707E-002
         619 -0.16666666666666666        1.0000000000000000        2.0306372727704660E-002
         620   0.0000000000000000        1.0000000000000000        1.5638324789690503E-002
         621  0.16666666666666666        1.0000000000000000        1.2181742627054333E-002
         622  0.33333333333333331        1.0000000000000000        9.7384441708213889E-003
         623  0.50000000000000000        1.0000000000000000        8.0225718304436592E-003
         624  0.66666666666666663        1.0000000000000000        6.8008293128048363E-003
         625  0.83333333333333326        1.0000000000000000        5.9127516604352741E-003
         626   1.0000000000000000        1.0000000000000000        5.2473464343059982E-003
         627   1.1666666666666665        1.0000000000000000        4.7277884346078585E-003
         628   1.3333333333333333        1.0000000000000000        4.2997160840582754E-003
         629   1.5000000000000000        1.0000000000000000        3.9254263432059039E-003
         630   1.6666666666666665        1.0000000000000000        3.5791066167335200E-003
         631   1.8333333333333333        1.0000000000000000        3.2447641472841378E-003
         632   2.0000000000000000        1.0000000000000000        2.9137553895319918E-003
         633   2.1666666666666665        1.0000000000000000        2.5836554464316133E-003
         634   2.3333333333333330        1.0000000000000000        2.2562668250816790E-003
         635   2.5000000000000000        1.0000000000000000        1.9365460678566462E-003
         636   2.6666666666666665        1.0000000000000000        1.6307488970546964E-003
         637   2.8333333333333330        1.0000000000000000        1.3455238145739703E-003
         638   3.0000000000000000        1.0000000000000000        1.0864884690603217E-003
         639   3.1666666666666665        1.0000000000000000        8.5786566455111398E-004
         640   3.3333333333333330        1.0000000000000000        6.6176061451750281E-004
         641   3.5000000000000000        1.0000000000000000        4.9846648090786240E-004
         642   3.6666666666666665        1.0000000000000000        3.6635574930862433E-004
         643   3.8333333333333330        1.0000000000000000        2.6262587849443741E-004
         644   4.0000000000000000        1.0000000000000000        1.8344229263608363E-004
         645   4.1666666666666661        1.0000000000000000        1.2476692608014907E-004
         646   4.3333333333333330        1.0000000000000000        8.2384770239047974E-005
         647   4.5000000000000000        1.0000000000000000        5.2602298561102194E-005
         648   4.6666666666666661        1.0000000000000000        3.1933743059094399E-005
         649   4.8333333333333330        1.0000000000000000        1.7754397275339724E-005
         650   5.0000000000000000        1.0000000000000000        7.3060338266784206E-006

         651  -5.0000000000000000        1.5000000000000000        3.2405263743524057E-004
         652  -4.8333333333333330        1.5000000000000000        7.7682910087607424E-004
         653  -4.6666666666666661        1.5000000000000000        1.3715811218129852E-003
         654  -4.5000000000000000        1.5000000000000000        2.2048862037681270E-003
         655  -4.3333333333333330        1.5000000000000000        3.3585844705228724E-003
         656  -4.1666666666666661        1.5000000000000000        4.9298953407661151E-003
         657  -4.0000000000000000        1.5000000000000000        7.0070251715573144E-003
         658  -3.8333333333333330        1.5000000000000000        9.6695609210329225E-003
         659  -3.6666666666666665        1.5000000000000000        1.2965921652969774E-002
         660  -3.5000000000000000        1.5000000000000000        1.6903306498401511E-002
         661  -3.3333333333333330        1.5000000000000000        2.1427855449237376E-002
         662  -3.1666666666666665        1.5000000000000000        2.6417576347929714E-002
         663  -3.0000000000000000        1.5000000000000000        3.1675981332626543E-002
         664  -2.8333333333333330        1.5000000000000000        3.6941630120867652E-002
         665  -2.6666666666666665        1.5000000000000000        4.1904191249035799E-002
         666  -2.5000000000000000        1.5000000000000000        4.6234903205912149E-002
         667  -2.3333333333333330        1.5000000000000000        4.9620499766194828E-002
         668  -2.1666666666666665        1.5000000000000000        5.1802046324652636E-002
         669  -2.0000000000000000        1.5000000000000000        5.2606711193757642E-002
         670  -1.8333333333333333        1.5000000000000000        5.1971796277590555E-002
         671  -1.6666666666666665        1.5000000000000000        4.9952234375615974E-002
         672  -1.5000000000000000        1.5000000000000000        4.6714103133065100E-002
         673  -1.3333333333333333        1.5000000000000000        4.2511845696365978E-002
         674  -1.1666666666666665        1.5000000000000000        3.7656662591936917E-002
         675  -1.0000000000000000        1.5000000000000000        3.2478762344075450E-002
         676 -0.83333333333333326        1.5000000000000000        2.7292492556270437E-002
         677 -0.66666666666666663        1.5000000000000000        2.2367044690998050E-002
         678 -0.50000000000000000        1.5000000000000000        1.7908599542910707E-002
         679 -0.33333333333333331        1.5000000000000000        1.4052908635820762E-002
         680 -0.16666666666666666        1.5000000000000000        1.0869210345913746E-002
         681   0.0000000000000000        1.5000000000000000        8.3705692991675202E-003
         682  0.16666666666666666        1.5000000000000000        6.5203821819150940E-003
         683  0.33333333333333331        1.5000000000000000        5.2125887337448095E-003
         684  0.50000000000000000        1.5000000000000000        4.2941613707442438E-003
         685  0.66666666666666663        1.5000000000000000        3.6402165314176559E-003
         686  0.83333333333333326        1.5000000000000000        3.1648661169865235E-003
         687   1.0000000000000000        1.5000000000000000        2.8087016656477663E-003
         688   1.1666666666666665        1.5000000000000000        2.5306029115868805E-003
         689   1.3333333333333333        1.5000000000000000        2.3014725044762318E-003
         690   1.5000000000000000        1.5000000000000000        2.1011297776108977E-003
         691   1.6666666666666665        1.5000000000000000        1.9157582244266067E-003
         692   1.8333333333333333        1.5000000000000000        1.7367976363624178E-003
         693   2.0000000000000000        1.5000000000000000        1.5596214060274664E-003
         694   2.1666666666666665        1.5000000000000000        1.3829316314981656E-003
         695   2.3333333333333330        1.5000000000000000        1.2076930865554006E-003
         696   2.5000000000000000        1.5000000000000000        1.0365588560035807E-003
         697   2.6666666666666665        1.5000000000000000        8.7287735864835503E-004
         698   2.8333333333333330        1.5000000000000000        7.2020731183153179E-004
         699   3.0000000000000000        1.5000000000000000        5.8155559990620402E-004
         700   3.1666666666666665        1.5000000000000000        4.5918254459777078E-004
         701   3.3333333333333330        1.5000000000000000        3.5421494096864761E-004
         702   3.5000000000000000        1.5000000000000000        2.6680969320657820E-004
         703   3.6666666666666665        1.5000000000000000        1.9609558009690270E-004
         704   3.8333333333333330        1.5000000000000000        1.4057269225651421E-004
         705   4.0000000000000000        1.5000000000000000        9.8188896415558145E-005
         706   4.1666666666666661        1.5000000000000000        6.6782513043506291E-005
         707   4.3333333333333330        1.5000000000000000        4.4097304895351271E-005
         708   4.5000000000000000        1.5000000000000000        2.8156337868275749E-005
         709   4.6666666666666661        1.5000000000000000        1.7093606324630488E-005
         710   4.8333333333333330        1.5000000000000000        9.5037744888097535E-006
         711   5.0000000000000000        1.5000000000000000        3.9108668665663499E-006

         712  -5.0000000000000000        2.0000000000000000        1.3505594818175539E-004
         713  -4.8333333333333330        2.0000000000000000        3.2377745535111166E-004
         714  -4.6666666666666661        2.0000000000000000        5.7172523348572645E-004
         715  -4.5000000000000000        2.0000000000000000        9.1912447157855117E-004
         716  -4.3333333333333330        2.0000000000000000        1.4000762936564586E-003
         717  -4.1666666666666661        2.0000000000000000        2.0551056232480333E-003
         718  -4.0000000000000000        2.0000000000000000        2.9209708988739477E-003
         719  -3.8333333333333330        2.0000000000000000        4.0308674640762527E-003
         720  -3.6666666666666665        2.0000000000000000        5.4049868668291706E-003
         721  -3.5000000000000000        2.0000000000000000        7.0463275958612820E-003
         722  -3.3333333333333330        2.0000000000000000        8.9324359329405450E-003
         723  -3.1666666666666665        2.0000000000000000        1.1012456915689767E-002
         724  -3.0000000000000000        2.0000000000000000        1.3204482063701952E-002
         725  -2.8333333333333330        2.0000000000000000        1.5399526816810291E-002
         726  -2.6666666666666665        2.0000000000000000        1.7468226058765038E-002
         727  -2.5000000000000000        2.0000000000000000        1.9273531819185369E-002
         728  -2.3333333333333330        2.0000000000000000        2.0684855644760095E-002
         729  -2.1666666666666665        2.0000000000000000        2.1594257720115816E-002
         730  -2.0000000000000000        2.0000000000000000        2.1929691293530978E-002
         731  -1.8333333333333333        2.0000000000000000        2.1665019918231932E-002
         732  -1.6666666666666665        2.0000000000000000        2.0823143003382078E-002
         733  -1.5000000000000000        2.0000000000000000        1.9473291803229695E-002
         734  -1.3333333333333333        2.0000000000000000        1.7721533852015102E-002
         735  -1.1666666666666665        2.0000000000000000        1.5697596487368834E-002
         736  -1.0000000000000000        2.0000000000000000        1.3539130956051299E-002
         737 -0.83333333333333326        2.0000000000000000        1.1377176548740620E-002
         738 -0.66666666666666663        2.0000000000000000        9.3239491667385967E-003
         739 -0.50000000000000000        2.0000000000000000        7.4653979890435627E-003
         740 -0.33333333333333331        2.0000000000000000        5.8581142675233509E-003
         741 -0.16666666666666666        2.0000000000000000        4.5309628081249614E-003
         742   0.0000000000000000        2.0000000000000000        3.4893933546912390E-003
         743  0.16666666666666666        2.0000000000000000        2.7181361063663145E-003
         744  0.33333333333333331        2.0000000000000000        2.1729541224690795E-003
         745  0.50000000000000000        2.0000000000000000        1.7900806292656037E-003
         746  0.66666666666666663        2.0000000000000000        1.5174678970334729E-003
         747  0.83333333333333326        2.0000000000000000        1.3193089319080216E-003
         748   1.0000000000000000        2.0000000000000000        1.1708366233243821E-003
         749   1.1666666666666665        2.0000000000000000        1.0549078028488517E-003
         750   1.3333333333333333        2.0000000000000000        9.5939248492141096E-004
         751   1.5000000000000000        2.0000000000000000        8.7587769026085331E-004
         752   1.6666666666666665        2.0000000000000000        7.9860385559526483E-004
         753   1.8333333333333333        2.0000000000000000        7.2400242128859902E-004
         754   2.0000000000000000        2.0000000000000000        6.5014479707578533E-004
         755   2.1666666666666665        2.0000000000000000        5.7648987427535417E-004
         756   2.3333333333333330        2.0000000000000000        5.0343988955280723E-004
         757   2.5000000000000000        2.0000000000000000        4.3210077207585191E-004
         758   2.6666666666666665        2.0000000000000000        3.6386839723232624E-004
         759   2.8333333333333330        2.0000000000000000        3.0022622793717441E-004
         760   3.0000000000000000        2.0000000000000000        2.4242776278996777E-004
         761   3.1666666666666665        2.0000000000000000        1.9141522737626889E-004
         762   3.3333333333333330        2.0000000000000000        1.4765840376566663E-004
         763   3.5000000000000000        2.0000000000000000        1.1122272222131478E-004
         764   3.6666666666666665        2.0000000000000000        8.1745110054746889E-005
         765   3.8333333333333330        2.0000000000000000        5.8600084724939935E-005
         766   4.0000000000000000        2.0000000000000000        4.0931723127515677E-005
         767   4.1666666666666661        2.0000000000000000        2.7839238496143670E-005
         768   4.3333333333333330        2.0000000000000000        1.8382224054621527E-005
         769   4.5000000000000000        2.0000000000000000        1.1736467092833656E-005
         770   4.6666666666666661        2.0000000000000000        7.1244017726768784E-006
         771   4.8333333333333330        2.0000000000000000        3.9608292934235780E-006
         772   5.0000000000000000        2.0000000000000000        1.6298852991401310E-006

         773  -5.0000000000000000        2.5000000000000000        4.3873322316842654E-005
         774  -4.8333333333333330        2.5000000000000000        1.0516095811046742E-004
         775  -4.6666666666666661        2.5000000000000000        1.8560871391676360E-004
         776  -4.5000000000000000        2.5000000000000000        2.9834178799555377E-004
         777  -4.3333333333333330        2.5000000000000000        4.5445653857062300E-004
         778  -4.1666666666666661        2.5000000000000000        6.6710537128311241E-004
         779  -4.0000000000000000        2.5000000000000000        9.4823574793086174E-004
         780  -3.8333333333333330        2.5000000000000000        1.3085937480949623E-003
         781  -3.6666666666666665        2.5000000000000000        1.7547229116666623E-003
         782  -3.5000000000000000        2.5000000000000000        2.2876004159797327E-003
         783  -3.3333333333333330        2.5000000000000000        2.8999391034429029E-003
         784  -3.1666666666666665        2.5000000000000000        3.5752304113649725E-003
         785  -3.0000000000000000        2.5000000000000000        4.2868830862057995E-003
         786  -2.8333333333333330        2.5000000000000000        4.9995152980497762E-003
         787  -2.6666666666666665        2.5000000000000000        5.6711283192659671E-003
         788  -2.5000000000000000        2.5000000000000000        6.2572291539753216E-003
         789  -2.3333333333333330        2.5000000000000000        6.7154217928143047E-003
         790  -2.1666666666666665        2.5000000000000000        7.0106632385920674E-003
         791  -2.0000000000000000        2.5000000000000000        7.1195632153331495E-003
         792  -1.8333333333333333        2.5000000000000000        7.0336364820799474E-003
         793  -1.6666666666666665        2.5000000000000000        6.7603173603203648E-003
         794  -1.5000000000000000        2.5000000000000000        6.3220821013619428E-003
         795  -1.3333333333333333        2.5000000000000000        5.7533658311076921E-003
         796  -1.1666666666666665        2.5000000000000000        5.0962850988160438E-003
         797  -1.0000000000000000        2.5000000000000000        4.3955287182015808E-003
         798 -0.83333333333333326        2.5000000000000000        3.6936391613249533E-003
         799 -0.66666666666666663        2.5000000000000000        3.0270472514667126E-003
         800 -0.50000000000000000        2.5000000000000000        2.4236563586135787E-003
         801 -0.33333333333333331        2.5000000000000000        1.9018368323352980E-003
         802 -0.16666666666666666        2.5000000000000000        1.4709570132577208E-003
         803   0.0000000000000000        2.5000000000000000        1.1327806622871441E-003
         804  0.16666666666666666        2.5000000000000000        8.8236736164041174E-004
         805  0.33333333333333331        2.5000000000000000        7.0539310047157292E-004
         806  0.50000000000000000        2.5000000000000000        5.8111823640647690E-004
         807  0.66666666666666663        2.5000000000000000        4.9262815245741502E-004
         808  0.83333333333333326        2.5000000000000000        4.2830340256530200E-004
         809   1.0000000000000000        2.5000000000000000        3.8010595767724002E-004
         810   1.1666666666666665        2.5000000000000000        3.4247244797846712E-004
         811   1.3333333333333333        2.5000000000000000        3.1146520908955250E-004
         812   1.5000000000000000        2.5000000000000000        2.8435347610051491E-004
         813   1.6666666666666665        2.5000000000000000        2.5926736321631356E-004
         814   1.8333333333333333        2.5000000000000000        2.3504857209376271E-004
         815   2.0000000000000000        2.5000000000000000        2.1107095148439439E-004
         816   2.1666666666666665        2.5000000000000000        1.8715898873709156E-004
         817   2.3333333333333330        2.5000000000000000        1.6344324614282621E-004
         818   2.5000000000000000        2.5000000000000000        1.4028287261661862E-004
         819   2.6666666666666665        2.5000000000000000        1.1813101234185398E-004
         820   2.8333333333333330        2.5000000000000000        9.7469345051007459E-005
         821   3.0000000000000000        2.5000000000000000        7.8704781364143659E-005
         822   3.1666666666666665        2.5000000000000000        6.2143254414280975E-005
         823   3.3333333333333330        2.5000000000000000        4.7937199757037367E-005
         824   3.5000000000000000        2.5000000000000000        3.6107830328942076E-005
         825   3.6666666666666665        2.5000000000000000        2.6537115766627760E-005
         826   3.8333333333333330        2.5000000000000000        1.9022332643233784E-005
         827   4.0000000000000000        2.5000000000000000        1.3286331744988537E-005
         828   4.1666666666666661        2.5000000000000000        9.0361872646698535E-006
         829   4.3333333333333330        2.5000000000000000        5.9664812777599886E-006
         830   4.5000000000000000        2.5000000000000000        3.8099304962814998E-006
         831   4.6666666666666661        2.5000000000000000        2.3136240950654024E-006
         832   4.8333333333333330        2.5000000000000000        1.2863373227627440E-006
         833   5.0000000000000000        2.5000000000000000        5.2926015502591947E-007

         834  -5.0000000000000000        3.0000000000000000        1.0665183672110816E-005
         835  -4.8333333333333330        3.0000000000000000        2.5815421978679005E-005
         836  -4.6666666666666661        3.0000000000000000        4.6266995230793123E-005
         837  -4.5000000000000000        3.0000000000000000        7.5009945183391162E-005
         838  -4.3333333333333330        3.0000000000000000        1.1466744386142730E-004
         839  -4.1666666666666661        3.0000000000000000        1.6854910303182414E-004
         840  -4.0000000000000000        3.0000000000000000        2.3965338118249607E-004
         841  -3.8333333333333330        3.0000000000000000        3.3076686602778206E-004
         842  -3.6666666666666665        3.0000000000000000        4.4357222688557629E-004
         843  -3.5000000000000000        3.0000000000000000        5.7831034862488163E-004
         844  -3.3333333333333330        3.0000000000000000        7.3313611864872573E-004
         845  -3.1666666666666665        3.0000000000000000        9.0387385103914771E-004
         846  -3.0000000000000000        3.0000000000000000        1.0838016065777487E-003
         847  -2.8333333333333330        3.0000000000000000        1.2639743939112105E-003
         848  -2.6666666666666665        3.0000000000000000        1.4337751844962130E-003
         849  -2.5000000000000000        3.0000000000000000        1.5819554201895486E-003
         850  -2.3333333333333330        3.0000000000000000        1.6977972037558193E-003
         851  -2.1666666666666665        3.0000000000000000        1.7724408648878125E-003
         852  -2.0000000000000000        3.0000000000000000        1.7999732627030048E-003
         853  -1.8333333333333333        3.0000000000000000        1.7782489001390944E-003
         854  -1.6666666666666665        3.0000000000000000        1.7091475645788783E-003
         855  -1.5000000000000000        3.0000000000000000        1.5983512877333090E-003
         856  -1.3333333333333333        3.0000000000000000        1.4545660566596299E-003
         857  -1.1666666666666665        3.0000000000000000        1.2884390932147273E-003
         858  -1.0000000000000000        3.0000000000000000        1.1112685597322923E-003
         859 -0.83333333333333326        3.0000000000000000        9.3380909873431387E-004
         860 -0.66666666666666663        3.0000000000000000        7.6527161257722949E-004
         861 -0.50000000000000000        3.0000000000000000        6.1271105265822137E-004
         862 -0.33333333333333331        3.0000000000000000        4.8077739485862734E-004
         863 -0.16666666666666666        3.0000000000000000        3.7184772583539598E-004
         864   0.0000000000000000        3.0000000000000000        2.8638494344434786E-004
         865  0.16666666666666666        3.0000000000000000        2.2311154910218710E-004
         866  0.33333333333333331        3.0000000000000000        1.7833224610315447E-004
         867  0.50000000000000000        3.0000000000000000        1.4687764732773667E-004
         868  0.66666666666666663        3.0000000000000000        1.2449989323838961E-004
         869  0.83333333333333326        3.0000000000000000        1.0824424764975670E-004
         870   1.0000000000000000        3.0000000000000000        9.6069811928376045E-005
         871   1.1666666666666665        3.0000000000000000        8.6564473746923221E-005
         872   1.3333333333333333        3.0000000000000000        7.8732291551820356E-005
         873   1.5000000000000000        3.0000000000000000        7.1882518027416455E-005
         874   1.6666666666666665        3.0000000000000000        6.5543372250212228E-005
         875   1.8333333333333333        3.0000000000000000        5.9422202460516947E-005
         876   2.0000000000000000        3.0000000000000000        5.3361381775256658E-005
         877   2.1666666666666665        3.0000000000000000        4.7316573546090367E-005
         878   2.3333333333333330        3.0000000000000000        4.1321164934543772E-005
         879   2.5000000000000000        3.0000000000000000        3.5465877542333017E-005
         880   2.6666666666666665        3.0000000000000000        2.9865495884621349E-005
         881   2.8333333333333330        3.0000000000000000        2.4641671941784257E-005
         882   3.0000000000000000        3.0000000000000000        1.9897437303956745E-005
         883   3.1666666666666665        3.0000000000000000        1.5710021002009380E-005
         884   3.3333333333333330        3.0000000000000000        1.2118180062998766E-005
         885   3.5000000000000000        3.0000000000000000        9.1273050724598470E-006
         886   3.6666666666666665        3.0000000000000000        6.7079754595775249E-006
         887   3.8333333333333330        3.0000000000000000        4.8081863598209580E-006
         888   4.0000000000000000        3.0000000000000000        3.3563212649669715E-006
         889   4.1666666666666661        3.0000000000000000        2.2788966451186722E-006
         890   4.3333333333333330        3.0000000000000000        1.4987467371587483E-006
         891   4.5000000000000000        3.0000000000000000        9.4782447686685152E-007
         892   4.6666666666666661        3.0000000000000000        5.6599011224174499E-007
         893   4.8333333333333330        3.0000000000000000        3.1089921167940058E-007
         894   5.0000000000000000        3.0000000000000000        1.2721065930129377E-007

         895  -4.6666666666666661        3.5000000000000000        6.1878311381663509E-006
         896  -4.5000000000000000        3.5000000000000000        1.3211572661491929E-005
         897  -4.3333333333333330        3.5000000000000000        2.1315223774146438E-005
         898  -4.1666666666666661        3.5000000000000000        3.2090445324990736E-005
         899  -4.0000000000000000        3.5000000000000000        4.6388142737849349E-005
         900  -3.8333333333333330        3.5000000000000000        6.4654113816829572E-005
         901  -3.6666666666666665        3.5000000000000000        8.7054965247083485E-005
         902  -3.5000000000000000        3.5000000000000000        1.1370496918510327E-004
         903  -3.3333333333333330        3.5000000000000000        1.4424251100992312E-004
         904  -3.1666666666666665        3.5000000000000000        1.7789220004020632E-004
         905  -3.0000000000000000        3.5000000000000000        2.1332642571467801E-004
         906  -2.8333333333333330        3.5000000000000000        2.4880674795384325E-004
         907  -2.6666666666666665        3.5000000000000000        2.8223514623512772E-004
         908  -2.5000000000000000        3.5000000000000000        3.1140973076511049E-004
         909  -2.3333333333333330        3.5000000000000000        3.3421300408527284E-004
         910  -2.1666666666666665        3.5000000000000000        3.4890912786663005E-004
         911  -2.0000000000000000        3.5000000000000000        3.5432760247992249E-004
         912  -1.8333333333333333        3.5000000000000000        3.5005216555443919E-004
         913  -1.6666666666666665        3.5000000000000000        3.3644727487666914E-004
         914  -1.5000000000000000        3.5000000000000000        3.1463613196745994E-004
         915  -1.3333333333333333        3.5000000000000000        2.8632710581989523E-004
         916  -1.1666666666666665        3.5000000000000000        2.5361920099665531E-004
         917  -1.0000000000000000        3.5000000000000000        2.1872939140531560E-004
         918 -0.83333333333333326        3.5000000000000000        1.8377408868782997E-004
         919 -0.66666666666666663        3.5000000000000000        1.5055236118653473E-004
         920 -0.50000000000000000        3.5000000000000000        1.2044160070093980E-004
         921 -0.33333333333333331        3.5000000000000000        9.4323846663681829E-005
         922 -0.16666666666666666        3.5000000000000000        7.2642275877025746E-005
         923   0.0000000000000000        3.5000000000000000        5.5468379183973383E-005
         924  0.16666666666666666        3.5000000000000000        4.2773631638900470E-005
         925  0.33333333333333331        3.5000000000000000        3.4195485107769087E-005
         926  0.50000000000000000        3.5000000000000000        2.8354112427347437E-005
         927  0.66666666666666663        3.5000000000000000        2.4188881999380818E-005
         928  0.83333333333333326        3.5000000000000000        2.1135930843894610E-005
         929   1.0000000000000000        3.5000000000000000        1.8818917060042178E-005
         930   1.1666666666666665        3.5000000000000000        1.6992236421270001E-005
         931   1.3333333333333333        3.5000000000000000        1.5472753035949820E-005
         932   1.5000000000000000        3.5000000000000000        1.4137080237934978E-005
         933   1.6666666666666665        3.5000000000000000        1.2895043194423056E-005
         934   1.8333333333333333        3.5000000000000000        1.1693842946588310E-005
         935   2.0000000000000000        3.5000000000000000        1.0502111838448430E-005
         936   2.1666666666666665        3.5000000000000000        9.3134022888106422E-006
         937   2.3333333333333330        3.5000000000000000        8.1333149487379708E-006
         938   2.5000000000000000        3.5000000000000000        6.9810697001945793E-006
         939   2.6666666666666665        3.5000000000000000        5.8782624133818899E-006
         940   2.8333333333333330        3.5000000000000000        4.8497027810885109E-006
         941   3.0000000000000000        3.5000000000000000        3.9146880487207766E-006
         942   3.1666666666666665        3.5000000000000000        3.0887411792429233E-006
         943   3.3333333333333330        3.5000000000000000        2.3782990050461229E-006
         944   3.5000000000000000        3.5000000000000000        1.7840471900025797E-006
         945   3.6666666666666665        3.5000000000000000        1.2994209570902110E-006
         946   3.8333333333333330        3.5000000000000000        9.1790872910107383E-007
         947   4.0000000000000000        3.5000000000000000        6.3264374069675220E-007
         948   4.1666666666666661        3.5000000000000000        4.2057724752702871E-007
         949   4.3333333333333330        3.5000000000000000        2.6138129977946669E-007
         950   4.5000000000000000        3.5000000000000000        1.2355181271993237E-007

         951  -4.0000000000000000        4.0000000000000000        4.4746641814306096E-006
         952  -3.8333333333333330        4.0000000000000000        8.6698058063334511E-006
         953  -3.6666666666666665        4.0000000000000000        1.2485594288154130E-005
         954  -3.5000000000000000        4.0000000000000000        1.6690952042997305E-005
         955  -3.3333333333333330        4.0000000000000000        2.1297752631358006E-005
         956  -3.1666666666666665        4.0000000000000000        2.6340208178172721E-005
         957  -3.0000000000000000        4.0000000000000000        3.1602957429891058E-005
         958  -2.8333333333333330        4.0000000000000000        3.6878407904956118E-005
         959  -2.6666666666666665        4.0000000000000000        4.1831778920102612E-005
         960  -2.5000000000000000        4.0000000000000000        4.6163921284183021E-005
         961  -2.3333333333333330        4.0000000000000000        4.9540181907499423E-005
         962  -2.1666666666666665        4.0000000000000000        5.1723916959325133E-005
         963  -2.0000000000000000        4.0000000000000000        5.2522446334709070E-005
         964  -1.8333333333333333        4.0000000000000000        5.1893422189791081E-005
         965  -1.6666666666666665        4.0000000000000000        4.9870813950385921E-005
         966  -1.5000000000000000        4.0000000000000000        4.6642191569665924E-005
         967  -1.3333333333333333        4.0000000000000000        4.2436484649096712E-005
         968  -1.1666666666666665        4.0000000000000000        3.7590471727118743E-005
         969  -1.0000000000000000        4.0000000000000000        3.2397228832189432E-005
         970 -0.83333333333333326        4.0000000000000000        2.7202835557524454E-005
         971 -0.66666666666666663        4.0000000000000000        2.2204422655079199E-005
         972 -0.50000000000000000        4.0000000000000000        1.7635593570433991E-005
         973 -0.33333333333333331        4.0000000000000000        1.3416820763561826E-005
         974 -0.16666666666666666        4.0000000000000000        9.5397038241024891E-006
         975   0.0000000000000000        4.0000000000000000        4.9578549469157987E-006
         976  0.33333333333333331        4.0000000000000000        1.7986575322478657E-006
         977  0.50000000000000000        4.0000000000000000        2.9703057992688022E-006
         978  0.66666666666666663        4.0000000000000000        3.0186592861826969E-006
         979  0.83333333333333326        4.0000000000000000        2.9142773533453503E-006
         980   1.0000000000000000        4.0000000000000000        2.6768892336611363E-006
         981   1.1666666666666665        4.0000000000000000        2.4793987054699099E-006
         982   1.3333333333333333        4.0000000000000000        2.2672312915149636E-006
         983   1.5000000000000000        4.0000000000000000        2.0896963417027200E-006
         984   1.6666666666666665        4.0000000000000000        1.9036267807996036E-006
         985   1.8333333333333333        4.0000000000000000        1.7338137289962870E-006
         986   2.0000000000000000        4.0000000000000000        1.5534926026521665E-006
         987   2.1666666666666665        4.0000000000000000        1.3818896444890143E-006
         988   2.3333333333333330        4.0000000000000000        1.2036709144862223E-006
         989   2.5000000000000000        4.0000000000000000        1.0359589489889674E-006
         990   2.6666666666666665        4.0000000000000000        8.6956393176191781E-007
         991   2.8333333333333330        4.0000000000000000        7.1908395803201262E-007
         992   3.0000000000000000        4.0000000000000000        5.7694784335577369E-007
         993   3.1666666666666665        4.0000000000000000        4.5402559332862062E-007
         994   3.3333333333333330        4.0000000000000000        3.3975543379124595E-007
         995   3.5000000000000000        4.0000000000000000        2.3891643738887083E-007
         996   3.6666666666666665        4.0000000000000000        1.2294177531442792E-007
