           0  -4.0000000000000000       -4.0000000000000000        1.1014791957704843E-005
           1  -3.8333333333333330       -4.0000000000000000        2.0222837488501495E-005
           2  -3.6666666666666665       -4.0000000000000000        2.6980964868585107E-005
           3  -3.5000000000000000       -4.0000000000000000        3.2879802222240658E-005
           4  -3.3333333333333330       -4.0000000000000000        3.7630048449735452E-005
           5  -3.1666666666666665       -4.0000000000000000        4.1055252258829242E-005
           6  -3.0000000000000000       -4.0000000000000000        4.2568658343542580E-005
           7  -2.8333333333333330       -4.0000000000000000        4.1802203474197564E-005
           8  -2.6666666666666665       -4.0000000000000000        3.8420975397273857E-005
           9  -2.5000000000000000       -4.0000000000000000        3.2412986181399944E-005
          10  -2.3333333333333330       -4.0000000000000000        2.4003292992830763E-005
          11  -2.1666666666666665       -4.0000000000000000        1.3732064964637519E-005
          12  -2.0000000000000000       -4.0000000000000000        2.3660184252878549E-006
          13  -1.8333333333333333       -4.0000000000000000       -9.1976361388228758E-006
          14  -1.6666666666666665       -4.0000000000000000       -2.0014315697271583E-005
          15  -1.5000000000000000       -4.0000000000000000       -2.9290488781735422E-005
          16  -1.3333333333333333       -4.0000000000000000       -3.6371931448532827E-005
          17  -1.1666666666666665       -4.0000000000000000       -4.0971669035617113E-005
          18  -1.0000000000000000       -4.0000000000000000       -4.2961661434651791E-005
          19 -0.83333333333333326       -4.0000000000000000       -4.2638991837709945E-005
          20 -0.66666666666666663       -4.0000000000000000       -4.0227986275567489E-005
          21 -0.50000000000000000       -4.0000000000000000       -3.6332452807624692E-005
          22 -0.33333333333333331       -4.0000000000000000       -3.0874814086052892E-005
          23 -0.16666666666666666       -4.0000000000000000       -2.4129274978912327E-005
          24   0.0000000000000000       -4.0000000000000000       -1.3310749143025401E-005
          25  0.33333333333333331       -4.0000000000000000       -6.7263476177576410E-006
          26  0.50000000000000000       -4.0000000000000000       -1.0779614596510128E-005
          27  0.66666666666666663       -4.0000000000000000       -1.0616859454491911E-005
          28  0.83333333333333326       -4.0000000000000000       -9.2981330440092979E-006
          29   1.0000000000000000       -4.0000000000000000       -6.9960292707860441E-006
          30   1.1666666666666665       -4.0000000000000000       -4.3488927392020131E-006
          31   1.3333333333333333       -4.0000000000000000       -1.3412512498410739E-006
          32   1.5000000000000000       -4.0000000000000000        1.7215863918517344E-006
          33   1.6666666666666665       -4.0000000000000000        4.7746569580057430E-006
          34   1.8333333333333333       -4.0000000000000000        7.5665621749380592E-006
          35   2.0000000000000000       -4.0000000000000000        9.9909433743301670E-006
          36   2.1666666666666665       -4.0000000000000000        1.1865280381591417E-005
          37   2.3333333333333330       -4.0000000000000000        1.3129950139253771E-005
          38   2.5000000000000000       -4.0000000000000000        1.3722804137282043E-005
          39   2.6666666666666665       -4.0000000000000000        1.3677595139669369E-005
          40   2.8333333333333330       -4.0000000000000000        1.3056473216640674E-005
          41   3.0000000000000000       -4.0000000000000000        1.1953717987101858E-005
          42   3.1666666666666665       -4.0000000000000000        1.0492786009334187E-005
          43   3.3333333333333330       -4.0000000000000000        8.6940161080482043E-006
          44   3.5000000000000000       -4.0000000000000000        6.5949151286037820E-006
          45   3.6666666666666665       -4.0000000000000000        3.6388063021973121E-006

          46  -4.6666666666666661       -3.5000000000000000        2.0050364650247107E-005
          47  -4.5000000000000000       -3.5000000000000000        4.1335542575844926E-005
          48  -4.3333333333333330       -3.5000000000000000        6.3313497919396301E-005
          49  -4.1666666666666661       -3.5000000000000000        8.9486346611286646E-005
          50  -4.0000000000000000       -3.5000000000000000        1.2031597617078825E-004
          51  -3.8333333333333330       -3.5000000000000000        1.5478447561506446E-004
          52  -3.6666666666666665       -3.5000000000000000        1.9063465397267055E-004
          53  -3.5000000000000000       -3.5000000000000000        2.2542562987504271E-004
          54  -3.3333333333333330       -3.5000000000000000        2.5569938799133889E-004
          55  -3.1666666666666665       -3.5000000000000000        2.7772753700713474E-004
          56  -3.0000000000000000       -3.5000000000000000        2.8761180177136486E-004
          57  -2.8333333333333330       -3.5000000000000000        2.8216829307634559E-004
          58  -2.6666666666666665       -3.5000000000000000        2.5930114844959401E-004
          59  -2.5000000000000000       -3.5000000000000000        2.1869787112687049E-004
          60  -2.3333333333333330       -3.5000000000000000        1.6194754065894604E-004
          61  -2.1666666666666665       -3.5000000000000000        9.2650353077266564E-005
          62  -2.0000000000000000       -3.5000000000000000        1.5943487070625826E-005
          63  -1.8333333333333333       -3.5000000000000000       -6.2041649891672037E-005
          64  -1.6666666666666665       -3.5000000000000000       -1.3508170427274871E-004
          65  -1.5000000000000000       -3.5000000000000000       -1.9762581542573699E-004
          66  -1.3333333333333333       -3.5000000000000000       -2.4556371732484196E-004
          67  -1.1666666666666665       -3.5000000000000000       -2.7661836378311015E-004
          68  -1.0000000000000000       -3.5000000000000000       -2.9051598480162993E-004
          69 -0.83333333333333326       -3.5000000000000000       -2.8876023215508703E-004
          70 -0.66666666666666663       -3.5000000000000000       -2.7422392406903888E-004
          71 -0.50000000000000000       -3.5000000000000000       -2.5056391396550672E-004
          72 -0.33333333333333331       -3.5000000000000000       -2.2164178420734984E-004
          73 -0.16666666666666666       -3.5000000000000000       -1.9107277731921009E-004
          74   0.0000000000000000       -3.5000000000000000       -1.6192807628970959E-004
          75  0.16666666666666666       -3.5000000000000000       -1.3700673787493296E-004
          76  0.33333333333333331       -3.5000000000000000       -1.1764242883203909E-004
          77  0.50000000000000000       -3.5000000000000000       -1.0111301477056055E-004
          78  0.66666666666666663       -3.5000000000000000       -8.5020504188973011E-005
          79  0.83333333333333326       -3.5000000000000000       -6.8196000420393384E-005
          80   1.0000000000000000       -3.5000000000000000       -5.0035404914961049E-005
          81   1.1666666666666665       -3.5000000000000000       -3.0445888970004916E-005
          82   1.3333333333333333       -3.5000000000000000       -9.7394320939427245E-006
          83   1.5000000000000000       -3.5000000000000000        1.1395494734949018E-005
          84   1.6666666666666665       -3.5000000000000000        3.2011689586502330E-005
          85   1.8333333333333333       -3.5000000000000000        5.1015690841387757E-005
          86   2.0000000000000000       -3.5000000000000000        6.7336539906053385E-005
          87   2.1666666666666665       -3.5000000000000000        8.0061705219248969E-005
          88   2.3333333333333330       -3.5000000000000000        8.8579715499676278E-005
          89   2.5000000000000000       -3.5000000000000000        9.2640891620401162E-005
          90   2.6666666666666665       -3.5000000000000000        9.2398745883701244E-005
          91   2.8333333333333330       -3.5000000000000000        8.8345680226529369E-005
          92   3.0000000000000000       -3.5000000000000000        8.1254432860326987E-005
          93   3.1666666666666665       -3.5000000000000000        7.2024042507694440E-005
          94   3.3333333333333330       -3.5000000000000000        6.1598703488287550E-005
          95   3.5000000000000000       -3.5000000000000000        5.0808025908479875E-005
          96   3.6666666666666665       -3.5000000000000000        4.0373677481406893E-005
          97   3.8333333333333330       -3.5000000000000000        3.0890996919543001E-005
          98   4.0000000000000000       -3.5000000000000000        2.2914863897692906E-005
          99   4.1666666666666661       -3.5000000000000000        1.6243140570976876E-005
         100   4.3333333333333330       -3.5000000000000000        1.0663583896248856E-005
         101   4.5000000000000000       -3.5000000000000000        5.2266056193239404E-006

         102  -5.0000000000000000       -3.0000000000000000        3.7730079091985436E-005
         103  -4.8333333333333330       -3.0000000000000000        8.9207176758508155E-005
         104  -4.6666666666666661       -3.0000000000000000        1.5394839914721270E-004
         105  -4.5000000000000000       -3.0000000000000000        2.3780146056628633E-004
         106  -4.3333333333333330       -3.0000000000000000        3.4314406410568255E-004
         107  -4.1666666666666661       -3.0000000000000000        4.7230263222036028E-004
         108  -4.0000000000000000       -3.0000000000000000        6.2396687154162727E-004
         109  -3.8333333333333330       -3.0000000000000000        7.9388907460849006E-004
         110  -3.6666666666666665       -3.0000000000000000        9.7290718703600329E-004
         111  -3.5000000000000000       -3.0000000000000000        1.1475817668219449E-003
         112  -3.3333333333333330       -3.0000000000000000        1.3003567760474465E-003
         113  -3.1666666666666665       -3.0000000000000000        1.4115746532542043E-003
         114  -3.0000000000000000       -3.0000000000000000        1.4615027590115571E-003
         115  -2.8333333333333330       -3.0000000000000000        1.4336165290031496E-003
         116  -2.6666666666666665       -3.0000000000000000        1.3173856062348652E-003
         117  -2.5000000000000000       -3.0000000000000000        1.1110317959393042E-003
         118  -2.3333333333333330       -3.0000000000000000        8.2273441407092435E-004
         119  -2.1666666666666665       -3.0000000000000000        4.7066246581267706E-004
         120  -2.0000000000000000       -3.0000000000000000        8.0996076984621011E-005
         121  -1.8333333333333333       -3.0000000000000000       -3.1520092684904241E-004
         122  -1.6666666666666665       -3.0000000000000000       -6.8625559094952346E-004
         123  -1.5000000000000000       -3.0000000000000000       -1.0040341699790476E-003
         124  -1.3333333333333333       -3.0000000000000000       -1.2476280712937821E-003
         125  -1.1666666666666665       -3.0000000000000000       -1.4055342878878318E-003
         126  -1.0000000000000000       -3.0000000000000000       -1.4763884372086761E-003
         127 -0.83333333333333326       -3.0000000000000000       -1.4679386624752325E-003
         128 -0.66666666666666663       -3.0000000000000000       -1.3949434105305952E-003
         129 -0.50000000000000000       -3.0000000000000000       -1.2762498302446648E-003
         130 -0.33333333333333331       -3.0000000000000000       -1.1319530434457932E-003
         131 -0.16666666666666666       -3.0000000000000000       -9.8084806713974156E-004
         132   0.0000000000000000       -3.0000000000000000       -8.3869929755413036E-004
         133  0.16666666666666666       -3.0000000000000000       -7.1605680345612321E-004
         134  0.33333333333333331       -3.0000000000000000       -6.1377639917781332E-004
         135  0.50000000000000000       -3.0000000000000000       -5.2389599488366972E-004
         136  0.66666666666666663       -3.0000000000000000       -4.3794256033382023E-004
         137  0.83333333333333326       -3.0000000000000000       -3.4982525557564794E-004
         138   1.0000000000000000       -3.0000000000000000       -2.5606866679694148E-004
         139   1.1666666666666665       -3.0000000000000000       -1.5569551293922906E-004
         140   1.3333333333333333       -3.0000000000000000       -5.0048584920102201E-005
         141   1.5000000000000000       -3.0000000000000000        5.7580331285830380E-005
         142   1.6666666666666665       -3.0000000000000000        1.6244443058974979E-004
         143   1.8333333333333333       -3.0000000000000000        2.5907106211371016E-004
         144   2.0000000000000000       -3.0000000000000000        3.4202083911573925E-004
         145   2.1666666666666665       -3.0000000000000000        4.0670589188969718E-004
         146   2.3333333333333330       -3.0000000000000000        4.4999943407466253E-004
         147   2.5000000000000000       -3.0000000000000000        4.7068109237158453E-004
         148   2.6666666666666665       -3.0000000000000000        4.6950406124291556E-004
         149   2.8333333333333330       -3.0000000000000000        4.4904208442380592E-004
         150   3.0000000000000000       -3.0000000000000000        4.1320553676279370E-004
         151   3.1666666666666665       -3.0000000000000000        3.6669934493495382E-004
         152   3.3333333333333330       -3.0000000000000000        3.1435189188992702E-004
         153   3.5000000000000000       -3.0000000000000000        2.6061945687642349E-004
         154   3.6666666666666665       -3.0000000000000000        2.0912403833541596E-004
         155   3.8333333333333330       -3.0000000000000000        1.6247458891252125E-004
         156   4.0000000000000000       -3.0000000000000000        1.2214037641846648E-004
         157   4.1666666666666661       -3.0000000000000000        8.8749119393902669E-005
         158   4.3333333333333330       -3.0000000000000000        6.2078687391343103E-005
         159   4.5000000000000000       -3.0000000000000000        4.1466390499620838E-005
         160   4.6666666666666661       -3.0000000000000000        2.5968864965518467E-005
         161   4.8333333333333330       -3.0000000000000000        1.4803735456902687E-005
         162   5.0000000000000000       -3.0000000000000000        6.2104742540684149E-006

         163  -5.0000000000000000       -2.5000000000000000        1.5544106483694799E-004
         164  -4.8333333333333330       -2.5000000000000000        3.6403760020862775E-004
         165  -4.6666666666666661       -2.5000000000000000        6.1870641077030309E-004
         166  -4.5000000000000000       -2.5000000000000000        9.4707526814227241E-004
         167  -4.3333333333333330       -2.5000000000000000        1.3611192317611127E-003
         168  -4.1666666666666661       -2.5000000000000000        1.8702961605412732E-003
         169  -4.0000000000000000       -2.5000000000000000        2.4695925802654664E-003
         170  -3.8333333333333330       -2.5000000000000000        3.1414200920449015E-003
         171  -3.6666666666666665       -2.5000000000000000        3.8492053737487850E-003
         172  -3.5000000000000000       -2.5000000000000000        4.5398373236676956E-003
         173  -3.3333333333333330       -2.5000000000000000        5.1438941838882818E-003
         174  -3.1666666666666665       -2.5000000000000000        5.5836384207861110E-003
         175  -3.0000000000000000       -2.5000000000000000        5.7810053635482632E-003
         176  -2.8333333333333330       -2.5000000000000000        5.6706274132605023E-003
         177  -2.6666666666666665       -2.5000000000000000        5.2108376698572594E-003
         178  -2.5000000000000000       -2.5000000000000000        4.3945974595457730E-003
         179  -2.3333333333333330       -2.5000000000000000        3.2542496589484495E-003
         180  -2.1666666666666665       -2.5000000000000000        1.8616570704474988E-003
         181  -2.0000000000000000       -2.5000000000000000        3.2036625185238339E-004
         182  -1.8333333333333333       -2.5000000000000000       -1.2467555865018944E-003
         183  -1.6666666666666665       -2.5000000000000000       -2.7144344360894375E-003
         184  -1.5000000000000000       -2.5000000000000000       -3.9713942922905959E-003
         185  -1.3333333333333333       -2.5000000000000000       -4.9349389504193793E-003
         186  -1.1666666666666665       -2.5000000000000000       -5.5595770124132965E-003
         187  -1.0000000000000000       -2.5000000000000000       -5.8399183512280860E-003
         188 -0.83333333333333326       -2.5000000000000000       -5.8066200141945684E-003
         189 -0.66666666666666663       -2.5000000000000000       -5.5180548738321027E-003
         190 -0.50000000000000000       -2.5000000000000000       -5.0487597995172275E-003
         191 -0.33333333333333331       -2.5000000000000000       -4.4781456604621123E-003
         192 -0.16666666666666666       -2.5000000000000000       -3.8804347277995263E-003
         193   0.0000000000000000       -2.5000000000000000       -3.3177673003870535E-003
         194  0.16666666666666666       -2.5000000000000000       -2.8322271982946512E-003
         195  0.33333333333333331       -2.5000000000000000       -2.4281175569080011E-003
         196  0.50000000000000000       -2.5000000000000000       -2.0730241892967937E-003
         197  0.66666666666666663       -2.5000000000000000       -1.7330783437165002E-003
         198  0.83333333333333326       -2.5000000000000000       -1.3844044835154142E-003
         199   1.0000000000000000       -2.5000000000000000       -1.0133771773894447E-003
         200   1.1666666666666665       -2.5000000000000000       -6.1620421785572432E-004
         201   1.3333333333333333       -2.5000000000000000       -1.9820745114842693E-004
         202   1.5000000000000000       -2.5000000000000000        2.2759145040225130E-004
         203   1.6666666666666665       -2.5000000000000000        6.4242763766758724E-004
         204   1.8333333333333333       -2.5000000000000000        1.0246621870027312E-003
         205   2.0000000000000000       -2.5000000000000000        1.3527875286829152E-003
         206   2.1666666666666665       -2.5000000000000000        1.6086630562395360E-003
         207   2.3333333333333330       -2.5000000000000000        1.7799243430933211E-003
         208   2.5000000000000000       -2.5000000000000000        1.8617502536654150E-003
         209   2.6666666666666665       -2.5000000000000000        1.8571211489709423E-003
         210   2.8333333333333330       -2.5000000000000000        1.7762244601737436E-003
         211   3.0000000000000000       -2.5000000000000000        1.6345259374509274E-003
         212   3.1666666666666665       -2.5000000000000000        1.4506412193951697E-003
         213   3.3333333333333330       -2.5000000000000000        1.2436534775848332E-003
         214   3.5000000000000000       -2.5000000000000000        1.0311781163287485E-003
         215   3.6666666666666665       -2.5000000000000000        8.2749982345656583E-004
         216   3.8333333333333330       -2.5000000000000000        6.4303302403844224E-004
         217   4.0000000000000000       -2.5000000000000000        4.8380527255602643E-004
         218   4.1666666666666661       -2.5000000000000000        3.5226263862144544E-004
         219   4.3333333333333330       -2.5000000000000000        2.4753783927475086E-004
         220   4.5000000000000000       -2.5000000000000000        1.6706281945279958E-004
         221   4.6666666666666661       -2.5000000000000000        1.0640045611616751E-004
         222   4.8333333333333330       -2.5000000000000000        6.1367119169015012E-005
         223   5.0000000000000000       -2.5000000000000000        2.5880977326160443E-005

         224  -5.0000000000000000       -2.0000000000000000        4.7854835090964761E-004
         225  -4.8333333333333330       -2.0000000000000000        1.1209261337296167E-003
         226  -4.6666666666666661       -2.0000000000000000        1.9059103476299038E-003
         227  -4.5000000000000000       -2.0000000000000000        2.9179011625265197E-003
         228  -4.3333333333333330       -2.0000000000000000        4.1935092406514343E-003
         229  -4.1666666666666661       -2.0000000000000000        5.7619325907078047E-003
         230  -4.0000000000000000       -2.0000000000000000        7.6076507450060166E-003
         231  -3.8333333333333330       -2.0000000000000000        9.6767614867554960E-003
         232  -3.6666666666666665       -2.0000000000000000        1.1856713861087654E-002
         233  -3.5000000000000000       -2.0000000000000000        1.3983888357756382E-002
         234  -3.3333333333333330       -2.0000000000000000        1.5844429670335690E-002
         235  -3.1666666666666665       -2.0000000000000000        1.7198876456062506E-002
         236  -3.0000000000000000       -2.0000000000000000        1.7806766387913214E-002
         237  -2.8333333333333330       -2.0000000000000000        1.7466750273969777E-002
         238  -2.6666666666666665       -2.0000000000000000        1.6050482464931234E-002
         239  -2.5000000000000000       -2.0000000000000000        1.3536280907038680E-002
         240  -2.3333333333333330       -2.0000000000000000        1.0023765981057087E-002
         241  -2.1666666666666665       -2.0000000000000000        5.7342888451335288E-003
         242  -2.0000000000000000       -2.0000000000000000        9.8679192691174993E-004
         243  -1.8333333333333333       -2.0000000000000000       -3.8402693789561090E-003
         244  -1.6666666666666665       -2.0000000000000000       -8.3610277041868668E-003
         245  -1.5000000000000000       -2.0000000000000000       -1.2232730697478668E-002
         246  -1.3333333333333333       -2.0000000000000000       -1.5200659468048902E-002
         247  -1.1666666666666665       -2.0000000000000000       -1.7124691258324543E-002
         248  -1.0000000000000000       -2.0000000000000000       -1.7988226015153475E-002
         249 -0.83333333333333326       -2.0000000000000000       -1.7885693304016605E-002
         250 -0.66666666666666663       -2.0000000000000000       -1.6996898478529431E-002
         251 -0.50000000000000000       -2.0000000000000000       -1.5551433582432047E-002
         252 -0.33333333333333331       -2.0000000000000000       -1.3793921539809958E-002
         253 -0.16666666666666666       -2.0000000000000000       -1.1953007793456467E-002
         254   0.0000000000000000       -2.0000000000000000       -1.0220147621598018E-002
         255  0.16666666666666666       -2.0000000000000000       -8.7247983165511904E-003
         256  0.33333333333333331       -2.0000000000000000       -7.4798490477475457E-003
         257  0.50000000000000000       -2.0000000000000000       -6.3858205481007449E-003
         258  0.66666666666666663       -2.0000000000000000       -5.3385608436909105E-003
         259  0.83333333333333326       -2.0000000000000000       -4.2644789392857312E-003
         260   1.0000000000000000       -2.0000000000000000       -3.1215801435596547E-003
         261   1.1666666666666665       -2.0000000000000000       -1.8981625559800098E-003
         262   1.3333333333333333       -2.0000000000000000       -6.1061491151199847E-004
         263   1.5000000000000000       -2.0000000000000000        7.0095841817108772E-004
         264   1.6666666666666665       -2.0000000000000000        1.9787579734903428E-003
         265   1.8333333333333333       -2.0000000000000000        3.1561339664597583E-003
         266   2.0000000000000000       -2.0000000000000000        4.1668391297134851E-003
         267   2.1666666666666665       -2.0000000000000000        4.9549984904911507E-003
         268   2.3333333333333330       -2.0000000000000000        5.4825278053368572E-003
         269   2.5000000000000000       -2.0000000000000000        5.7345782260453879E-003
         270   2.6666666666666665       -2.0000000000000000        5.7203308236523382E-003
         271   2.8333333333333330       -2.0000000000000000        5.4711658379153110E-003
         272   3.0000000000000000       -2.0000000000000000        5.0347226914600604E-003
         273   3.1666666666666665       -2.0000000000000000        4.4683429792955328E-003
         274   3.3333333333333330       -2.0000000000000000        3.8308125272184285E-003
         275   3.5000000000000000       -2.0000000000000000        3.1763970970820855E-003
         276   3.6666666666666665       -2.0000000000000000        2.5491096891179974E-003
         277   3.8333333333333330       -2.0000000000000000        1.9809975720340238E-003
         278   4.0000000000000000       -2.0000000000000000        1.4905508388820714E-003
         279   4.1666666666666661       -2.0000000000000000        1.0853425684648722E-003
         280   4.3333333333333330       -2.0000000000000000        7.6270440869250086E-004
         281   4.5000000000000000       -2.0000000000000000        5.1468572348336303E-004
         282   4.6666666666666661       -2.0000000000000000        3.2768492323646912E-004
         283   4.8333333333333330       -2.0000000000000000        1.8898957108549446E-004
         284   5.0000000000000000       -2.0000000000000000        7.9715147359932435E-005

         285  -5.0000000000000000       -1.5000000000000000        1.1482377063631551E-003
         286  -4.8333333333333330       -1.5000000000000000        2.6894336858032668E-003
         287  -4.6666666666666661       -1.5000000000000000        4.5723768239335051E-003
         288  -4.5000000000000000       -1.5000000000000000        6.9998161835898220E-003
         289  -4.3333333333333330       -1.5000000000000000        1.0059702768294989E-002
         290  -4.1666666666666661       -1.5000000000000000        1.3822088667936714E-002
         291  -4.0000000000000000       -1.5000000000000000        1.8249805269717284E-002
         292  -3.8333333333333330       -1.5000000000000000        2.3213424283129516E-002
         293  -3.6666666666666665       -1.5000000000000000        2.8442900381655315E-002
         294  -3.5000000000000000       -1.5000000000000000        3.3545745782424141E-002
         295  -3.3333333333333330       -1.5000000000000000        3.8008958116618301E-002
         296  -3.1666666666666665       -1.5000000000000000        4.1258106059743359E-002
         297  -3.0000000000000000       -1.5000000000000000        4.2716351941566762E-002
         298  -2.8333333333333330       -1.5000000000000000        4.1900684763190414E-002
         299  -2.6666666666666665       -1.5000000000000000        3.8503218933916422E-002
         300  -2.5000000000000000       -1.5000000000000000        3.2471941974676732E-002
         301  -2.3333333333333330       -1.5000000000000000        2.4045831160936684E-002
         302  -2.1666666666666665       -1.5000000000000000        1.3755881286202681E-002
         303  -2.0000000000000000       -1.5000000000000000        2.3671970330941079E-003
         304  -1.8333333333333333       -1.5000000000000000       -9.2123526348361490E-003
         305  -1.6666666666666665       -1.5000000000000000       -2.0057117953652333E-002
         306  -1.5000000000000000       -1.5000000000000000       -2.9344877343995358E-002
         307  -1.3333333333333333       -1.5000000000000000       -3.6464590280184998E-002
         308  -1.1666666666666665       -1.5000000000000000       -4.1080119303781193E-002
         309  -1.0000000000000000       -1.5000000000000000       -4.3151641814507959E-002
         310 -0.83333333333333326       -1.5000000000000000       -4.2905682750878388E-002
         311 -0.66666666666666663       -1.5000000000000000       -4.0773570157901326E-002
         312 -0.50000000000000000       -1.5000000000000000       -3.7306064148867064E-002
         313 -0.33333333333333331       -1.5000000000000000       -3.3089972582118821E-002
         314 -0.16666666666666666       -1.5000000000000000       -2.8673773006884288E-002
         315   0.0000000000000000       -1.5000000000000000       -2.4516718045052708E-002
         316  0.16666666666666666       -1.5000000000000000       -2.0929448203161286E-002
         317  0.33333333333333331       -1.5000000000000000       -1.7943068622454688E-002
         318  0.50000000000000000       -1.5000000000000000       -1.5318755264584934E-002
         319  0.66666666666666663       -1.5000000000000000       -1.2806571543782244E-002
         320  0.83333333333333326       -1.5000000000000000       -1.0230007036685860E-002
         321   1.0000000000000000       -1.5000000000000000       -7.4883372399126629E-003
         322   1.1666666666666665       -1.5000000000000000       -4.5535041346665885E-003
         323   1.3333333333333333       -1.5000000000000000       -1.4648262641062202E-003
         324   1.5000000000000000       -1.5000000000000000        1.6814872481607547E-003
         325   1.6666666666666665       -1.5000000000000000        4.7467820108323131E-003
         326   1.8333333333333333       -1.5000000000000000        7.5711721566407110E-003
         327   2.0000000000000000       -1.5000000000000000        9.9957386188149738E-003
         328   2.1666666666666665       -1.5000000000000000        1.1886443771760794E-002
         329   2.3333333333333330       -1.5000000000000000        1.3151928280171934E-002
         330   2.5000000000000000       -1.5000000000000000        1.3756571563972059E-002
         331   2.6666666666666665       -1.5000000000000000        1.3722397910564257E-002
         332   2.8333333333333330       -1.5000000000000000        1.3124684808389698E-002
         333   3.0000000000000000       -1.5000000000000000        1.2077712886369208E-002
         334   3.1666666666666665       -1.5000000000000000        1.0719037132895208E-002
         335   3.3333333333333330       -1.5000000000000000        9.1896747341209135E-003
         336   3.5000000000000000       -1.5000000000000000        7.6197994045409060E-003
         337   3.6666666666666665       -1.5000000000000000        6.1149865853576853E-003
         338   3.8333333333333330       -1.5000000000000000        4.7521301459153408E-003
         339   4.0000000000000000       -1.5000000000000000        3.5756234251812539E-003
         340   4.1666666666666661       -1.5000000000000000        2.6036107851589484E-003
         341   4.3333333333333330       -1.5000000000000000        1.8296825413430333E-003
         342   4.5000000000000000       -1.5000000000000000        1.2347756908763269E-003
         343   4.6666666666666661       -1.5000000000000000        7.8622833723644139E-004
         344   4.8333333333333330       -1.5000000000000000        4.5347548256677105E-004
         345   5.0000000000000000       -1.5000000000000000        1.9127709493862535E-004

         346  -5.0000000000000000       -1.0000000000000000        2.1450745238987866E-003
         347  -4.8333333333333330       -1.0000000000000000        5.0243219370629411E-003
         348  -4.6666666666666661       -1.0000000000000000        8.5422199759739824E-003
         349  -4.5000000000000000       -1.0000000000000000        1.3077402530377997E-002
         350  -4.3333333333333330       -1.0000000000000000        1.8794113236891299E-002
         351  -4.1666666666666661       -1.0000000000000000        2.5823217591114569E-002
         352  -4.0000000000000000       -1.0000000000000000        3.4095236985871288E-002
         353  -3.8333333333333330       -1.0000000000000000        4.3368443060082175E-002
         354  -3.6666666666666665       -1.0000000000000000        5.3138356473746054E-002
         355  -3.5000000000000000       -1.0000000000000000        6.2671705771094502E-002
         356  -3.3333333333333330       -1.0000000000000000        7.1010070999379990E-002
         357  -3.1666666666666665       -1.0000000000000000        7.7080269466554371E-002
         358  -3.0000000000000000       -1.0000000000000000        7.9804625695443776E-002
         359  -2.8333333333333330       -1.0000000000000000        7.8280755988729689E-002
         360  -2.6666666666666665       -1.0000000000000000        7.1933454505433869E-002
         361  -2.5000000000000000       -1.0000000000000000        6.0665549074566290E-002
         362  -2.3333333333333330       -1.0000000000000000        4.4923507737420050E-002
         363  -2.1666666666666665       -1.0000000000000000        2.5699358806235834E-002
         364  -2.0000000000000000       -1.0000000000000000        4.4225050894995451E-003
         365  -1.8333333333333333       -1.0000000000000000       -1.7210931813945583E-002
         366  -1.6666666666666665       -1.0000000000000000       -3.7471611642635551E-002
         367  -1.5000000000000000       -1.0000000000000000       -5.4823423006794020E-002
         368  -1.3333333333333333       -1.0000000000000000       -6.8124792829444739E-002
         369  -1.1666666666666665       -1.0000000000000000       -7.6747733813456814E-002
         370  -1.0000000000000000       -1.0000000000000000       -8.0617848141820145E-002
         371 -0.83333333333333326       -1.0000000000000000       -8.0158339901167761E-002
         372 -0.66666666666666663       -1.0000000000000000       -7.6175037464113082E-002
         373 -0.50000000000000000       -1.0000000000000000       -6.9696897735109301E-002
         374 -0.33333333333333331       -1.0000000000000000       -6.1820229458541841E-002
         375 -0.16666666666666666       -1.0000000000000000       -5.3569732290756046E-002
         376   0.0000000000000000       -1.0000000000000000       -4.5803417578583097E-002
         377  0.16666666666666666       -1.0000000000000000       -3.9101583999906174E-002
         378  0.33333333333333331       -1.0000000000000000       -3.3522231607516662E-002
         379  0.50000000000000000       -1.0000000000000000       -2.8619290057697495E-002
         380  0.66666666666666663       -1.0000000000000000       -2.3925870816910659E-002
         381  0.83333333333333326       -1.0000000000000000       -1.9112194405887770E-002
         382   1.0000000000000000       -1.0000000000000000       -1.3990073491730344E-002
         383   1.1666666666666665       -1.0000000000000000       -8.5070808546434534E-003
         384   1.3333333333333333       -1.0000000000000000       -2.7366709767502224E-003
         385   1.5000000000000000       -1.0000000000000000        3.1414158807132517E-003
         386   1.6666666666666665       -1.0000000000000000        8.8681394257020922E-003
         387   1.8333333333333333       -1.0000000000000000        1.4144794207199433E-002
         388   2.0000000000000000       -1.0000000000000000        1.8674480305534827E-002
         389   2.1666666666666665       -1.0000000000000000        2.2206782777022056E-002
         390   2.3333333333333330       -1.0000000000000000        2.4571019900918981E-002
         391   2.5000000000000000       -1.0000000000000000        2.5700643760674855E-002
         392   2.6666666666666665       -1.0000000000000000        2.5636801152270936E-002
         393   2.8333333333333330       -1.0000000000000000        2.4520128900642424E-002
         394   3.0000000000000000       -1.0000000000000000        2.2564131603899570E-002
         395   3.1666666666666665       -1.0000000000000000        2.0025796105177539E-002
         396   3.3333333333333330       -1.0000000000000000        1.7168578793803634E-002
         397   3.5000000000000000       -1.0000000000000000        1.4235678040814204E-002
         398   3.6666666666666665       -1.0000000000000000        1.1424338213863055E-002
         399   3.8333333333333330       -1.0000000000000000        8.8782056755036115E-003
         400   4.0000000000000000       -1.0000000000000000        6.6801948146101020E-003
         401   4.1666666666666661       -1.0000000000000000        4.8642172731002157E-003
         402   4.3333333333333330       -1.0000000000000000        3.4183035495321565E-003
         403   4.5000000000000000       -1.0000000000000000        2.3068345073180918E-003
         404   4.6666666666666661       -1.0000000000000000        1.4688077853802655E-003
         405   4.8333333333333330       -1.0000000000000000        8.4715770268451319E-004
         406   5.0000000000000000       -1.0000000000000000        3.5733234516779775E-004

         407  -5.0000000000000000      -0.50000000000000000        3.1211455842800892E-003
         408  -4.8333333333333330      -0.50000000000000000        7.3104869790624142E-003
         409  -4.6666666666666661      -0.50000000000000000        1.2428940130900777E-002
         410  -4.5000000000000000      -0.50000000000000000        1.9027511486809378E-002
         411  -4.3333333333333330      -0.50000000000000000        2.7345220100465355E-002
         412  -4.1666666666666661      -0.50000000000000000        3.7572481886126781E-002
         413  -4.0000000000000000      -0.50000000000000000        4.9608233157259443E-002
         414  -3.8333333333333330      -0.50000000000000000        6.3100709251258782E-002
         415  -3.6666666666666665      -0.50000000000000000        7.7315874792238004E-002
         416  -3.5000000000000000      -0.50000000000000000        9.1186831386649986E-002
         417  -3.3333333333333330      -0.50000000000000000       0.10331908991574344     
         418  -3.1666666666666665      -0.50000000000000000       0.11215118140514610     
         419  -3.0000000000000000      -0.50000000000000000       0.11611509787082833     
         420  -2.8333333333333330      -0.50000000000000000       0.11389787906994507     
         421  -2.6666666666666665      -0.50000000000000000       0.10466260535303427     
         422  -2.5000000000000000      -0.50000000000000000        8.8267892193411204E-002
         423  -2.3333333333333330      -0.50000000000000000        6.5363347087530166E-002
         424  -2.1666666666666665      -0.50000000000000000        3.7392363316765154E-002
         425  -2.0000000000000000      -0.50000000000000000        6.4347105760681330E-003
         426  -1.8333333333333333      -0.50000000000000000       -2.5041767840245307E-002
         427  -1.6666666666666665      -0.50000000000000000       -5.4520895611213427E-002
         428  -1.5000000000000000      -0.50000000000000000       -7.9767643060873888E-002
         429  -1.3333333333333333      -0.50000000000000000       -9.9121030318827283E-002
         430  -1.1666666666666665      -0.50000000000000000      -0.11166734099292876     
         431  -1.0000000000000000      -0.50000000000000000      -0.11729832640417981     
         432 -0.83333333333333326      -0.50000000000000000      -0.11662974498131272     
         433 -0.66666666666666663      -0.50000000000000000      -0.11083406908217729     
         434 -0.50000000000000000      -0.50000000000000000      -0.10140842115099634     
         435 -0.33333333333333331      -0.50000000000000000       -8.9947916042139905E-002
         436 -0.16666666666666666      -0.50000000000000000       -7.7943477178252632E-002
         437   0.0000000000000000      -0.50000000000000000       -6.6643494266757558E-002
         438  0.16666666666666666      -0.50000000000000000       -5.6892335205304033E-002
         439  0.33333333333333331      -0.50000000000000000       -4.8774467220558053E-002
         440  0.50000000000000000      -0.50000000000000000       -4.1640784221185889E-002
         441  0.66666666666666663      -0.50000000000000000       -3.4811928913579031E-002
         442  0.83333333333333326      -0.50000000000000000       -2.7808084598594966E-002
         443   1.0000000000000000      -0.50000000000000000       -2.0355446595906941E-002
         444   1.1666666666666665      -0.50000000000000000       -1.2377739309395883E-002
         445   1.3333333333333333      -0.50000000000000000       -3.9818400501795562E-003
         446   1.5000000000000000      -0.50000000000000000        4.5707290910909316E-003
         447   1.6666666666666665      -0.50000000000000000        1.2903066418674622E-002
         448   1.8333333333333333      -0.50000000000000000        2.0580557460770473E-002
         449   2.0000000000000000      -0.50000000000000000        2.7171215263934019E-002
         450   2.1666666666666665      -0.50000000000000000        3.2310687910088530E-002
         451   2.3333333333333330      -0.50000000000000000        3.5750634877895170E-002
         452   2.5000000000000000      -0.50000000000000000        3.7394229390386995E-002
         453   2.6666666666666665      -0.50000000000000000        3.7301339629145253E-002
         454   2.8333333333333330      -0.50000000000000000        3.5676590962459842E-002
         455   3.0000000000000000      -0.50000000000000000        3.2830630540410612E-002
         456   3.1666666666666665      -0.50000000000000000        2.9137371793759401E-002
         457   3.3333333333333330      -0.50000000000000000        2.4980140391468588E-002
         458   3.5000000000000000      -0.50000000000000000        2.0712786589734342E-002
         459   3.6666666666666665      -0.50000000000000000        1.6622296914378030E-002
         460   3.8333333333333330      -0.50000000000000000        1.2917682817646891E-002
         461   4.0000000000000000      -0.50000000000000000        9.7196001692078735E-003
         462   4.1666666666666661      -0.50000000000000000        7.0773806817264213E-003
         463   4.3333333333333330      -0.50000000000000000        4.9736048814832366E-003
         464   4.5000000000000000      -0.50000000000000000        3.3564501128496940E-003
         465   4.6666666666666661      -0.50000000000000000        2.1371466379290455E-003
         466   4.8333333333333330      -0.50000000000000000        1.2326405390390761E-003
         467   5.0000000000000000      -0.50000000000000000        5.1993034584983655E-004

         468  -5.0000000000000000        0.0000000000000000        3.5366612832808545E-003
         469  -4.8333333333333330        0.0000000000000000        8.2837623357846675E-003
         470  -4.6666666666666661        0.0000000000000000        1.4083775865301094E-002
         471  -4.5000000000000000        0.0000000000000000        2.1561000250558734E-002
         472  -4.3333333333333330        0.0000000000000000        3.0986244308807337E-002
         473  -4.1666666666666661        0.0000000000000000        4.2575270871418575E-002
         474  -4.0000000000000000        0.0000000000000000        5.6213538289783926E-002
         475  -3.8333333333333330        0.0000000000000000        7.1502485541993843E-002
         476  -3.6666666666666665        0.0000000000000000        8.7610359071076893E-002
         477  -3.5000000000000000        0.0000000000000000       0.10332820048824284     
         478  -3.3333333333333330        0.0000000000000000       0.11707584368376203     
         479  -3.1666666666666665        0.0000000000000000       0.12708391039891057     
         480  -3.0000000000000000        0.0000000000000000       0.13157561432774809     
         481  -2.8333333333333330        0.0000000000000000       0.12906317636776479     
         482  -2.6666666666666665        0.0000000000000000       0.11859824240069430     
         483  -2.5000000000000000        0.0000000000000000       0.10002060269285148     
         484  -2.3333333333333330        0.0000000000000000        7.4066358778367675E-002
         485  -2.1666666666666665        0.0000000000000000        4.2371089127955189E-002
         486  -2.0000000000000000        0.0000000000000000        7.2914809581426324E-003
         487  -1.8333333333333333        0.0000000000000000       -2.8376033548670958E-002
         488  -1.6666666666666665        0.0000000000000000       -6.1780253840402387E-002
         489  -1.5000000000000000        0.0000000000000000       -9.0388560029658463E-002
         490  -1.3333333333333333        0.0000000000000000      -0.11231881593618058     
         491  -1.1666666666666665        0.0000000000000000      -0.12653564540594706     
         492  -1.0000000000000000        0.0000000000000000      -0.13291638698456290     
         493 -0.83333333333333326        0.0000000000000000      -0.13215878630728176     
         494 -0.66666666666666663        0.0000000000000000      -0.12559142944923338     
         495 -0.50000000000000000        0.0000000000000000      -0.11491077927356748     
         496 -0.33333333333333331        0.0000000000000000      -0.10192434169594372     
         497 -0.16666666666666666        0.0000000000000000       -8.8321558905216396E-002
         498   0.0000000000000000        0.0000000000000000       -7.5517049139629921E-002
         499  0.16666666666666666        0.0000000000000000       -6.4467576471543178E-002
         500  0.33333333333333331        0.0000000000000000       -5.5268794008392845E-002
         501  0.50000000000000000        0.0000000000000000       -4.7185228881721067E-002
         502  0.66666666666666663        0.0000000000000000       -3.9447098682829092E-002
         503  0.83333333333333326        0.0000000000000000       -3.1510692381976541E-002
         504   1.0000000000000000        0.0000000000000000       -2.3065743663196057E-002
         505   1.1666666666666665        0.0000000000000000       -1.4025816539712041E-002
         506   1.3333333333333333        0.0000000000000000       -4.5120175255109543E-003
         507   1.5000000000000000        0.0000000000000000        5.1793112508697527E-003
         508   1.6666666666666665        0.0000000000000000        1.4621084429280756E-002
         509   1.8333333333333333        0.0000000000000000        2.3320819733320973E-002
         510   2.0000000000000000        0.0000000000000000        3.0789011863638596E-002
         511   2.1666666666666665        0.0000000000000000        3.6612796215553071E-002
         512   2.3333333333333330        0.0000000000000000        4.0510766129098860E-002
         513   2.5000000000000000        0.0000000000000000        4.2373202553656807E-002
         514   2.6666666666666665        0.0000000000000000        4.2267945033803045E-002
         515   2.8333333333333330        0.0000000000000000        4.0426864471699644E-002
         516   3.0000000000000000        0.0000000000000000        3.7201970353104151E-002
         517   3.1666666666666665        0.0000000000000000        3.3016962278052626E-002
         518   3.3333333333333330        0.0000000000000000        2.8306206013958335E-002
         519   3.5000000000000000        0.0000000000000000        2.3470667451448178E-002
         520   3.6666666666666665        0.0000000000000000        1.8835546742380565E-002
         521   3.8333333333333330        0.0000000000000000        1.4637679209617780E-002
         522   4.0000000000000000        0.0000000000000000        1.1013773224630803E-002
         523   4.1666666666666661        0.0000000000000000        8.0197363868097764E-003
         524   4.3333333333333330        0.0000000000000000        5.6358330508635059E-003
         525   4.5000000000000000        0.0000000000000000        3.8033383869806561E-003
         526   4.6666666666666661        0.0000000000000000        2.4216721570411463E-003
         527   4.8333333333333330        0.0000000000000000        1.3967400071183613E-003
         528   5.0000000000000000        0.0000000000000000        5.8914723987117039E-004

         529  -5.0000000000000000       0.50000000000000000        3.1211455842799466E-003
         530  -4.8333333333333330       0.50000000000000000        7.3104869790617212E-003
         531  -4.6666666666666661       0.50000000000000000        1.2428940130899424E-002
         532  -4.5000000000000000       0.50000000000000000        1.9027511486807362E-002
         533  -4.3333333333333330       0.50000000000000000        2.7345220100462246E-002
         534  -4.1666666666666661       0.50000000000000000        3.7572481886122042E-002
         535  -4.0000000000000000       0.50000000000000000        4.9608233157252893E-002
         536  -3.8333333333333330       0.50000000000000000        6.3100709251249928E-002
         537  -3.6666666666666665       0.50000000000000000        7.7315874792226194E-002
         538  -3.5000000000000000       0.50000000000000000        9.1186831386634790E-002
         539  -3.3333333333333330       0.50000000000000000       0.10331908991572436     
         540  -3.1666666666666665       0.50000000000000000       0.11215118140512285     
         541  -3.0000000000000000       0.50000000000000000       0.11611509787080042     
         542  -2.8333333333333330       0.50000000000000000       0.11389787906991208     
         543  -2.6666666666666665       0.50000000000000000       0.10466260535299633     
         544  -2.5000000000000000       0.50000000000000000        8.8267892193368655E-002
         545  -2.3333333333333330       0.50000000000000000        6.5363347087484036E-002
         546  -2.1666666666666665       0.50000000000000000        3.7392363316716505E-002
         547  -2.0000000000000000       0.50000000000000000        6.4347105760183048E-003
         548  -1.8333333333333333       0.50000000000000000       -2.5041767840295038E-002
         549  -1.6666666666666665       0.50000000000000000       -5.4520895611261999E-002
         550  -1.5000000000000000       0.50000000000000000       -7.9767643060920101E-002
         551  -1.3333333333333333       0.50000000000000000       -9.9121030318869832E-002
         552  -1.1666666666666665       0.50000000000000000      -0.11166734099296659     
         553  -1.0000000000000000       0.50000000000000000      -0.11729832640421282     
         554 -0.83333333333333326       0.50000000000000000      -0.11662974498134066     
         555 -0.66666666666666663       0.50000000000000000      -0.11083406908220023     
         556 -0.50000000000000000       0.50000000000000000      -0.10140842115101492     
         557 -0.33333333333333331       0.50000000000000000       -8.9947916042154560E-002
         558 -0.16666666666666666       0.50000000000000000       -7.7943477178264178E-002
         559   0.0000000000000000       0.50000000000000000       -6.6643494266766787E-002
         560  0.16666666666666666       0.50000000000000000       -5.6892335205311312E-002
         561  0.33333333333333331       0.50000000000000000       -4.8774467220563993E-002
         562  0.50000000000000000       0.50000000000000000       -4.1640784221190885E-002
         563  0.66666666666666663       0.50000000000000000       -3.4811928913583257E-002
         564  0.83333333333333326       0.50000000000000000       -2.7808084598598695E-002
         565   1.0000000000000000       0.50000000000000000       -2.0355446595910192E-002
         566   1.1666666666666665       0.50000000000000000       -1.2377739309398913E-002
         567   1.3333333333333333       0.50000000000000000       -3.9818400501825764E-003
         568   1.5000000000000000       0.50000000000000000        4.5707290910881907E-003
         569   1.6666666666666665       0.50000000000000000        1.2903066418672152E-002
         570   1.8333333333333333       0.50000000000000000        2.0580557460768159E-002
         571   2.0000000000000000       0.50000000000000000        2.7171215263931937E-002
         572   2.1666666666666665       0.50000000000000000        3.2310687910087045E-002
         573   2.3333333333333330       0.50000000000000000        3.5750634877894330E-002
         574   2.5000000000000000       0.50000000000000000        3.7394229390386551E-002
         575   2.6666666666666665       0.50000000000000000        3.7301339629145065E-002
         576   2.8333333333333330       0.50000000000000000        3.5676590962459891E-002
         577   3.0000000000000000       0.50000000000000000        3.2830630540410619E-002
         578   3.1666666666666665       0.50000000000000000        2.9137371793759137E-002
         579   3.3333333333333330       0.50000000000000000        2.4980140391468227E-002
         580   3.5000000000000000       0.50000000000000000        2.0712786589734057E-002
         581   3.6666666666666665       0.50000000000000000        1.6622296914377679E-002
         582   3.8333333333333330       0.50000000000000000        1.2917682817646532E-002
         583   4.0000000000000000       0.50000000000000000        9.7196001692076168E-003
         584   4.1666666666666661       0.50000000000000000        7.0773806817262200E-003
         585   4.3333333333333330       0.50000000000000000        4.9736048814831690E-003
         586   4.5000000000000000       0.50000000000000000        3.3564501128498354E-003
         587   4.6666666666666661       0.50000000000000000        2.1371466379294171E-003
         588   4.8333333333333330       0.50000000000000000        1.2326405390392678E-003
         589   5.0000000000000000       0.50000000000000000        5.1993034584995766E-004

         590  -5.0000000000000000        1.0000000000000000        2.1450745238983655E-003
         591  -4.8333333333333330        1.0000000000000000        5.0243219370619454E-003
         592  -4.6666666666666661        1.0000000000000000        8.5422199759724923E-003
         593  -4.5000000000000000        1.0000000000000000        1.3077402530375495E-002
         594  -4.3333333333333330        1.0000000000000000        1.8794113236887195E-002
         595  -4.1666666666666661        1.0000000000000000        2.5823217591108522E-002
         596  -4.0000000000000000        1.0000000000000000        3.4095236985862601E-002
         597  -3.8333333333333330        1.0000000000000000        4.3368443060069907E-002
         598  -3.6666666666666665        1.0000000000000000        5.3138356473729713E-002
         599  -3.5000000000000000        1.0000000000000000        6.2671705771073838E-002
         600  -3.3333333333333330        1.0000000000000000        7.1010070999354122E-002
         601  -3.1666666666666665        1.0000000000000000        7.7080269466522355E-002
         602  -3.0000000000000000        1.0000000000000000        7.9804625695405168E-002
         603  -2.8333333333333330        1.0000000000000000        7.8280755988684489E-002
         604  -2.6666666666666665        1.0000000000000000        7.1933454505381730E-002
         605  -2.5000000000000000        1.0000000000000000        6.0665549074508045E-002
         606  -2.3333333333333330        1.0000000000000000        4.4923507737357080E-002
         607  -2.1666666666666665        1.0000000000000000        2.5699358806169397E-002
         608  -2.0000000000000000        1.0000000000000000        4.4225050894315075E-003
         609  -1.8333333333333333        1.0000000000000000       -1.7210931814013439E-002
         610  -1.6666666666666665        1.0000000000000000       -3.7471611642701685E-002
         611  -1.5000000000000000        1.0000000000000000       -5.4823423006856553E-002
         612  -1.3333333333333333        1.0000000000000000       -6.8124792829501915E-002
         613  -1.1666666666666665        1.0000000000000000       -7.6747733813507954E-002
         614  -1.0000000000000000        1.0000000000000000       -8.0617848141864568E-002
         615 -0.83333333333333326        1.0000000000000000       -8.0158339901205702E-002
         616 -0.66666666666666663        1.0000000000000000       -7.6175037464144682E-002
         617 -0.50000000000000000        1.0000000000000000       -6.9696897735135030E-002
         618 -0.33333333333333331        1.0000000000000000       -6.1820229458562442E-002
         619 -0.16666666666666666        1.0000000000000000       -5.3569732290772110E-002
         620   0.0000000000000000        1.0000000000000000       -4.5803417578595650E-002
         621  0.16666666666666666        1.0000000000000000       -3.9101583999916013E-002
         622  0.33333333333333331        1.0000000000000000       -3.3522231607524419E-002
         623  0.50000000000000000        1.0000000000000000       -2.8619290057703910E-002
         624  0.66666666666666663        1.0000000000000000       -2.3925870816916169E-002
         625  0.83333333333333326        1.0000000000000000       -1.9112194405892510E-002
         626   1.0000000000000000        1.0000000000000000       -1.3990073491734679E-002
         627   1.1666666666666665        1.0000000000000000       -8.5070808546473774E-003
         628   1.3333333333333333        1.0000000000000000       -2.7366709767538719E-003
         629   1.5000000000000000        1.0000000000000000        3.1414158807100841E-003
         630   1.6666666666666665        1.0000000000000000        8.8681394256993843E-003
         631   1.8333333333333333        1.0000000000000000        1.4144794207196923E-002
         632   2.0000000000000000        1.0000000000000000        1.8674480305532665E-002
         633   2.1666666666666665        1.0000000000000000        2.2206782777020272E-002
         634   2.3333333333333330        1.0000000000000000        2.4571019900917909E-002
         635   2.5000000000000000        1.0000000000000000        2.5700643760674217E-002
         636   2.6666666666666665        1.0000000000000000        2.5636801152270402E-002
         637   2.8333333333333330        1.0000000000000000        2.4520128900642046E-002
         638   3.0000000000000000        1.0000000000000000        2.2564131603899359E-002
         639   3.1666666666666665        1.0000000000000000        2.0025796105177456E-002
         640   3.3333333333333330        1.0000000000000000        1.7168578793803506E-002
         641   3.5000000000000000        1.0000000000000000        1.4235678040814090E-002
         642   3.6666666666666665        1.0000000000000000        1.1424338213863088E-002
         643   3.8333333333333330        1.0000000000000000        8.8782056755037451E-003
         644   4.0000000000000000        1.0000000000000000        6.6801948146104238E-003
         645   4.1666666666666661        1.0000000000000000        4.8642172731005635E-003
         646   4.3333333333333330        1.0000000000000000        3.4183035495324947E-003
         647   4.5000000000000000        1.0000000000000000        2.3068345073187836E-003
         648   4.6666666666666661        1.0000000000000000        1.4688077853808000E-003
         649   4.8333333333333330        1.0000000000000000        8.4715770268498666E-004
         650   5.0000000000000000        1.0000000000000000        3.5733234516805394E-004

         651  -5.0000000000000000        1.5000000000000000        1.1482377063630070E-003
         652  -4.8333333333333330        1.5000000000000000        2.6894336858026158E-003
         653  -4.6666666666666661        1.5000000000000000        4.5723768239320124E-003
         654  -4.5000000000000000        1.5000000000000000        6.9998161835876996E-003
         655  -4.3333333333333330        1.5000000000000000        1.0059702768291956E-002
         656  -4.1666666666666661        1.5000000000000000        1.3822088667932173E-002
         657  -4.0000000000000000        1.5000000000000000        1.8249805269710491E-002
         658  -3.8333333333333330        1.5000000000000000        2.3213424283120128E-002
         659  -3.6666666666666665        1.5000000000000000        2.8442900381642901E-002
         660  -3.5000000000000000        1.5000000000000000        3.3545745782408008E-002
         661  -3.3333333333333330        1.5000000000000000        3.8008958116597866E-002
         662  -3.1666666666666665        1.5000000000000000        4.1258106059718018E-002
         663  -3.0000000000000000        1.5000000000000000        4.2716351941536113E-002
         664  -2.8333333333333330        1.5000000000000000        4.1900684763154269E-002
         665  -2.6666666666666665        1.5000000000000000        3.8503218933874865E-002
         666  -2.5000000000000000        1.5000000000000000        3.2471941974630415E-002
         667  -2.3333333333333330        1.5000000000000000        2.4045831160886440E-002
         668  -2.1666666666666665        1.5000000000000000        1.3755881286149881E-002
         669  -2.0000000000000000        1.5000000000000000        2.3671970330399169E-003
         670  -1.8333333333333333        1.5000000000000000       -9.2123526348903122E-003
         671  -1.6666666666666665        1.5000000000000000       -2.0057117953705177E-002
         672  -1.5000000000000000        1.5000000000000000       -2.9344877344045440E-002
         673  -1.3333333333333333        1.5000000000000000       -3.6464590280231017E-002
         674  -1.1666666666666665        1.5000000000000000       -4.1080119303822264E-002
         675  -1.0000000000000000        1.5000000000000000       -4.3151641814543881E-002
         676 -0.83333333333333326        1.5000000000000000       -4.2905682750908780E-002
         677 -0.66666666666666663        1.5000000000000000       -4.0773570157926320E-002
         678 -0.50000000000000000        1.5000000000000000       -3.7306064148887236E-002
         679 -0.33333333333333331        1.5000000000000000       -3.3089972582134780E-002
         680 -0.16666666666666666        1.5000000000000000       -2.8673773006897021E-002
         681   0.0000000000000000        1.5000000000000000       -2.4516718045062703E-002
         682  0.16666666666666666        1.5000000000000000       -2.0929448203169127E-002
         683  0.33333333333333331        1.5000000000000000       -1.7943068622460982E-002
         684  0.50000000000000000        1.5000000000000000       -1.5318755264589961E-002
         685  0.66666666666666663        1.5000000000000000       -1.2806571543786636E-002
         686  0.83333333333333326        1.5000000000000000       -1.0230007036689880E-002
         687   1.0000000000000000        1.5000000000000000       -7.4883372399160864E-003
         688   1.1666666666666665        1.5000000000000000       -4.5535041346695688E-003
         689   1.3333333333333333        1.5000000000000000       -1.4648262641086085E-003
         690   1.5000000000000000        1.5000000000000000        1.6814872481588701E-003
         691   1.6666666666666665        1.5000000000000000        4.7467820108307423E-003
         692   1.8333333333333333        1.5000000000000000        7.5711721566394047E-003
         693   2.0000000000000000        1.5000000000000000        9.9957386188138653E-003
         694   2.1666666666666665        1.5000000000000000        1.1886443771759887E-002
         695   2.3333333333333330        1.5000000000000000        1.3151928280171362E-002
         696   2.5000000000000000        1.5000000000000000        1.3756571563971478E-002
         697   2.6666666666666665        1.5000000000000000        1.3722397910563632E-002
         698   2.8333333333333330        1.5000000000000000        1.3124684808389074E-002
         699   3.0000000000000000        1.5000000000000000        1.2077712886368766E-002
         700   3.1666666666666665        1.5000000000000000        1.0719037132894840E-002
         701   3.3333333333333330        1.5000000000000000        9.1896747341207487E-003
         702   3.5000000000000000        1.5000000000000000        7.6197994045409615E-003
         703   3.6666666666666665        1.5000000000000000        6.1149865853578570E-003
         704   3.8333333333333330        1.5000000000000000        4.7521301459154857E-003
         705   4.0000000000000000        1.5000000000000000        3.5756234251815007E-003
         706   4.1666666666666661        1.5000000000000000        2.6036107851592641E-003
         707   4.3333333333333330        1.5000000000000000        1.8296825413433606E-003
         708   4.5000000000000000        1.5000000000000000        1.2347756908765752E-003
         709   4.6666666666666661        1.5000000000000000        7.8622833723670680E-004
         710   4.8333333333333330        1.5000000000000000        4.5347548256694837E-004
         711   5.0000000000000000        1.5000000000000000        1.9127709493878381E-004

         712  -5.0000000000000000        2.0000000000000000        4.7854835090953599E-004
         713  -4.8333333333333330        2.0000000000000000        1.1209261337293080E-003
         714  -4.6666666666666661        2.0000000000000000        1.9059103476291592E-003
         715  -4.5000000000000000        2.0000000000000000        2.9179011625254281E-003
         716  -4.3333333333333330        2.0000000000000000        4.1935092406499390E-003
         717  -4.1666666666666661        2.0000000000000000        5.7619325907056805E-003
         718  -4.0000000000000000        2.0000000000000000        7.6076507450028681E-003
         719  -3.8333333333333330        2.0000000000000000        9.6767614867509233E-003
         720  -3.6666666666666665        2.0000000000000000        1.1856713861081060E-002
         721  -3.5000000000000000        2.0000000000000000        1.3983888357747732E-002
         722  -3.3333333333333330        2.0000000000000000        1.5844429670324733E-002
         723  -3.1666666666666665        2.0000000000000000        1.7198876456048652E-002
         724  -3.0000000000000000        2.0000000000000000        1.7806766387896342E-002
         725  -2.8333333333333330        2.0000000000000000        1.7466750273949994E-002
         726  -2.6666666666666665        2.0000000000000000        1.6050482464908533E-002
         727  -2.5000000000000000        2.0000000000000000        1.3536280907013370E-002
         728  -2.3333333333333330        2.0000000000000000        1.0023765981029668E-002
         729  -2.1666666666666665        2.0000000000000000        5.7342888451044740E-003
         730  -2.0000000000000000        2.0000000000000000        9.8679192688190943E-004
         731  -1.8333333333333333        2.0000000000000000       -3.8402693789862008E-003
         732  -1.6666666666666665        2.0000000000000000       -8.3610277042163745E-003
         733  -1.5000000000000000        2.0000000000000000       -1.2232730697506761E-002
         734  -1.3333333333333333        2.0000000000000000       -1.5200659468074855E-002
         735  -1.1666666666666665        2.0000000000000000       -1.7124691258347948E-002
         736  -1.0000000000000000        2.0000000000000000       -1.7988226015173973E-002
         737 -0.83333333333333326        2.0000000000000000       -1.7885693304034150E-002
         738 -0.66666666666666663        2.0000000000000000       -1.6996898478543944E-002
         739 -0.50000000000000000        2.0000000000000000       -1.5551433582443753E-002
         740 -0.33333333333333331        2.0000000000000000       -1.3793921539819138E-002
         741 -0.16666666666666666        2.0000000000000000       -1.1953007793463697E-002
         742   0.0000000000000000        2.0000000000000000       -1.0220147621603668E-002
         743  0.16666666666666666        2.0000000000000000       -8.7247983165557753E-003
         744  0.33333333333333331        2.0000000000000000       -7.4798490477513691E-003
         745  0.50000000000000000        2.0000000000000000       -6.3858205481040634E-003
         746  0.66666666666666663        2.0000000000000000       -5.3385608436938249E-003
         747  0.83333333333333326        2.0000000000000000       -4.2644789392883150E-003
         748   1.0000000000000000        2.0000000000000000       -3.1215801435620439E-003
         749   1.1666666666666665        2.0000000000000000       -1.8981625559817072E-003
         750   1.3333333333333333        2.0000000000000000       -6.1061491151313330E-004
         751   1.5000000000000000        2.0000000000000000        7.0095841817031685E-004
         752   1.6666666666666665        2.0000000000000000        1.9787579734897860E-003
         753   1.8333333333333333        2.0000000000000000        3.1561339664593381E-003
         754   2.0000000000000000        2.0000000000000000        4.1668391297129915E-003
         755   2.1666666666666665        2.0000000000000000        4.9549984904908671E-003
         756   2.3333333333333330        2.0000000000000000        5.4825278053365709E-003
         757   2.5000000000000000        2.0000000000000000        5.7345782260450782E-003
         758   2.6666666666666665        2.0000000000000000        5.7203308236520520E-003
         759   2.8333333333333330        2.0000000000000000        5.4711658379149935E-003
         760   3.0000000000000000        2.0000000000000000        5.0347226914596180E-003
         761   3.1666666666666665        2.0000000000000000        4.4683429792952518E-003
         762   3.3333333333333330        2.0000000000000000        3.8308125272182802E-003
         763   3.5000000000000000        2.0000000000000000        3.1763970970820057E-003
         764   3.6666666666666665        2.0000000000000000        2.5491096891178309E-003
         765   3.8333333333333330        2.0000000000000000        1.9809975720339297E-003
         766   4.0000000000000000        2.0000000000000000        1.4905508388819834E-003
         767   4.1666666666666661        2.0000000000000000        1.0853425684648557E-003
         768   4.3333333333333330        2.0000000000000000        7.6270440869262446E-004
         769   4.5000000000000000        2.0000000000000000        5.1468572348355504E-004
         770   4.6666666666666661        2.0000000000000000        3.2768492323665159E-004
         771   4.8333333333333330        2.0000000000000000        1.8898957108549874E-004
         772   5.0000000000000000        2.0000000000000000        7.9715147359892875E-005

         773  -5.0000000000000000        2.5000000000000000        1.5544106483695349E-004
         774  -4.8333333333333330        2.5000000000000000        3.6403760020856725E-004
         775  -4.6666666666666661        2.5000000000000000        6.1870641077020258E-004
         776  -4.5000000000000000        2.5000000000000000        9.4707526814220855E-004
         777  -4.3333333333333330        2.5000000000000000        1.3611192317609733E-003
         778  -4.1666666666666661        2.5000000000000000        1.8702961605408276E-003
         779  -4.0000000000000000        2.5000000000000000        2.4695925802646259E-003
         780  -3.8333333333333330        2.5000000000000000        3.1414200920431988E-003
         781  -3.6666666666666665        2.5000000000000000        3.8492053737463647E-003
         782  -3.5000000000000000        2.5000000000000000        4.5398373236642227E-003
         783  -3.3333333333333330        2.5000000000000000        5.1438941838838868E-003
         784  -3.1666666666666665        2.5000000000000000        5.5836384207805026E-003
         785  -3.0000000000000000        2.5000000000000000        5.7810053635416652E-003
         786  -2.8333333333333330        2.5000000000000000        5.6706274132524862E-003
         787  -2.6666666666666665        2.5000000000000000        5.2108376698481078E-003
         788  -2.5000000000000000        2.5000000000000000        4.3945974595357290E-003
         789  -2.3333333333333330        2.5000000000000000        3.2542496589377861E-003
         790  -2.1666666666666665        2.5000000000000000        1.8616570704361665E-003
         791  -2.0000000000000000        2.5000000000000000        3.2036625184024331E-004
         792  -1.8333333333333333        2.5000000000000000       -1.2467555865143052E-003
         793  -1.6666666666666665        2.5000000000000000       -2.7144344361017146E-003
         794  -1.5000000000000000        2.5000000000000000       -3.9713942923023252E-003
         795  -1.3333333333333333        2.5000000000000000       -4.9349389504302812E-003
         796  -1.1666666666666665        2.5000000000000000       -5.5595770124233519E-003
         797  -1.0000000000000000        2.5000000000000000       -5.8399183512371933E-003
         798 -0.83333333333333326        2.5000000000000000       -5.8066200142025039E-003
         799 -0.66666666666666663        2.5000000000000000       -5.5180548738385932E-003
         800 -0.50000000000000000        2.5000000000000000       -5.0487597995222001E-003
         801 -0.33333333333333331        2.5000000000000000       -4.4781456604659504E-003
         802 -0.16666666666666666        2.5000000000000000       -3.8804347278025035E-003
         803   0.0000000000000000        2.5000000000000000       -3.3177673003894747E-003
         804  0.16666666666666666        2.5000000000000000       -2.8322271982965026E-003
         805  0.33333333333333331        2.5000000000000000       -2.4281175569094652E-003
         806  0.50000000000000000        2.5000000000000000       -2.0730241892978210E-003
         807  0.66666666666666663        2.5000000000000000       -1.7330783437173923E-003
         808  0.83333333333333326        2.5000000000000000       -1.3844044835161586E-003
         809   1.0000000000000000        2.5000000000000000       -1.0133771773899788E-003
         810   1.1666666666666665        2.5000000000000000       -6.1620421785612157E-004
         811   1.3333333333333333        2.5000000000000000       -1.9820745114869197E-004
         812   1.5000000000000000        2.5000000000000000        2.2759145040208582E-004
         813   1.6666666666666665        2.5000000000000000        6.4242763766753693E-004
         814   1.8333333333333333        2.5000000000000000        1.0246621870029905E-003
         815   2.0000000000000000        2.5000000000000000        1.3527875286832125E-003
         816   2.1666666666666665        2.5000000000000000        1.6086630562395683E-003
         817   2.3333333333333330        2.5000000000000000        1.7799243430932550E-003
         818   2.5000000000000000        2.5000000000000000        1.8617502536651947E-003
         819   2.6666666666666665        2.5000000000000000        1.8571211489708055E-003
         820   2.8333333333333330        2.5000000000000000        1.7762244601735116E-003
         821   3.0000000000000000        2.5000000000000000        1.6345259374506865E-003
         822   3.1666666666666665        2.5000000000000000        1.4506412193949188E-003
         823   3.3333333333333330        2.5000000000000000        1.2436534775845339E-003
         824   3.5000000000000000        2.5000000000000000        1.0311781163285028E-003
         825   3.6666666666666665        2.5000000000000000        8.2749982345643638E-004
         826   3.8333333333333330        2.5000000000000000        6.4303302403833176E-004
         827   4.0000000000000000        2.5000000000000000        4.8380527255592783E-004
         828   4.1666666666666661        2.5000000000000000        3.5226263862122578E-004
         829   4.3333333333333330        2.5000000000000000        2.4753783927459783E-004
         830   4.5000000000000000        2.5000000000000000        1.6706281945272011E-004
         831   4.6666666666666661        2.5000000000000000        1.0640045611609435E-004
         832   4.8333333333333330        2.5000000000000000        6.1367119169059763E-005
         833   5.0000000000000000        2.5000000000000000        2.5880977326195226E-005

         834  -5.0000000000000000        3.0000000000000000        3.7730079091935285E-005
         835  -4.8333333333333330        3.0000000000000000        8.9207176758391793E-005
         836  -4.6666666666666661        3.0000000000000000        1.5394839914711943E-004
         837  -4.5000000000000000        3.0000000000000000        2.3780146056631173E-004
         838  -4.3333333333333330        3.0000000000000000        3.4314406410557646E-004
         839  -4.1666666666666661        3.0000000000000000        4.7230263221992373E-004
         840  -4.0000000000000000        3.0000000000000000        6.2396687154092406E-004
         841  -3.8333333333333330        3.0000000000000000        7.9388907460765067E-004
         842  -3.6666666666666665        3.0000000000000000        9.7290718703515197E-004
         843  -3.5000000000000000        3.0000000000000000        1.1475817668208839E-003
         844  -3.3333333333333330        3.0000000000000000        1.3003567760459687E-003
         845  -3.1666666666666665        3.0000000000000000        1.4115746532525897E-003
         846  -3.0000000000000000        3.0000000000000000        1.4615027590095726E-003
         847  -2.8333333333333330        3.0000000000000000        1.4336165290005332E-003
         848  -2.6666666666666665        3.0000000000000000        1.3173856062319031E-003
         849  -2.5000000000000000        3.0000000000000000        1.1110317959361004E-003
         850  -2.3333333333333330        3.0000000000000000        8.2273441406749881E-004
         851  -2.1666666666666665        3.0000000000000000        4.7066246580915020E-004
         852  -2.0000000000000000        3.0000000000000000        8.0996076981001104E-005
         853  -1.8333333333333333        3.0000000000000000       -3.1520092685275369E-004
         854  -1.6666666666666665        3.0000000000000000       -6.8625559095307335E-004
         855  -1.5000000000000000        3.0000000000000000       -1.0040341699824929E-003
         856  -1.3333333333333333        3.0000000000000000       -1.2476280712970780E-003
         857  -1.1666666666666665        3.0000000000000000       -1.4055342878907388E-003
         858  -1.0000000000000000        3.0000000000000000       -1.4763884372113660E-003
         859 -0.83333333333333326        3.0000000000000000       -1.4679386624776658E-003
         860 -0.66666666666666663        3.0000000000000000       -1.3949434105325804E-003
         861 -0.50000000000000000        3.0000000000000000       -1.2762498302461940E-003
         862 -0.33333333333333331        3.0000000000000000       -1.1319530434468191E-003
         863 -0.16666666666666666        3.0000000000000000       -9.8084806714053064E-004
         864   0.0000000000000000        3.0000000000000000       -8.3869929755508619E-004
         865  0.16666666666666666        3.0000000000000000       -7.1605680345699307E-004
         866  0.33333333333333331        3.0000000000000000       -6.1377639917828018E-004
         867  0.50000000000000000        3.0000000000000000       -5.2389599488423047E-004
         868  0.66666666666666663        3.0000000000000000       -4.3794256033444977E-004
         869  0.83333333333333326        3.0000000000000000       -3.4982525557625754E-004
         870   1.0000000000000000        3.0000000000000000       -2.5606866679724321E-004
         871   1.1666666666666665        3.0000000000000000       -1.5569551293936982E-004
         872   1.3333333333333333        3.0000000000000000       -5.0048584920007299E-005
         873   1.5000000000000000        3.0000000000000000        5.7580331286074102E-005
         874   1.6666666666666665        3.0000000000000000        1.6244443059024283E-004
         875   1.8333333333333333        3.0000000000000000        2.5907106211434133E-004
         876   2.0000000000000000        3.0000000000000000        3.4202083911625614E-004
         877   2.1666666666666665        3.0000000000000000        4.0670589188992795E-004
         878   2.3333333333333330        3.0000000000000000        4.4999943407484370E-004
         879   2.5000000000000000        3.0000000000000000        4.7068109237177638E-004
         880   2.6666666666666665        3.0000000000000000        4.6950406124300105E-004
         881   2.8333333333333330        3.0000000000000000        4.4904208442379838E-004
         882   3.0000000000000000        3.0000000000000000        4.1320553676288949E-004
         883   3.1666666666666665        3.0000000000000000        3.6669934493502922E-004
         884   3.3333333333333330        3.0000000000000000        3.1435189188975762E-004
         885   3.5000000000000000        3.0000000000000000        2.6061945687621895E-004
         886   3.6666666666666665        3.0000000000000000        2.0912403833520693E-004
         887   3.8333333333333330        3.0000000000000000        1.6247458891240280E-004
         888   4.0000000000000000        3.0000000000000000        1.2214037641830055E-004
         889   4.1666666666666661        3.0000000000000000        8.8749119393683173E-005
         890   4.3333333333333330        3.0000000000000000        6.2078687391068935E-005
         891   4.5000000000000000        3.0000000000000000        4.1466390499312627E-005
         892   4.6666666666666661        3.0000000000000000        2.5968864965382935E-005
         893   4.8333333333333330        3.0000000000000000        1.4803735456836896E-005
         894   5.0000000000000000        3.0000000000000000        6.2104742540702708E-006

         895  -4.6666666666666661        3.5000000000000000        2.0050364650323120E-005
         896  -4.5000000000000000        3.5000000000000000        4.1335542575902640E-005
         897  -4.3333333333333330        3.5000000000000000        6.3313497919209100E-005
         898  -4.1666666666666661        3.5000000000000000        8.9486346610621556E-005
         899  -4.0000000000000000        3.5000000000000000        1.2031597617014662E-004
         900  -3.8333333333333330        3.5000000000000000        1.5478447561460273E-004
         901  -3.6666666666666665        3.5000000000000000        1.9063465397246650E-004
         902  -3.5000000000000000        3.5000000000000000        2.2542562987475521E-004
         903  -3.3333333333333330        3.5000000000000000        2.5569938799123974E-004
         904  -3.1666666666666665        3.5000000000000000        2.7772753700683556E-004
         905  -3.0000000000000000        3.5000000000000000        2.8761180177055566E-004
         906  -2.8333333333333330        3.5000000000000000        2.8216829307514658E-004
         907  -2.6666666666666665        3.5000000000000000        2.5930114844830706E-004
         908  -2.5000000000000000        3.5000000000000000        2.1869787112576558E-004
         909  -2.3333333333333330        3.5000000000000000        1.6194754065813769E-004
         910  -2.1666666666666665        3.5000000000000000        9.2650353076333337E-005
         911  -2.0000000000000000        3.5000000000000000        1.5943487069604121E-005
         912  -1.8333333333333333        3.5000000000000000       -6.2041649892654094E-005
         913  -1.6666666666666665        3.5000000000000000       -1.3508170427374669E-004
         914  -1.5000000000000000        3.5000000000000000       -1.9762581542639618E-004
         915  -1.3333333333333333        3.5000000000000000       -2.4556371732526393E-004
         916  -1.1666666666666665        3.5000000000000000       -2.7661836378302341E-004
         917  -1.0000000000000000        3.5000000000000000       -2.9051598480161935E-004
         918 -0.83333333333333326        3.5000000000000000       -2.8876023215525687E-004
         919 -0.66666666666666663        3.5000000000000000       -2.7422392406934218E-004
         920 -0.50000000000000000        3.5000000000000000       -2.5056391396577072E-004
         921 -0.33333333333333331        3.5000000000000000       -2.2164178420749504E-004
         922 -0.16666666666666666        3.5000000000000000       -1.9107277731944856E-004
         923   0.0000000000000000        3.5000000000000000       -1.6192807629013305E-004
         924  0.16666666666666666        3.5000000000000000       -1.3700673787538008E-004
         925  0.33333333333333331        3.5000000000000000       -1.1764242883230617E-004
         926  0.50000000000000000        3.5000000000000000       -1.0111301477078577E-004
         927  0.66666666666666663        3.5000000000000000       -8.5020504189155320E-005
         928  0.83333333333333326        3.5000000000000000       -6.8196000420577007E-005
         929   1.0000000000000000        3.5000000000000000       -5.0035404914910559E-005
         930   1.1666666666666665        3.5000000000000000       -3.0445888969791558E-005
         931   1.3333333333333333        3.5000000000000000       -9.7394320936535136E-006
         932   1.5000000000000000        3.5000000000000000        1.1395494735609439E-005
         933   1.6666666666666665        3.5000000000000000        3.2011689587282407E-005
         934   1.8333333333333333        3.5000000000000000        5.1015690842359459E-005
         935   2.0000000000000000        3.5000000000000000        6.7336539906830771E-005
         936   2.1666666666666665        3.5000000000000000        8.0061705219568931E-005
         937   2.3333333333333330        3.5000000000000000        8.8579715499983460E-005
         938   2.5000000000000000        3.5000000000000000        9.2640891620759179E-005
         939   2.6666666666666665        3.5000000000000000        9.2398745884040884E-005
         940   2.8333333333333330        3.5000000000000000        8.8345680226788398E-005
         941   3.0000000000000000        3.5000000000000000        8.1254432860343846E-005
         942   3.1666666666666665        3.5000000000000000        7.2024042507745723E-005
         943   3.3333333333333330        3.5000000000000000        6.1598703488382906E-005
         944   3.5000000000000000        3.5000000000000000        5.0808025908485256E-005
         945   3.6666666666666665        3.5000000000000000        4.0373677481528235E-005
         946   3.8333333333333330        3.5000000000000000        3.0890996919502744E-005
         947   4.0000000000000000        3.5000000000000000        2.2914863897718449E-005
         948   4.1666666666666661        3.5000000000000000        1.6243140571078842E-005
         949   4.3333333333333330        3.5000000000000000        1.0663583896274331E-005
         950   4.5000000000000000        3.5000000000000000        5.2266056193285364E-006

         951  -4.0000000000000000        4.0000000000000000        1.1014791957799655E-005
         952  -3.8333333333333330        4.0000000000000000        2.0222837488708226E-005
         953  -3.6666666666666665        4.0000000000000000        2.6980964868733467E-005
         954  -3.5000000000000000        4.0000000000000000        3.2879802222340709E-005
         955  -3.3333333333333330        4.0000000000000000        3.7630048449691250E-005
         956  -3.1666666666666665        4.0000000000000000        4.1055252258683661E-005
         957  -3.0000000000000000        4.0000000000000000        4.2568658343293234E-005
         958  -2.8333333333333330        4.0000000000000000        4.1802203474042456E-005
         959  -2.6666666666666665        4.0000000000000000        3.8420975397104057E-005
         960  -2.5000000000000000        4.0000000000000000        3.2412986181123852E-005
         961  -2.3333333333333330        4.0000000000000000        2.4003292992487890E-005
         962  -2.1666666666666665        4.0000000000000000        1.3732064964376873E-005
         963  -2.0000000000000000        4.0000000000000000        2.3660184251175467E-006
         964  -1.8333333333333333        4.0000000000000000       -9.1976361389823044E-006
         965  -1.6666666666666665        4.0000000000000000       -2.0014315697488349E-005
         966  -1.5000000000000000        4.0000000000000000       -2.9290488781988597E-005
         967  -1.3333333333333333        4.0000000000000000       -3.6371931448716261E-005
         968  -1.1666666666666665        4.0000000000000000       -4.0971669035761929E-005
         969  -1.0000000000000000        4.0000000000000000       -4.2961661434793056E-005
         970 -0.83333333333333326        4.0000000000000000       -4.2638991837959515E-005
         971 -0.66666666666666663        4.0000000000000000       -4.0227986275882748E-005
         972 -0.50000000000000000        4.0000000000000000       -3.6332452807946565E-005
         973 -0.33333333333333331        4.0000000000000000       -3.0874814086075606E-005
         974 -0.16666666666666666        4.0000000000000000       -2.4129274979197323E-005
         975   0.0000000000000000        4.0000000000000000       -1.3310749143301475E-005
         976  0.33333333333333331        4.0000000000000000       -6.7263476177818780E-006
         977  0.50000000000000000        4.0000000000000000       -1.0779614596552170E-005
         978  0.66666666666666663        4.0000000000000000       -1.0616859454432730E-005
         979  0.83333333333333326        4.0000000000000000       -9.2981330439271628E-006
         980   1.0000000000000000        4.0000000000000000       -6.9960292708598249E-006
         981   1.1666666666666665        4.0000000000000000       -4.3488927391868894E-006
         982   1.3333333333333333        4.0000000000000000       -1.3412512496540482E-006
         983   1.5000000000000000        4.0000000000000000        1.7215863920931998E-006
         984   1.6666666666666665        4.0000000000000000        4.7746569581162207E-006
         985   1.8333333333333333        4.0000000000000000        7.5665621748722033E-006
         986   2.0000000000000000        4.0000000000000000        9.9909433745766231E-006
         987   2.1666666666666665        4.0000000000000000        1.1865280382002547E-005
         988   2.3333333333333330        4.0000000000000000        1.3129950139600750E-005
         989   2.5000000000000000        4.0000000000000000        1.3722804137442261E-005
         990   2.6666666666666665        4.0000000000000000        1.3677595139921099E-005
         991   2.8333333333333330        4.0000000000000000        1.3056473216755300E-005
         992   3.0000000000000000        4.0000000000000000        1.1953717987022618E-005
         993   3.1666666666666665        4.0000000000000000        1.0492786009246599E-005
         994   3.3333333333333330        4.0000000000000000        8.6940161080877082E-006
         995   3.5000000000000000        4.0000000000000000        6.5949151286621875E-006
         996   3.6666666666666665        4.0000000000000000        3.6388063022724032E-006
