           0  -4.0000000000000000       -4.0000000000000000       -7.5688396298249050E-006
           1  -3.8333333333333330       -4.0000000000000000       -1.3454172661645237E-005
           2  -3.6666666666666665       -4.0000000000000000       -1.7096892220598469E-005
           3  -3.5000000000000000       -4.0000000000000000       -1.9610536685212846E-005
           4  -3.3333333333333330       -4.0000000000000000       -2.0791732023923636E-005
           5  -3.1666666666666665       -4.0000000000000000       -2.0639782140952550E-005
           6  -3.0000000000000000       -4.0000000000000000       -1.8907455002562835E-005
           7  -2.8333333333333330       -4.0000000000000000       -1.5648136146380373E-005
           8  -2.6666666666666665       -4.0000000000000000       -1.0948268479413757E-005
           9  -2.5000000000000000       -4.0000000000000000       -5.2186861048527988E-006
          10  -2.3333333333333330       -4.0000000000000000        1.0669669508723538E-006
          11  -2.1666666666666665       -4.0000000000000000        7.2148474769679679E-006
          12  -2.0000000000000000       -4.0000000000000000        1.2613687136606399E-005
          13  -1.8333333333333333       -4.0000000000000000        1.6620305604440615E-005
          14  -1.6666666666666665       -4.0000000000000000        1.8872903887069886E-005
          15  -1.5000000000000000       -4.0000000000000000        1.9108495983533531E-005
          16  -1.3333333333333333       -4.0000000000000000        1.7453071338264310E-005
          17  -1.1666666666666665       -4.0000000000000000        1.4086551400976836E-005
          18  -1.0000000000000000       -4.0000000000000000        9.5576466589263561E-006
          19 -0.83333333333333326       -4.0000000000000000        4.2555984931960702E-006
          20 -0.66666666666666663       -4.0000000000000000       -1.0669979395715187E-006
          21 -0.50000000000000000       -4.0000000000000000       -6.0939107670702495E-006
          22 -0.33333333333333331       -4.0000000000000000       -9.7350664805748014E-006
          23 -0.16666666666666666       -4.0000000000000000       -1.1575823224243216E-005
          24   0.0000000000000000       -4.0000000000000000       -7.6938813929522255E-006
          25  0.33333333333333331       -4.0000000000000000       -1.6598509591945047E-005
          26  0.50000000000000000       -4.0000000000000000       -2.9245861678481791E-005
          27  0.66666666666666663       -4.0000000000000000       -3.5744705889827190E-005
          28  0.83333333333333326       -4.0000000000000000       -3.9552787504015100E-005
          29   1.0000000000000000       -4.0000000000000000       -4.0498493302438345E-005
          30   1.1666666666666665       -4.0000000000000000       -3.9003974892954937E-005
          31   1.3333333333333333       -4.0000000000000000       -3.4796010262746989E-005
          32   1.5000000000000000       -4.0000000000000000       -2.8166035968588941E-005
          33   1.6666666666666665       -4.0000000000000000       -1.9355609206280891E-005
          34   1.8333333333333333       -4.0000000000000000       -9.0494386714224487E-006
          35   2.0000000000000000       -4.0000000000000000        2.0109828106656053E-006
          36   2.1666666666666665       -4.0000000000000000        1.2898295081860233E-005
          37   2.3333333333333330       -4.0000000000000000        2.2747308215654734E-005
          38   2.5000000000000000       -4.0000000000000000        3.0818690915327319E-005
          39   2.6666666666666665       -4.0000000000000000        3.6553761272307915E-005
          40   2.8333333333333330       -4.0000000000000000        3.9740289532191932E-005
          41   3.0000000000000000       -4.0000000000000000        4.0258741196322213E-005
          42   3.1666666666666665       -4.0000000000000000        3.8389090492476137E-005
          43   3.3333333333333330       -4.0000000000000000        3.3984141182962523E-005
          44   3.5000000000000000       -4.0000000000000000        2.7199398845296584E-005
          45   3.6666666666666665       -4.0000000000000000        1.5559949881063445E-005

          46  -4.6666666666666661       -3.5000000000000000       -1.6195336590284084E-005
          47  -4.5000000000000000       -3.5000000000000000       -3.2756063307040534E-005
          48  -4.3333333333333330       -3.5000000000000000       -4.8737557882566489E-005
          49  -4.1666666666666661       -3.5000000000000000       -6.6440944318087153E-005
          50  -4.0000000000000000       -3.5000000000000000       -8.5592257008934049E-005
          51  -3.8333333333333330       -3.5000000000000000       -1.0487499593277632E-004
          52  -3.6666666666666665       -3.5000000000000000       -1.2209188963066423E-004
          53  -3.5000000000000000       -3.5000000000000000       -1.3519651543725687E-004
          54  -3.3333333333333330       -3.5000000000000000       -1.4179031008879162E-004
          55  -3.1666666666666665       -3.5000000000000000       -1.3987568359838599E-004
          56  -3.0000000000000000       -3.5000000000000000       -1.2795626334569516E-004
          57  -2.8333333333333330       -3.5000000000000000       -1.0569887080925114E-004
          58  -2.6666666666666665       -3.5000000000000000       -7.3996402257199529E-005
          59  -2.5000000000000000       -3.5000000000000000       -3.5220903599255463E-005
          60  -2.3333333333333330       -3.5000000000000000        7.1214602291891331E-006
          61  -2.1666666666666665       -3.5000000000000000        4.8683122103378150E-005
          62  -2.0000000000000000       -3.5000000000000000        8.5014478872252205E-005
          63  -1.8333333333333333       -3.5000000000000000        1.1212389019542667E-004
          64  -1.6666666666666665       -3.5000000000000000        1.2718572578127062E-004
          65  -1.5000000000000000       -3.5000000000000000        1.2884132310347763E-004
          66  -1.3333333333333333       -3.5000000000000000        1.1741900707513609E-004
          67  -1.1666666666666665       -3.5000000000000000        9.4671347361099291E-005
          68  -1.0000000000000000       -3.5000000000000000        6.3455911193091244E-005
          69 -0.83333333333333326       -3.5000000000000000        2.7086984241598133E-005
          70 -0.66666666666666663       -3.5000000000000000       -1.1148201282983944E-005
          71 -0.50000000000000000       -3.5000000000000000       -4.8592063765670836E-005
          72 -0.33333333333333331       -3.5000000000000000       -8.3456029445584610E-005
          73 -0.16666666666666666       -3.5000000000000000       -1.1517085629109726E-004
          74   0.0000000000000000       -3.5000000000000000       -1.4437175754190420E-004
          75  0.16666666666666666       -3.5000000000000000       -1.7348834381306411E-004
          76  0.33333333333333331       -3.5000000000000000       -2.0461011407695720E-004
          77  0.50000000000000000       -3.5000000000000000       -2.3449991116495343E-004
          78  0.66666666666666663       -3.5000000000000000       -2.5895111986543224E-004
          79  0.83333333333333326       -3.5000000000000000       -2.7430967746964265E-004
          80   1.0000000000000000       -3.5000000000000000       -2.7711338101074271E-004
          81   1.1666666666666665       -3.5000000000000000       -2.6472509896539783E-004
          82   1.3333333333333333       -3.5000000000000000       -2.3570067422199243E-004
          83   1.5000000000000000       -3.5000000000000000       -1.9035506849954812E-004
          84   1.6666666666666665       -3.5000000000000000       -1.3082735169172275E-004
          85   1.8333333333333333       -3.5000000000000000       -6.1101886867903250E-005
          86   2.0000000000000000       -3.5000000000000000        1.3544370645800076E-005
          87   2.1666666666666665       -3.5000000000000000        8.7074593076907761E-005
          88   2.3333333333333330       -3.5000000000000000        1.5364319791420287E-004
          89   2.5000000000000000       -3.5000000000000000        2.0821873621677174E-004
          90   2.6666666666666665       -3.5000000000000000        2.4737958501979898E-004
          91   2.8333333333333330       -3.5000000000000000        2.6945952123285706E-004
          92   3.0000000000000000       -3.5000000000000000        2.7479742503021937E-004
          93   3.1666666666666665       -3.5000000000000000        2.6520559327570696E-004
          94   3.3333333333333330       -3.5000000000000000        2.4378639040927770E-004
          95   3.5000000000000000       -3.5000000000000000        2.1400819375109675E-004
          96   3.6666666666666665       -3.5000000000000000        1.7966444067649026E-004
          97   3.8333333333333330       -3.5000000000000000        1.4436984865318572E-004
          98   4.0000000000000000       -3.5000000000000000        1.1186883299522032E-004
          99   4.1666666666666661       -3.5000000000000000        8.2314377067273142E-005
         100   4.3333333333333330       -3.5000000000000000        5.5729645381447084E-005
         101   4.5000000000000000       -3.5000000000000000        2.7891036156794536E-005

         102  -5.0000000000000000       -3.0000000000000000       -3.1968412838584895E-005
         103  -4.8333333333333330       -3.0000000000000000       -7.4655918609594136E-005
         104  -4.6666666666666661       -3.0000000000000000       -1.2626140152827408E-004
         105  -4.5000000000000000       -3.0000000000000000       -1.8995415199748075E-004
         106  -4.3333333333333330       -3.0000000000000000       -2.6540977042930209E-004
         107  -4.1666666666666661       -3.0000000000000000       -3.5180810926484143E-004
         108  -4.0000000000000000       -3.0000000000000000       -4.4507935175910857E-004
         109  -3.8333333333333330       -3.0000000000000000       -5.3893797373859699E-004
         110  -3.6666666666666665       -3.0000000000000000       -6.2394350628857439E-004
         111  -3.5000000000000000       -3.0000000000000000       -6.8884618027871287E-004
         112  -3.3333333333333330       -3.0000000000000000       -7.2151717498572911E-004
         113  -3.1666666666666665       -3.0000000000000000       -7.1121353558564315E-004
         114  -3.0000000000000000       -3.0000000000000000       -6.5042811005169008E-004
         115  -2.8333333333333330       -3.0000000000000000       -5.3715325072981111E-004
         116  -2.6666666666666665       -3.0000000000000000       -3.7605546912387129E-004
         117  -2.5000000000000000       -3.0000000000000000       -1.7899198886351986E-004
         118  -2.3333333333333330       -3.0000000000000000        3.6097944000323871E-005
         119  -2.1666666666666665       -3.0000000000000000        2.4726851222372446E-004
         120  -2.0000000000000000       -3.0000000000000000        4.3179782410520876E-004
         121  -1.8333333333333333       -3.0000000000000000        5.6952148165048731E-004
         122  -1.6666666666666665       -3.0000000000000000        6.4597151381603048E-004
         123  -1.5000000000000000       -3.0000000000000000        6.5433975803950149E-004
         124  -1.3333333333333333       -3.0000000000000000        5.9616860001589515E-004
         125  -1.1666666666666665       -3.0000000000000000        4.8042543503230942E-004
         126  -1.0000000000000000       -3.0000000000000000        3.2144865281268900E-004
         127 -0.83333333333333326       -3.0000000000000000        1.3605942365071540E-004
         128 -0.66666666666666663       -3.0000000000000000       -5.9385418472252796E-005
         129 -0.50000000000000000       -3.0000000000000000       -2.5161721643649979E-004
         130 -0.33333333333333331       -3.0000000000000000       -4.3226877029822416E-004
         131 -0.16666666666666666       -3.0000000000000000       -5.9885637821068753E-004
         132   0.0000000000000000       -3.0000000000000000       -7.5484881445941237E-004
         133  0.16666666666666666       -3.0000000000000000       -9.0777862248525012E-004
         134  0.33333333333333331       -3.0000000000000000       -1.0609171272749347E-003
         135  0.50000000000000000       -3.0000000000000000       -1.2050917287973963E-003
         136  0.66666666666666663       -3.0000000000000000       -1.3237947903014034E-003
         137  0.83333333333333326       -3.0000000000000000       -1.3982361610955633E-003
         138   1.0000000000000000       -3.0000000000000000       -1.4104510067022306E-003
         139   1.1666666666666665       -3.0000000000000000       -1.3462884633113808E-003
         140   1.3333333333333333       -3.0000000000000000       -1.1982173376423944E-003
         141   1.5000000000000000       -3.0000000000000000       -9.6744034321596267E-004
         142   1.6666666666666665       -3.0000000000000000       -6.6486576694439249E-004
         143   1.8333333333333333       -3.0000000000000000       -3.1047865879953727E-004
         144   2.0000000000000000       -3.0000000000000000        6.8771119549168331E-005
         145   2.1666666666666665       -3.0000000000000000        4.4245501406759812E-004
         146   2.3333333333333330       -3.0000000000000000        7.8068650304774490E-004
         147   2.5000000000000000       -3.0000000000000000        1.0581968282188127E-003
         148   2.6666666666666665       -3.0000000000000000        1.2573946480607600E-003
         149   2.8333333333333330       -3.0000000000000000        1.3702489573823951E-003
         150   3.0000000000000000       -3.0000000000000000        1.3983217671610024E-003
         151   3.1666666666666665       -3.0000000000000000        1.3515869017934874E-003
         152   3.3333333333333330       -3.0000000000000000        1.2458443523139021E-003
         153   3.5000000000000000       -3.0000000000000000        1.0999982428467653E-003
         154   3.6666666666666665       -3.0000000000000000        9.3295431857622448E-004
         155   3.8333333333333330       -3.0000000000000000        7.6146869315519108E-004
         156   4.0000000000000000       -3.0000000000000000        5.9823926358290309E-004
         157   4.1666666666666661       -3.0000000000000000        4.5217358226593072E-004
         158   4.3333333333333330       -3.0000000000000000        3.2754445423067080E-004
         159   4.5000000000000000       -3.0000000000000000        2.2556725108886517E-004
         160   4.6666666666666661       -3.0000000000000000        1.4495574373250334E-004
         161   4.8333333333333330       -3.0000000000000000        8.4300998696127034E-005
         162   5.0000000000000000       -3.0000000000000000        3.5806994778202496E-005

         163  -5.0000000000000000       -2.5000000000000000       -1.3181652362515575E-004
         164  -4.8333333333333330       -2.5000000000000000       -3.0496906187251843E-004
         165  -4.6666666666666661       -2.5000000000000000       -5.0797985732439223E-004
         166  -4.5000000000000000       -2.5000000000000000       -7.5715045731371863E-004
         167  -4.3333333333333330       -2.5000000000000000       -1.0533829918878996E-003
         168  -4.1666666666666661       -2.5000000000000000       -1.3936692319042928E-003
         169  -4.0000000000000000       -2.5000000000000000       -1.7620069742629437E-003
         170  -3.8333333333333330       -2.5000000000000000       -2.1329420263990011E-003
         171  -3.6666666666666665       -2.5000000000000000       -2.4688758315800090E-003
         172  -3.5000000000000000       -2.5000000000000000       -2.7253356415995289E-003
         173  -3.3333333333333330       -2.5000000000000000       -2.8543556949458056E-003
         174  -3.1666666666666665       -2.5000000000000000       -2.8134514055004819E-003
         175  -3.0000000000000000       -2.5000000000000000       -2.5729159445943054E-003
         176  -2.8333333333333330       -2.5000000000000000       -2.1248014102340329E-003
         177  -2.6666666666666665       -2.5000000000000000       -1.4875530555863241E-003
         178  -2.5000000000000000       -2.5000000000000000       -7.0806596940294802E-004
         179  -2.3333333333333330       -2.5000000000000000        1.4271045171187734E-004
         180  -2.1666666666666665       -2.5000000000000000        9.7797337333042217E-004
         181  -2.0000000000000000       -2.5000000000000000        1.7078520836175885E-003
         182  -1.8333333333333333       -2.5000000000000000        2.2525869689515227E-003
         183  -1.6666666666666665       -2.5000000000000000        2.5549512890482755E-003
         184  -1.5000000000000000       -2.5000000000000000        2.5880107394867127E-003
         185  -1.3333333333333333       -2.5000000000000000        2.3578616288782253E-003
         186  -1.1666666666666665       -2.5000000000000000        1.8999625559327929E-003
         187  -1.0000000000000000       -2.5000000000000000        1.2710192584041815E-003
         188 -0.83333333333333326       -2.5000000000000000        5.3755190092312347E-004
         189 -0.66666666666666663       -2.5000000000000000       -2.3573873521040410E-004
         190 -0.50000000000000000       -2.5000000000000000       -9.9635425551189579E-004
         191 -0.33333333333333331       -2.5000000000000000       -1.7111035401757148E-003
         192 -0.16666666666666666       -2.5000000000000000       -2.3700053257313244E-003
         193   0.0000000000000000       -2.5000000000000000       -2.9865091981367289E-003
         194  0.16666666666666666       -2.5000000000000000       -3.5908531767073711E-003
         195  0.33333333333333331       -2.5000000000000000       -4.1971261375322007E-003
         196  0.50000000000000000       -2.5000000000000000       -4.7678917724126944E-003
         197  0.66666666666666663       -2.5000000000000000       -5.2374130491084680E-003
         198  0.83333333333333326       -2.5000000000000000       -5.5316400224842870E-003
         199   1.0000000000000000       -2.5000000000000000       -5.5796781813444293E-003
         200   1.1666666666666665       -2.5000000000000000       -5.3256482716694514E-003
         201   1.3333333333333333       -2.5000000000000000       -4.7397817687132521E-003
         202   1.5000000000000000       -2.5000000000000000       -3.8268317570444260E-003
         203   1.6666666666666665       -2.5000000000000000       -2.6299357398080190E-003
         204   1.8333333333333333       -2.5000000000000000       -1.2281227401896597E-003
         205   2.0000000000000000       -2.5000000000000000        2.7201527420867884E-004
         206   2.1666666666666665       -2.5000000000000000        1.7501438412909672E-003
         207   2.3333333333333330       -2.5000000000000000        3.0880505696742771E-003
         208   2.5000000000000000       -2.5000000000000000        4.1858164275915943E-003
         209   2.6666666666666665       -2.5000000000000000        4.9738596482433789E-003
         210   2.8333333333333330       -2.5000000000000000        5.4204539239384817E-003
         211   3.0000000000000000       -2.5000000000000000        5.5317684494066406E-003
         212   3.1666666666666665       -2.5000000000000000        5.3472890365680722E-003
         213   3.3333333333333330       -2.5000000000000000        4.9294400489636458E-003
         214   3.5000000000000000       -2.5000000000000000        4.3529581903127878E-003
         215   3.6666666666666665       -2.5000000000000000        3.6924375553469436E-003
         216   3.8333333333333330       -2.5000000000000000        3.0146219590246712E-003
         217   4.0000000000000000       -2.5000000000000000        2.3707539499561938E-003
         218   4.1666666666666661       -2.5000000000000000        1.7960313464479198E-003
         219   4.3333333333333330       -2.5000000000000000        1.3074513771082884E-003
         220   4.5000000000000000       -2.5000000000000000        9.1003920915524734E-004
         221   4.6666666666666661       -2.5000000000000000        5.9471328026157824E-004
         222   4.8333333333333330       -2.5000000000000000        3.4984013424345112E-004
         223   5.0000000000000000       -2.5000000000000000        1.4935645722645744E-004

         224  -5.0000000000000000       -2.0000000000000000       -4.0584507948095632E-004
         225  -4.8333333333333330       -2.0000000000000000       -9.3910199048878075E-004
         226  -4.6666666666666661       -2.0000000000000000       -1.5648954716380645E-003
         227  -4.5000000000000000       -2.0000000000000000       -2.3328542862616369E-003
         228  -4.3333333333333330       -2.0000000000000000       -3.2455252371197049E-003
         229  -4.1666666666666661       -2.0000000000000000       -4.2937067508093492E-003
         230  -4.0000000000000000       -2.0000000000000000       -5.4280702502552455E-003
         231  -3.8333333333333330       -2.0000000000000000       -6.5704194334281181E-003
         232  -3.6666666666666665       -2.0000000000000000       -7.6050205608472945E-003
         233  -3.5000000000000000       -2.0000000000000000       -8.3948712378119766E-003
         234  -3.3333333333333330       -2.0000000000000000       -8.7922110313307759E-003
         235  -3.1666666666666665       -2.0000000000000000       -8.6661684896822654E-003
         236  -3.0000000000000000       -2.0000000000000000       -7.9252349251613934E-003
         237  -2.8333333333333330       -2.0000000000000000       -6.5449260797767932E-003
         238  -2.6666666666666665       -2.0000000000000000       -4.5820547405365725E-003
         239  -2.5000000000000000       -2.0000000000000000       -2.1810658203425268E-003
         240  -2.3333333333333330       -2.0000000000000000        4.3950338118538588E-004
         241  -2.1666666666666665       -2.0000000000000000        3.0122833370146212E-003
         242  -2.0000000000000000       -2.0000000000000000        5.2604543747404873E-003
         243  -1.8333333333333333       -2.0000000000000000        6.9383409656916736E-003
         244  -1.6666666666666665       -2.0000000000000000        7.8696725406272074E-003
         245  -1.5000000000000000       -2.0000000000000000        7.9714857884117130E-003
         246  -1.3333333333333333       -2.0000000000000000        7.2625570065532174E-003
         247  -1.1666666666666665       -2.0000000000000000        5.8521056109375642E-003
         248  -1.0000000000000000       -2.0000000000000000        3.9147942663564795E-003
         249 -0.83333333333333326       -2.0000000000000000        1.6555185726304308E-003
         250 -0.66666666666666663       -2.0000000000000000       -7.2643553679238647E-004
         251 -0.50000000000000000       -2.0000000000000000       -3.0693669856663077E-003
         252 -0.33333333333333331       -2.0000000000000000       -5.2710663250938638E-003
         253 -0.16666666666666666       -2.0000000000000000       -7.3008217137690880E-003
         254   0.0000000000000000       -2.0000000000000000       -9.2001214360521392E-003
         255  0.16666666666666666       -2.0000000000000000       -1.1061889980262002E-002
         256  0.33333333333333331       -2.0000000000000000       -1.2929065330043663E-002
         257  0.50000000000000000       -2.0000000000000000       -1.4686790934701446E-002
         258  0.66666666666666663       -2.0000000000000000       -1.6132799564696373E-002
         259  0.83333333333333326       -2.0000000000000000       -1.7038943142993958E-002
         260   1.0000000000000000       -2.0000000000000000       -1.7186819996091014E-002
         261   1.1666666666666665       -2.0000000000000000       -1.6404285351823859E-002
         262   1.3333333333333333       -2.0000000000000000       -1.4599640884749007E-002
         263   1.5000000000000000       -2.0000000000000000       -1.1787521620219262E-002
         264   1.6666666666666665       -2.0000000000000000       -8.1007983198599469E-003
         265   1.8333333333333333       -2.0000000000000000       -3.7828936279682489E-003
         266   2.0000000000000000       -2.0000000000000000        8.3787042081549107E-004
         267   2.1666666666666665       -2.0000000000000000        5.3908415998882592E-003
         268   2.3333333333333330       -2.0000000000000000        9.5119060047534048E-003
         269   2.5000000000000000       -2.0000000000000000        1.2893294657554318E-002
         270   2.6666666666666665       -2.0000000000000000        1.5320687485090167E-002
         271   2.8333333333333330       -2.0000000000000000        1.6696362855666478E-002
         272   3.0000000000000000       -2.0000000000000000        1.7039333200167924E-002
         273   3.1666666666666665       -2.0000000000000000        1.6471229211125385E-002
         274   3.3333333333333330       -2.0000000000000000        1.5184359426182412E-002
         275   3.5000000000000000       -2.0000000000000000        1.3408958260202509E-002
         276   3.6666666666666665       -2.0000000000000000        1.1374852608394550E-002
         277   3.8333333333333330       -2.0000000000000000        9.2874820411614281E-003
         278   4.0000000000000000       -2.0000000000000000        7.3043332007842283E-003
         279   4.1666666666666661       -2.0000000000000000        5.5339642848061411E-003
         280   4.3333333333333330       -2.0000000000000000        4.0287144169316707E-003
         281   4.5000000000000000       -2.0000000000000000        2.8038364724638546E-003
         282   4.6666666666666661       -2.0000000000000000        1.8317204351725788E-003
         283   4.8333333333333330       -2.0000000000000000        1.0774981251912760E-003
         284   5.0000000000000000       -2.0000000000000000        4.6007633725144332E-004

         285  -5.0000000000000000       -1.5000000000000000       -9.7379901368422651E-004
         286  -4.8333333333333330       -1.5000000000000000       -2.2532021099036180E-003
         287  -4.6666666666666661       -1.5000000000000000       -3.7542980271166294E-003
         288  -4.5000000000000000       -1.5000000000000000       -5.5963767803118422E-003
         289  -4.3333333333333330       -1.5000000000000000       -7.7856546673144697E-003
         290  -4.1666666666666661       -1.5000000000000000       -1.0300063205437070E-002
         291  -4.0000000000000000       -1.5000000000000000       -1.3021310062210674E-002
         292  -3.8333333333333330       -1.5000000000000000       -1.5761720897295838E-002
         293  -3.6666666666666665       -1.5000000000000000       -1.8243628542239272E-002
         294  -3.5000000000000000       -1.5000000000000000       -2.0138392221612584E-002
         295  -3.3333333333333330       -1.5000000000000000       -2.1091560588293680E-002
         296  -3.1666666666666665       -1.5000000000000000       -2.0789194733097663E-002
         297  -3.0000000000000000       -1.5000000000000000       -1.9011778353468029E-002
         298  -2.8333333333333330       -1.5000000000000000       -1.5700578077261423E-002
         299  -2.6666666666666665       -1.5000000000000000       -1.0991881113399460E-002
         300  -2.5000000000000000       -1.5000000000000000       -5.2321938638169281E-003
         301  -2.3333333333333330       -1.5000000000000000        1.0542390874390005E-003
         302  -2.1666666666666665       -1.5000000000000000        7.2260300711359735E-003
         303  -2.0000000000000000       -1.5000000000000000        1.2619122106927496E-002
         304  -1.8333333333333333       -1.5000000000000000        1.6644168775948390E-002
         305  -1.6666666666666665       -1.5000000000000000        1.8878318407724470E-002
         306  -1.5000000000000000       -1.5000000000000000        1.9122551657185505E-002
         307  -1.3333333333333333       -1.5000000000000000        1.7421911201249207E-002
         308  -1.1666666666666665       -1.5000000000000000        1.4038401169738916E-002
         309  -1.0000000000000000       -1.5000000000000000        9.3910178518843285E-003
         310 -0.83333333333333326       -1.5000000000000000        3.9712819532710074E-003
         311 -0.66666666666666663       -1.5000000000000000       -1.7427388187372854E-003
         312 -0.50000000000000000       -1.5000000000000000       -7.3631377448637224E-003
         313 -0.33333333333333331       -1.5000000000000000       -1.2644709697130578E-002
         314 -0.16666666666666666       -1.5000000000000000       -1.7513760929838328E-002
         315   0.0000000000000000       -1.5000000000000000       -2.2069785832027757E-002
         316  0.16666666666666666       -1.5000000000000000       -2.6535811057592302E-002
         317  0.33333333333333331       -1.5000000000000000       -3.1015072469122801E-002
         318  0.50000000000000000       -1.5000000000000000       -3.5231810103723067E-002
         319  0.66666666666666663       -1.5000000000000000       -3.8700696259995525E-002
         320  0.83333333333333326       -1.5000000000000000       -4.0874461545105011E-002
         321   1.0000000000000000       -1.5000000000000000       -4.1229206441488926E-002
         322   1.1666666666666665       -1.5000000000000000       -3.9351992939821168E-002
         323   1.3333333333333333       -1.5000000000000000       -3.5022853276595600E-002
         324   1.5000000000000000       -1.5000000000000000       -2.8276899285620112E-002
         325   1.6666666666666665       -1.5000000000000000       -1.9432873122670037E-002
         326   1.8333333333333333       -1.5000000000000000       -9.0747173422706245E-003
         327   2.0000000000000000       -1.5000000000000000        2.0099623929361876E-003
         328   2.1666666666666665       -1.5000000000000000        1.2932016137753860E-002
         329   2.3333333333333330       -1.5000000000000000        2.2817977632526295E-002
         330   2.5000000000000000       -1.5000000000000000        3.0929546832766174E-002
         331   2.6666666666666665       -1.5000000000000000        3.6752594114314030E-002
         332   2.8333333333333330       -1.5000000000000000        4.0052697651840823E-002
         333   3.0000000000000000       -1.5000000000000000        4.0875461732710117E-002
         334   3.1666666666666665       -1.5000000000000000        3.9512661143715794E-002
         335   3.3333333333333330       -1.5000000000000000        3.6425606056724742E-002
         336   3.5000000000000000       -1.5000000000000000        3.2166586023540930E-002
         337   3.6666666666666665       -1.5000000000000000        2.7286897623464267E-002
         338   3.8333333333333330       -1.5000000000000000        2.2279440459669130E-002
         339   4.0000000000000000       -1.5000000000000000        1.7522178239421118E-002
         340   4.1666666666666661       -1.5000000000000000        1.3275438196383570E-002
         341   4.3333333333333330       -1.5000000000000000        9.6647407054672209E-003
         342   4.5000000000000000       -1.5000000000000000        6.7267261073510757E-003
         343   4.6666666666666661       -1.5000000000000000        4.3949736431791930E-003
         344   4.8333333333333330       -1.5000000000000000        2.5854541583239356E-003
         345   5.0000000000000000       -1.5000000000000000        1.1039674784289141E-003

         346  -5.0000000000000000       -1.0000000000000000       -1.8191995684418551E-003
         347  -4.8333333333333330       -1.0000000000000000       -4.2093693328615683E-003
         348  -4.6666666666666661       -1.0000000000000000       -7.0138682050934591E-003
         349  -4.5000000000000000       -1.0000000000000000       -1.0455432927060094E-002
         350  -4.3333333333333330       -1.0000000000000000       -1.4545617318989510E-002
         351  -4.1666666666666661       -1.0000000000000000       -1.9243186621203934E-002
         352  -4.0000000000000000       -1.0000000000000000       -2.4327116821142376E-002
         353  -3.8333333333333330       -1.0000000000000000       -2.9446842194338851E-002
         354  -3.6666666666666665       -1.0000000000000000       -3.4083635830532137E-002
         355  -3.5000000000000000       -1.0000000000000000       -3.7623510704339849E-002
         356  -3.3333333333333330       -1.0000000000000000       -3.9404260678651021E-002
         357  -3.1666666666666665       -1.0000000000000000       -3.8839367789859358E-002
         358  -3.0000000000000000       -1.0000000000000000       -3.5518720733141475E-002
         359  -2.8333333333333330       -1.0000000000000000       -2.9332590357509007E-002
         360  -2.6666666666666665       -1.0000000000000000       -2.0535594347227484E-002
         361  -2.5000000000000000       -1.0000000000000000       -9.7750911273516514E-003
         362  -2.3333333333333330       -1.0000000000000000        1.9695021369178349E-003
         363  -2.1666666666666665       -1.0000000000000000        1.3499916558179739E-002
         364  -2.0000000000000000       -1.0000000000000000        2.3575531128472608E-002
         365  -1.8333333333333333       -1.0000000000000000        3.1095302719888415E-002
         366  -1.6666666666666665       -1.0000000000000000        3.5269240767786668E-002
         367  -1.5000000000000000       -1.0000000000000000        3.5725528629549350E-002
         368  -1.3333333333333333       -1.0000000000000000        3.2548316716320004E-002
         369  -1.1666666666666665       -1.0000000000000000        2.6227093033089153E-002
         370  -1.0000000000000000       -1.0000000000000000        1.7544644405193811E-002
         371 -0.83333333333333326       -1.0000000000000000        7.4192515419038369E-003
         372 -0.66666666666666663       -1.0000000000000000       -3.2559407231388996E-003
         373 -0.50000000000000000       -1.0000000000000000       -1.3756230757138584E-002
         374 -0.33333333333333331       -1.0000000000000000       -2.3623525614658355E-002
         375 -0.16666666666666666       -1.0000000000000000       -3.2720159274348452E-002
         376   0.0000000000000000       -1.0000000000000000       -4.1232029900791028E-002
         377  0.16666666666666666       -1.0000000000000000       -4.9575737517297817E-002
         378  0.33333333333333331       -1.0000000000000000       -5.7944011360987285E-002
         379  0.50000000000000000       -1.0000000000000000       -6.5821803757405054E-002
         380  0.66666666666666663       -1.0000000000000000       -7.2302472247473409E-002
         381  0.83333333333333326       -1.0000000000000000       -7.6363565524345575E-002
         382   1.0000000000000000       -1.0000000000000000       -7.7026298965835308E-002
         383   1.1666666666666665       -1.0000000000000000       -7.3519193184620218E-002
         384   1.3333333333333333       -1.0000000000000000       -6.5431291413681647E-002
         385   1.5000000000000000       -1.0000000000000000       -5.2828188875729765E-002
         386   1.6666666666666665       -1.0000000000000000       -3.6305373641021023E-002
         387   1.8333333333333333       -1.0000000000000000       -1.6953793103911260E-002
         388   2.0000000000000000       -1.0000000000000000        3.7551124935694393E-003
         389   2.1666666666666665       -1.0000000000000000        2.4160193059649462E-002
         390   2.3333333333333330       -1.0000000000000000        4.2629599916190718E-002
         391   2.5000000000000000       -1.0000000000000000        5.7784007284120073E-002
         392   2.6666666666666665       -1.0000000000000000        6.8662895784689024E-002
         393   2.8333333333333330       -1.0000000000000000        7.4828307658670101E-002
         394   3.0000000000000000       -1.0000000000000000        7.6365445132925522E-002
         395   3.1666666666666665       -1.0000000000000000        7.3819416547163369E-002
         396   3.3333333333333330       -1.0000000000000000        6.8052070733542566E-002
         397   3.5000000000000000       -1.0000000000000000        6.0095228555496892E-002
         398   3.6666666666666665       -1.0000000000000000        5.0978863488004948E-002
         399   3.8333333333333330       -1.0000000000000000        4.1623785383548946E-002
         400   4.0000000000000000       -1.0000000000000000        3.2736016368344077E-002
         401   4.1666666666666661       -1.0000000000000000        2.4801965492513314E-002
         402   4.3333333333333330       -1.0000000000000000        1.8056156867070246E-002
         403   4.5000000000000000       -1.0000000000000000        1.2567018616309109E-002
         404   4.6666666666666661       -1.0000000000000000        8.2105624582439248E-003
         405   4.8333333333333330       -1.0000000000000000        4.8300086309209529E-003
         406   5.0000000000000000       -1.0000000000000000        2.0623688394439160E-003

         407  -5.0000000000000000      -0.50000000000000000       -2.6469891601681658E-003
         408  -4.8333333333333330      -0.50000000000000000       -6.1247184671368200E-003
         409  -4.6666666666666661      -0.50000000000000000       -1.0205193713610538E-002
         410  -4.5000000000000000      -0.50000000000000000       -1.5212576499812641E-002
         411  -4.3333333333333330      -0.50000000000000000       -2.1163716514155502E-002
         412  -4.1666666666666661      -0.50000000000000000       -2.7998622543410064E-002
         413  -4.0000000000000000      -0.50000000000000000       -3.5395724146911126E-002
         414  -3.8333333333333330      -0.50000000000000000       -4.2844912696805681E-002
         415  -3.6666666666666665      -0.50000000000000000       -4.9591428454002752E-002
         416  -3.5000000000000000      -0.50000000000000000       -5.4741929190664194E-002
         417  -3.3333333333333330      -0.50000000000000000       -5.7332913318778773E-002
         418  -3.1666666666666665      -0.50000000000000000       -5.6511004266753949E-002
         419  -3.0000000000000000      -0.50000000000000000       -5.1679494135244572E-002
         420  -2.8333333333333330      -0.50000000000000000       -4.2678728404405911E-002
         421  -2.6666666666666665      -0.50000000000000000       -2.9879173703262044E-002
         422  -2.5000000000000000      -0.50000000000000000       -1.4222731376905842E-002
         423  -2.3333333333333330      -0.50000000000000000        2.8655546993366959E-003
         424  -2.1666666666666665      -0.50000000000000000        1.9642212959229358E-002
         425  -2.0000000000000000      -0.50000000000000000        3.4302150032764232E-002
         426  -1.8333333333333333      -0.50000000000000000        4.5243356980449699E-002
         427  -1.6666666666666665      -0.50000000000000000        5.1316404046949857E-002
         428  -1.5000000000000000      -0.50000000000000000        5.1980300836053331E-002
         429  -1.3333333333333333      -0.50000000000000000        4.7357485668347445E-002
         430  -1.1666666666666665      -0.50000000000000000        3.8160159397278036E-002
         431  -1.0000000000000000      -0.50000000000000000        2.5527270944954036E-002
         432 -0.83333333333333326      -0.50000000000000000        1.0794911364775891E-002
         433 -0.66666666666666663      -0.50000000000000000       -4.7373991232468526E-003
         434 -0.50000000000000000      -0.50000000000000000       -2.0015223513844702E-002
         435 -0.33333333333333331      -0.50000000000000000       -3.4372033349995786E-002
         436 -0.16666666666666666      -0.50000000000000000       -4.7607517760985867E-002
         437   0.0000000000000000      -0.50000000000000000       -5.9992145204421754E-002
         438  0.16666666666666666      -0.50000000000000000       -7.2132113703986103E-002
         439  0.33333333333333331      -0.50000000000000000       -8.4307940051087271E-002
         440  0.50000000000000000      -0.50000000000000000       -9.5770136731626390E-002
         441  0.66666666666666663      -0.50000000000000000      -0.10519949740641123     
         442  0.83333333333333326      -0.50000000000000000      -0.11110837520910254     
         443   1.0000000000000000      -0.50000000000000000      -0.11207265436438908     
         444   1.1666666666666665      -0.50000000000000000      -0.10696984547394175     
         445   1.3333333333333333      -0.50000000000000000       -9.5202011987146298E-002
         446   1.5000000000000000      -0.50000000000000000       -7.6864596176712957E-002
         447   1.6666666666666665      -0.50000000000000000       -5.2824028852105701E-002
         448   1.8333333333333333      -0.50000000000000000       -2.4667630186435672E-002
         449   2.0000000000000000      -0.50000000000000000        5.4636657901698197E-003
         450   2.1666666666666665      -0.50000000000000000        3.5152898889478389E-002
         451   2.3333333333333330      -0.50000000000000000        6.2025741938539797E-002
         452   2.5000000000000000      -0.50000000000000000        8.4075287010386607E-002
         453   2.6666666666666665      -0.50000000000000000        9.9903985343988269E-002
         454   2.8333333333333330      -0.50000000000000000       0.10887461183579317     
         455   3.0000000000000000      -0.50000000000000000       0.11111113316300887     
         456   3.1666666666666665      -0.50000000000000000       0.10740667612185008     
         457   3.3333333333333330      -0.50000000000000000        9.9015217683300516E-002
         458   3.5000000000000000      -0.50000000000000000        8.7438042617197287E-002
         459   3.6666666666666665      -0.50000000000000000        7.4173742800137388E-002
         460   3.8333333333333330      -0.50000000000000000        6.0562122242703097E-002
         461   4.0000000000000000      -0.50000000000000000        4.7630511338880022E-002
         462   4.1666666666666661      -0.50000000000000000        3.6086593484498851E-002
         463   4.3333333333333330      -0.50000000000000000        2.6271583426943780E-002
         464   4.5000000000000000      -0.50000000000000000        1.8285058768393630E-002
         465   4.6666666666666661      -0.50000000000000000        1.1946550962088331E-002
         466   4.8333333333333330      -0.50000000000000000        7.0278141742672997E-003
         467   5.0000000000000000      -0.50000000000000000        3.0008157153529808E-003

         468  -5.0000000000000000        0.0000000000000000       -2.9993808067804374E-003
         469  -4.8333333333333330        0.0000000000000000       -6.9401268505574409E-003
         470  -4.6666666666666661        0.0000000000000000       -1.1563949326937630E-002
         471  -4.5000000000000000        0.0000000000000000       -1.7238109804022128E-002
         472  -4.3333333333333330        0.0000000000000000       -2.3981671623323136E-002
         473  -4.1666666666666661        0.0000000000000000       -3.1726651486438634E-002
         474  -4.0000000000000000        0.0000000000000000       -4.0108648373592758E-002
         475  -3.8333333333333330        0.0000000000000000       -4.8549663568454964E-002
         476  -3.6666666666666665        0.0000000000000000       -5.6194455251026475E-002
         477  -3.5000000000000000        0.0000000000000000       -6.2030731231676357E-002
         478  -3.3333333333333330        0.0000000000000000       -6.4966699039791340E-002
         479  -3.1666666666666665        0.0000000000000000       -6.4035354644529752E-002
         480  -3.0000000000000000        0.0000000000000000       -5.8560538870219551E-002
         481  -2.8333333333333330        0.0000000000000000       -4.8361338935193295E-002
         482  -2.6666666666666665        0.0000000000000000       -3.3857548287502759E-002
         483  -2.5000000000000000        0.0000000000000000       -1.6116480487709771E-002
         484  -2.3333333333333330        0.0000000000000000        3.2470786187502819E-003
         485  -2.1666666666666665        0.0000000000000000        2.2257517565191169E-002
         486  -2.0000000000000000        0.0000000000000000        3.8869398061998378E-002
         487  -1.8333333333333333        0.0000000000000000        5.1267406723812511E-002
         488  -1.6666666666666665        0.0000000000000000        5.8149069213821972E-002
         489  -1.5000000000000000        0.0000000000000000        5.8901363338940339E-002
         490  -1.3333333333333333        0.0000000000000000        5.3663029627977803E-002
         491  -1.1666666666666665        0.0000000000000000        4.3241097211778011E-002
         492  -1.0000000000000000        0.0000000000000000        2.8926163468231032E-002
         493 -0.83333333333333326        0.0000000000000000        1.2232217291680903E-002
         494 -0.66666666666666663        0.0000000000000000       -5.3681939181662499E-003
         495 -0.50000000000000000        0.0000000000000000       -2.2680238591109448E-002
         496 -0.33333333333333331        0.0000000000000000       -3.8948646883717374E-002
         497 -0.16666666666666666        0.0000000000000000       -5.3946443293443939E-002
         498   0.0000000000000000        0.0000000000000000       -6.7980117984339616E-002
         499  0.16666666666666666        0.0000000000000000       -8.1736545140000727E-002
         500  0.33333333333333331        0.0000000000000000       -9.5533515530931201E-002
         501  0.50000000000000000        0.0000000000000000      -0.10852182460838142     
         502  0.66666666666666663        0.0000000000000000      -0.11920665427734889     
         503  0.83333333333333326        0.0000000000000000      -0.12590227101384815     
         504   1.0000000000000000        0.0000000000000000      -0.12699493416707558     
         505   1.1666666666666665        0.0000000000000000      -0.12121269133924344     
         506   1.3333333333333333        0.0000000000000000      -0.10787798997404846     
         507   1.5000000000000000        0.0000000000000000       -8.7098978930526066E-002
         508   1.6666666666666665        0.0000000000000000       -5.9857452425469380E-002
         509   1.8333333333333333        0.0000000000000000       -2.7952079175436406E-002
         510   2.0000000000000000        0.0000000000000000        6.1911453723070345E-003
         511   2.1666666666666665        0.0000000000000000        3.9833447100893114E-002
         512   2.3333333333333330        0.0000000000000000        7.0284361632341155E-002
         513   2.5000000000000000        0.0000000000000000        9.5269764705681256E-002
         514   2.6666666666666665        0.0000000000000000       0.11320602690614422     
         515   2.8333333333333330        0.0000000000000000       0.12337107770136312     
         516   3.0000000000000000        0.0000000000000000       0.12590539107034859     
         517   3.1666666666666665        0.0000000000000000       0.12170769832418929     
         518   3.3333333333333330        0.0000000000000000       0.11219894600300204     
         519   3.5000000000000000        0.0000000000000000        9.9080317203385407E-002
         520   3.6666666666666665        0.0000000000000000        8.4049947329131278E-002
         521   3.8333333333333330        0.0000000000000000        6.8626006894503794E-002
         522   4.0000000000000000        0.0000000000000000        5.3972555658948144E-002
         523   4.1666666666666661        0.0000000000000000        4.0891533783806201E-002
         524   4.3333333333333330        0.0000000000000000        2.9769601241345398E-002
         525   4.5000000000000000        0.0000000000000000        2.0719583360402926E-002
         526   4.6666666666666661        0.0000000000000000        1.3537033555589301E-002
         527   4.8333333333333330        0.0000000000000000        7.9634159794302294E-003
         528   5.0000000000000000        0.0000000000000000        3.4003062673808831E-003

         529  -5.0000000000000000       0.50000000000000000       -2.6469891601682317E-003
         530  -4.8333333333333330       0.50000000000000000       -6.1247184671370516E-003
         531  -4.6666666666666661       0.50000000000000000       -1.0205193713610863E-002
         532  -4.5000000000000000       0.50000000000000000       -1.5212576499812894E-002
         533  -4.3333333333333330       0.50000000000000000       -2.1163716514155852E-002
         534  -4.1666666666666661       0.50000000000000000       -2.7998622543410567E-002
         535  -4.0000000000000000       0.50000000000000000       -3.5395724146911840E-002
         536  -3.8333333333333330       0.50000000000000000       -4.2844912696806736E-002
         537  -3.6666666666666665       0.50000000000000000       -4.9591428454004431E-002
         538  -3.5000000000000000       0.50000000000000000       -5.4741929190666561E-002
         539  -3.3333333333333330       0.50000000000000000       -5.7332913318781806E-002
         540  -3.1666666666666665       0.50000000000000000       -5.6511004266757474E-002
         541  -3.0000000000000000       0.50000000000000000       -5.1679494135248388E-002
         542  -2.8333333333333330       0.50000000000000000       -4.2678728404409942E-002
         543  -2.6666666666666665       0.50000000000000000       -2.9879173703266138E-002
         544  -2.5000000000000000       0.50000000000000000       -1.4222731376909371E-002
         545  -2.3333333333333330       0.50000000000000000        2.8655546993337599E-003
         546  -2.1666666666666665       0.50000000000000000        1.9642212959227228E-002
         547  -2.0000000000000000       0.50000000000000000        3.4302150032762824E-002
         548  -1.8333333333333333       0.50000000000000000        4.5243356980449068E-002
         549  -1.6666666666666665       0.50000000000000000        5.1316404046950065E-002
         550  -1.5000000000000000       0.50000000000000000        5.1980300836054219E-002
         551  -1.3333333333333333       0.50000000000000000        4.7357485668348812E-002
         552  -1.1666666666666665       0.50000000000000000        3.8160159397279535E-002
         553  -1.0000000000000000       0.50000000000000000        2.5527270944955601E-002
         554 -0.83333333333333326       0.50000000000000000        1.0794911364777672E-002
         555 -0.66666666666666663       0.50000000000000000       -4.7373991232449817E-003
         556 -0.50000000000000000       0.50000000000000000       -2.0015223513842908E-002
         557 -0.33333333333333331       0.50000000000000000       -3.4372033349993954E-002
         558 -0.16666666666666666       0.50000000000000000       -4.7607517760983965E-002
         559   0.0000000000000000       0.50000000000000000       -5.9992145204419617E-002
         560  0.16666666666666666       0.50000000000000000       -7.2132113703983716E-002
         561  0.33333333333333331       0.50000000000000000       -8.4307940051084329E-002
         562  0.50000000000000000       0.50000000000000000       -9.5770136731622935E-002
         563  0.66666666666666663       0.50000000000000000      -0.10519949740640726     
         564  0.83333333333333326       0.50000000000000000      -0.11110837520909786     
         565   1.0000000000000000       0.50000000000000000      -0.11207265436438368     
         566   1.1666666666666665       0.50000000000000000      -0.10696984547393582     
         567   1.3333333333333333       0.50000000000000000       -9.5202011987140123E-002
         568   1.5000000000000000       0.50000000000000000       -7.6864596176706532E-002
         569   1.6666666666666665       0.50000000000000000       -5.2824028852099157E-002
         570   1.8333333333333333       0.50000000000000000       -2.4667630186428882E-002
         571   2.0000000000000000       0.50000000000000000        5.4636657901765799E-003
         572   2.1666666666666665       0.50000000000000000        3.5152898889484904E-002
         573   2.3333333333333330       0.50000000000000000        6.2025741938545959E-002
         574   2.5000000000000000       0.50000000000000000        8.4075287010392213E-002
         575   2.6666666666666665       0.50000000000000000        9.9903985343993168E-002
         576   2.8333333333333330       0.50000000000000000       0.10887461183579751     
         577   3.0000000000000000       0.50000000000000000       0.11111113316301280     
         578   3.1666666666666665       0.50000000000000000       0.10740667612185351     
         579   3.3333333333333330       0.50000000000000000        9.9015217683303333E-002
         580   3.5000000000000000       0.50000000000000000        8.7438042617199521E-002
         581   3.6666666666666665       0.50000000000000000        7.4173742800138998E-002
         582   3.8333333333333330       0.50000000000000000        6.0562122242704283E-002
         583   4.0000000000000000       0.50000000000000000        4.7630511338880896E-002
         584   4.1666666666666661       0.50000000000000000        3.6086593484499489E-002
         585   4.3333333333333330       0.50000000000000000        2.6271583426944283E-002
         586   4.5000000000000000       0.50000000000000000        1.8285058768394011E-002
         587   4.6666666666666661       0.50000000000000000        1.1946550962088763E-002
         588   4.8333333333333330       0.50000000000000000        7.0278141742675330E-003
         589   5.0000000000000000       0.50000000000000000        3.0008157153530190E-003

         590  -5.0000000000000000        1.0000000000000000       -1.8191995684420949E-003
         591  -4.8333333333333330        1.0000000000000000       -4.2093693328622240E-003
         592  -4.6666666666666661        1.0000000000000000       -7.0138682050943472E-003
         593  -4.5000000000000000        1.0000000000000000       -1.0455432927061387E-002
         594  -4.3333333333333330        1.0000000000000000       -1.4545617318991231E-002
         595  -4.1666666666666661        1.0000000000000000       -1.9243186621205915E-002
         596  -4.0000000000000000        1.0000000000000000       -2.4327116821144627E-002
         597  -3.8333333333333330        1.0000000000000000       -2.9446842194341630E-002
         598  -3.6666666666666665        1.0000000000000000       -3.4083635830535537E-002
         599  -3.5000000000000000        1.0000000000000000       -3.7623510704343902E-002
         600  -3.3333333333333330        1.0000000000000000       -3.9404260678655677E-002
         601  -3.1666666666666665        1.0000000000000000       -3.8839367789864521E-002
         602  -3.0000000000000000        1.0000000000000000       -3.5518720733146887E-002
         603  -2.8333333333333330        1.0000000000000000       -2.9332590357514603E-002
         604  -2.6666666666666665        1.0000000000000000       -2.0535594347232886E-002
         605  -2.5000000000000000        1.0000000000000000       -9.7750911273564670E-003
         606  -2.3333333333333330        1.0000000000000000        1.9695021369139521E-003
         607  -2.1666666666666665        1.0000000000000000        1.3499916558176870E-002
         608  -2.0000000000000000        1.0000000000000000        2.3575531128471012E-002
         609  -1.8333333333333333        1.0000000000000000        3.1095302719887814E-002
         610  -1.6666666666666665        1.0000000000000000        3.5269240767786987E-002
         611  -1.5000000000000000        1.0000000000000000        3.5725528629550460E-002
         612  -1.3333333333333333        1.0000000000000000        3.2548316716321669E-002
         613  -1.1666666666666665        1.0000000000000000        2.6227093033090947E-002
         614  -1.0000000000000000        1.0000000000000000        1.7544644405195629E-002
         615 -0.83333333333333326        1.0000000000000000        7.4192515419055421E-003
         616 -0.66666666666666663        1.0000000000000000       -3.2559407231372152E-003
         617 -0.50000000000000000        1.0000000000000000       -1.3756230757136957E-002
         618 -0.33333333333333331        1.0000000000000000       -2.3623525614656658E-002
         619 -0.16666666666666666        1.0000000000000000       -3.2720159274346697E-002
         620   0.0000000000000000        1.0000000000000000       -4.1232029900789023E-002
         621  0.16666666666666666        1.0000000000000000       -4.9575737517295208E-002
         622  0.33333333333333331        1.0000000000000000       -5.7944011360983975E-002
         623  0.50000000000000000        1.0000000000000000       -6.5821803757400779E-002
         624  0.66666666666666663        1.0000000000000000       -7.2302472247468177E-002
         625  0.83333333333333326        1.0000000000000000       -7.6363565524339497E-002
         626   1.0000000000000000        1.0000000000000000       -7.7026298965828299E-002
         627   1.1666666666666665        1.0000000000000000       -7.3519193184612530E-002
         628   1.3333333333333333        1.0000000000000000       -6.5431291413673209E-002
         629   1.5000000000000000        1.0000000000000000       -5.2828188875720612E-002
         630   1.6666666666666665        1.0000000000000000       -3.6305373641011669E-002
         631   1.8333333333333333        1.0000000000000000       -1.6953793103902003E-002
         632   2.0000000000000000        1.0000000000000000        3.7551124935784660E-003
         633   2.1666666666666665        1.0000000000000000        2.4160193059658289E-002
         634   2.3333333333333330        1.0000000000000000        4.2629599916199343E-002
         635   2.5000000000000000        1.0000000000000000        5.7784007284128372E-002
         636   2.6666666666666665        1.0000000000000000        6.8662895784696421E-002
         637   2.8333333333333330        1.0000000000000000        7.4828307658676527E-002
         638   3.0000000000000000        1.0000000000000000        7.6365445132931004E-002
         639   3.1666666666666665        1.0000000000000000        7.3819416547168046E-002
         640   3.3333333333333330        1.0000000000000000        6.8052070733546396E-002
         641   3.5000000000000000        1.0000000000000000        6.0095228555500146E-002
         642   3.6666666666666665        1.0000000000000000        5.0978863488007377E-002
         643   3.8333333333333330        1.0000000000000000        4.1623785383550591E-002
         644   4.0000000000000000        1.0000000000000000        3.2736016368345208E-002
         645   4.1666666666666661        1.0000000000000000        2.4801965492513983E-002
         646   4.3333333333333330        1.0000000000000000        1.8056156867070659E-002
         647   4.5000000000000000        1.0000000000000000        1.2567018616309615E-002
         648   4.6666666666666661        1.0000000000000000        8.2105624582443811E-003
         649   4.8333333333333330        1.0000000000000000        4.8300086309212720E-003
         650   5.0000000000000000        1.0000000000000000        2.0623688394441602E-003

         651  -5.0000000000000000        1.5000000000000000       -9.7379901368443002E-004
         652  -4.8333333333333330        1.5000000000000000       -2.2532021099041558E-003
         653  -4.6666666666666661        1.5000000000000000       -3.7542980271176286E-003
         654  -4.5000000000000000        1.5000000000000000       -5.5963767803132516E-003
         655  -4.3333333333333330        1.5000000000000000       -7.7856546673160795E-003
         656  -4.1666666666666661        1.5000000000000000       -1.0300063205439034E-002
         657  -4.0000000000000000        1.5000000000000000       -1.3021310062213185E-002
         658  -3.8333333333333330        1.5000000000000000       -1.5761720897298617E-002
         659  -3.6666666666666665        1.5000000000000000       -1.8243628542242294E-002
         660  -3.5000000000000000        1.5000000000000000       -2.0138392221616310E-002
         661  -3.3333333333333330        1.5000000000000000       -2.1091560588298062E-002
         662  -3.1666666666666665        1.5000000000000000       -2.0789194733102673E-002
         663  -3.0000000000000000        1.5000000000000000       -1.9011778353473379E-002
         664  -2.8333333333333330        1.5000000000000000       -1.5700578077266564E-002
         665  -2.6666666666666665        1.5000000000000000       -1.0991881113403967E-002
         666  -2.5000000000000000        1.5000000000000000       -5.2321938638206474E-003
         667  -2.3333333333333330        1.5000000000000000        1.0542390874363472E-003
         668  -2.1666666666666665        1.5000000000000000        7.2260300711344053E-003
         669  -2.0000000000000000        1.5000000000000000        1.2619122106927056E-002
         670  -1.8333333333333333        1.5000000000000000        1.6644168775948841E-002
         671  -1.6666666666666665        1.5000000000000000        1.8878318407725719E-002
         672  -1.5000000000000000        1.5000000000000000        1.9122551657187351E-002
         673  -1.3333333333333333        1.5000000000000000        1.7421911201251351E-002
         674  -1.1666666666666665        1.5000000000000000        1.4038401169741159E-002
         675  -1.0000000000000000        1.5000000000000000        9.3910178518864483E-003
         676 -0.83333333333333326        1.5000000000000000        3.9712819532727248E-003
         677 -0.66666666666666663        1.5000000000000000       -1.7427388187359466E-003
         678 -0.50000000000000000        1.5000000000000000       -7.3631377448624699E-003
         679 -0.33333333333333331        1.5000000000000000       -1.2644709697129370E-002
         680 -0.16666666666666666        1.5000000000000000       -1.7513760929836898E-002
         681   0.0000000000000000        1.5000000000000000       -2.2069785832026144E-002
         682  0.16666666666666666        1.5000000000000000       -2.6535811057590456E-002
         683  0.33333333333333331        1.5000000000000000       -3.1015072469120608E-002
         684  0.50000000000000000        1.5000000000000000       -3.5231810103720403E-002
         685  0.66666666666666663        1.5000000000000000       -3.8700696259992264E-002
         686  0.83333333333333326        1.5000000000000000       -4.0874461545101111E-002
         687   1.0000000000000000        1.5000000000000000       -4.1229206441484194E-002
         688   1.1666666666666665        1.5000000000000000       -3.9351992939815506E-002
         689   1.3333333333333333        1.5000000000000000       -3.5022853276589057E-002
         690   1.5000000000000000        1.5000000000000000       -2.8276899285612788E-002
         691   1.6666666666666665        1.5000000000000000       -1.9432873122662172E-002
         692   1.8333333333333333        1.5000000000000000       -9.0747173422624609E-003
         693   2.0000000000000000        1.5000000000000000        2.0099623929444974E-003
         694   2.1666666666666665        1.5000000000000000        1.2932016137762084E-002
         695   2.3333333333333330        1.5000000000000000        2.2817977632534150E-002
         696   2.5000000000000000        1.5000000000000000        3.0929546832773325E-002
         697   2.6666666666666665        1.5000000000000000        3.6752594114320275E-002
         698   2.8333333333333330        1.5000000000000000        4.0052697651846048E-002
         699   3.0000000000000000        1.5000000000000000        4.0875461732714266E-002
         700   3.1666666666666665        1.5000000000000000        3.9512661143718986E-002
         701   3.3333333333333330        1.5000000000000000        3.6425606056727212E-002
         702   3.5000000000000000        1.5000000000000000        3.2166586023542727E-002
         703   3.6666666666666665        1.5000000000000000        2.7286897623465676E-002
         704   3.8333333333333330        1.5000000000000000        2.2279440459670126E-002
         705   4.0000000000000000        1.5000000000000000        1.7522178239421860E-002
         706   4.1666666666666661        1.5000000000000000        1.3275438196384191E-002
         707   4.3333333333333330        1.5000000000000000        9.6647407054676667E-003
         708   4.5000000000000000        1.5000000000000000        6.7267261073514512E-003
         709   4.6666666666666661        1.5000000000000000        4.3949736431795131E-003
         710   4.8333333333333330        1.5000000000000000        2.5854541583241724E-003
         711   5.0000000000000000        1.5000000000000000        1.1039674784290060E-003

         712  -5.0000000000000000        2.0000000000000000       -4.0584507948116823E-004
         713  -4.8333333333333330        2.0000000000000000       -9.3910199048935039E-004
         714  -4.6666666666666661        2.0000000000000000       -1.5648954716387241E-003
         715  -4.5000000000000000        2.0000000000000000       -2.3328542862622319E-003
         716  -4.3333333333333330        2.0000000000000000       -3.2455252371206209E-003
         717  -4.1666666666666661        2.0000000000000000       -4.2937067508104680E-003
         718  -4.0000000000000000        2.0000000000000000       -5.4280702502565795E-003
         719  -3.8333333333333330        2.0000000000000000       -6.5704194334296993E-003
         720  -3.6666666666666665        2.0000000000000000       -7.6050205608491810E-003
         721  -3.5000000000000000        2.0000000000000000       -8.3948712378142665E-003
         722  -3.3333333333333330        2.0000000000000000       -8.7922110313335064E-003
         723  -3.1666666666666665        2.0000000000000000       -8.6661684896852734E-003
         724  -3.0000000000000000        2.0000000000000000       -7.9252349251643425E-003
         725  -2.8333333333333330        2.0000000000000000       -6.5449260797793988E-003
         726  -2.6666666666666665        2.0000000000000000       -4.5820547405387357E-003
         727  -2.5000000000000000        2.0000000000000000       -2.1810658203441280E-003
         728  -2.3333333333333330        2.0000000000000000        4.3950338118439291E-004
         729  -2.1666666666666665        2.0000000000000000        3.0122833370141715E-003
         730  -2.0000000000000000        2.0000000000000000        5.2604543747406867E-003
         731  -1.8333333333333333        2.0000000000000000        6.9383409656924308E-003
         732  -1.6666666666666665        2.0000000000000000        7.8696725406285362E-003
         733  -1.5000000000000000        2.0000000000000000        7.9714857884134425E-003
         734  -1.3333333333333333        2.0000000000000000        7.2625570065551100E-003
         735  -1.1666666666666665        2.0000000000000000        5.8521056109394091E-003
         736  -1.0000000000000000        2.0000000000000000        3.9147942663581700E-003
         737 -0.83333333333333326        2.0000000000000000        1.6555185726318678E-003
         738 -0.66666666666666663        2.0000000000000000       -7.2643553679124404E-004
         739 -0.50000000000000000        2.0000000000000000       -3.0693669856654863E-003
         740 -0.33333333333333331        2.0000000000000000       -5.2710663250931534E-003
         741 -0.16666666666666666        2.0000000000000000       -7.3008217137683551E-003
         742   0.0000000000000000        2.0000000000000000       -9.2001214360514626E-003
         743  0.16666666666666666        2.0000000000000000       -1.1061889980261246E-002
         744  0.33333333333333331        2.0000000000000000       -1.2929065330042844E-002
         745  0.50000000000000000        2.0000000000000000       -1.4686790934700131E-002
         746  0.66666666666666663        2.0000000000000000       -1.6132799564694669E-002
         747  0.83333333333333326        2.0000000000000000       -1.7038943142991776E-002
         748   1.0000000000000000        2.0000000000000000       -1.7186819996088492E-002
         749   1.1666666666666665        2.0000000000000000       -1.6404285351820761E-002
         750   1.3333333333333333        2.0000000000000000       -1.4599640884745333E-002
         751   1.5000000000000000        2.0000000000000000       -1.1787521620214991E-002
         752   1.6666666666666665        2.0000000000000000       -8.1007983198552146E-003
         753   1.8333333333333333        2.0000000000000000       -3.7828936279632758E-003
         754   2.0000000000000000        2.0000000000000000        8.3787042082074923E-004
         755   2.1666666666666665        2.0000000000000000        5.3908415998934088E-003
         756   2.3333333333333330        2.0000000000000000        9.5119060047581076E-003
         757   2.5000000000000000        2.0000000000000000        1.2893294657558205E-002
         758   2.6666666666666665        2.0000000000000000        1.5320687485093215E-002
         759   2.8333333333333330        2.0000000000000000        1.6696362855668931E-002
         760   3.0000000000000000        2.0000000000000000        1.7039333200170120E-002
         761   3.1666666666666665        2.0000000000000000        1.6471229211127002E-002
         762   3.3333333333333330        2.0000000000000000        1.5184359426183474E-002
         763   3.5000000000000000        2.0000000000000000        1.3408958260203219E-002
         764   3.6666666666666665        2.0000000000000000        1.1374852608394995E-002
         765   3.8333333333333330        2.0000000000000000        9.2874820411616606E-003
         766   4.0000000000000000        2.0000000000000000        7.3043332007843766E-003
         767   4.1666666666666661        2.0000000000000000        5.5339642848064073E-003
         768   4.3333333333333330        2.0000000000000000        4.0287144169320306E-003
         769   4.5000000000000000        2.0000000000000000        2.8038364724640615E-003
         770   4.6666666666666661        2.0000000000000000        1.8317204351726657E-003
         771   4.8333333333333330        2.0000000000000000        1.0774981251912019E-003
         772   5.0000000000000000        2.0000000000000000        4.6007633725139019E-004

         773  -5.0000000000000000        2.5000000000000000       -1.3181652362513393E-004
         774  -4.8333333333333330        2.5000000000000000       -3.0496906187234149E-004
         775  -4.6666666666666661        2.5000000000000000       -5.0797985732423101E-004
         776  -4.5000000000000000        2.5000000000000000       -7.5715045731388105E-004
         777  -4.3333333333333330        2.5000000000000000       -1.0533829918882682E-003
         778  -4.1666666666666661        2.5000000000000000       -1.3936692319048353E-003
         779  -4.0000000000000000        2.5000000000000000       -1.7620069742637404E-003
         780  -3.8333333333333330        2.5000000000000000       -2.1329420263999596E-003
         781  -3.6666666666666665        2.5000000000000000       -2.4688758315811947E-003
         782  -3.5000000000000000        2.5000000000000000       -2.7253356416009579E-003
         783  -3.3333333333333330        2.5000000000000000       -2.8543556949474562E-003
         784  -3.1666666666666665        2.5000000000000000       -2.8134514055021690E-003
         785  -3.0000000000000000        2.5000000000000000       -2.5729159445960553E-003
         786  -2.8333333333333330        2.5000000000000000       -2.1248014102354558E-003
         787  -2.6666666666666665        2.5000000000000000       -1.4875530555874805E-003
         788  -2.5000000000000000        2.5000000000000000       -7.0806596940363768E-004
         789  -2.3333333333333330        2.5000000000000000        1.4271045171146071E-004
         790  -2.1666666666666665        2.5000000000000000        9.7797337333022224E-004
         791  -2.0000000000000000        2.5000000000000000        1.7078520836175766E-003
         792  -1.8333333333333333        2.5000000000000000        2.2525869689517760E-003
         793  -1.6666666666666665        2.5000000000000000        2.5549512890488189E-003
         794  -1.5000000000000000        2.5000000000000000        2.5880107394875367E-003
         795  -1.3333333333333333        2.5000000000000000        2.3578616288792453E-003
         796  -1.1666666666666665        2.5000000000000000        1.8999625559337145E-003
         797  -1.0000000000000000        2.5000000000000000        1.2710192584050430E-003
         798 -0.83333333333333326        2.5000000000000000        5.3755190092393251E-004
         799 -0.66666666666666663        2.5000000000000000       -2.3573873520965949E-004
         800 -0.50000000000000000        2.5000000000000000       -9.9635425551113251E-004
         801 -0.33333333333333331        2.5000000000000000       -1.7111035401748426E-003
         802 -0.16666666666666666        2.5000000000000000       -2.3700053257303794E-003
         803   0.0000000000000000        2.5000000000000000       -2.9865091981359599E-003
         804  0.16666666666666666        2.5000000000000000       -3.5908531767068603E-003
         805  0.33333333333333331        2.5000000000000000       -4.1971261375316491E-003
         806  0.50000000000000000        2.5000000000000000       -4.7678917724121184E-003
         807  0.66666666666666663        2.5000000000000000       -5.2374130491076006E-003
         808  0.83333333333333326        2.5000000000000000       -5.5316400224831195E-003
         809   1.0000000000000000        2.5000000000000000       -5.5796781813430511E-003
         810   1.1666666666666665        2.5000000000000000       -5.3256482716676559E-003
         811   1.3333333333333333        2.5000000000000000       -4.7397817687110915E-003
         812   1.5000000000000000        2.5000000000000000       -3.8268317570420689E-003
         813   1.6666666666666665        2.5000000000000000       -2.6299357398055731E-003
         814   1.8333333333333333        2.5000000000000000       -1.2281227401874464E-003
         815   2.0000000000000000        2.5000000000000000        2.7201527421080062E-004
         816   2.1666666666666665        2.5000000000000000        1.7501438412930710E-003
         817   2.3333333333333330        2.5000000000000000        3.0880505696762824E-003
         818   2.5000000000000000        2.5000000000000000        4.1858164275934244E-003
         819   2.6666666666666665        2.5000000000000000        4.9738596482450806E-003
         820   2.8333333333333330        2.5000000000000000        5.4204539239400456E-003
         821   3.0000000000000000        2.5000000000000000        5.5317684494079755E-003
         822   3.1666666666666665        2.5000000000000000        5.3472890365689144E-003
         823   3.3333333333333330        2.5000000000000000        4.9294400489638185E-003
         824   3.5000000000000000        2.5000000000000000        4.3529581903126429E-003
         825   3.6666666666666665        2.5000000000000000        3.6924375553467324E-003
         826   3.8333333333333330        2.5000000000000000        3.0146219590243589E-003
         827   4.0000000000000000        2.5000000000000000        2.3707539499558759E-003
         828   4.1666666666666661        2.5000000000000000        1.7960313464477704E-003
         829   4.3333333333333330        2.5000000000000000        1.3074513771084695E-003
         830   4.5000000000000000        2.5000000000000000        9.1003920915545822E-004
         831   4.6666666666666661        2.5000000000000000        5.9471328026150570E-004
         832   4.8333333333333330        2.5000000000000000        3.4984013424347780E-004
         833   5.0000000000000000        2.5000000000000000        1.4935645722651033E-004

         834  -5.0000000000000000        3.0000000000000000       -3.1968412838577705E-005
         835  -4.8333333333333330        3.0000000000000000       -7.4655918609544195E-005
         836  -4.6666666666666661        3.0000000000000000       -1.2626140152818786E-004
         837  -4.5000000000000000        3.0000000000000000       -1.8995415199713224E-004
         838  -4.3333333333333330        3.0000000000000000       -2.6540977042899548E-004
         839  -4.1666666666666661        3.0000000000000000       -3.5180810926467820E-004
         840  -4.0000000000000000        3.0000000000000000       -4.4507935175929592E-004
         841  -3.8333333333333330        3.0000000000000000       -5.3893797373927516E-004
         842  -3.6666666666666665        3.0000000000000000       -6.2394350628929853E-004
         843  -3.5000000000000000        3.0000000000000000       -6.8884618027936263E-004
         844  -3.3333333333333330        3.0000000000000000       -7.2151717498639915E-004
         845  -3.1666666666666665        3.0000000000000000       -7.1121353558602262E-004
         846  -3.0000000000000000        3.0000000000000000       -6.5042811005201827E-004
         847  -2.8333333333333330        3.0000000000000000       -5.3715325073032600E-004
         848  -2.6666666666666665        3.0000000000000000       -3.7605546912422517E-004
         849  -2.5000000000000000        3.0000000000000000       -1.7899198886380601E-004
         850  -2.3333333333333330        3.0000000000000000        3.6097944000136392E-005
         851  -2.1666666666666665        3.0000000000000000        2.4726851222363360E-004
         852  -2.0000000000000000        3.0000000000000000        4.3179782410521786E-004
         853  -1.8333333333333333        3.0000000000000000        5.6952148165076877E-004
         854  -1.6666666666666665        3.0000000000000000        6.4597151381632582E-004
         855  -1.5000000000000000        3.0000000000000000        6.5433975803970857E-004
         856  -1.3333333333333333        3.0000000000000000        5.9616860001614474E-004
         857  -1.1666666666666665        3.0000000000000000        4.8042543503265132E-004
         858  -1.0000000000000000        3.0000000000000000        3.2144865281327154E-004
         859 -0.83333333333333326        3.0000000000000000        1.3605942365155295E-004
         860 -0.66666666666666663        3.0000000000000000       -5.9385418471499777E-005
         861 -0.50000000000000000        3.0000000000000000       -2.5161721643582156E-004
         862 -0.33333333333333331        3.0000000000000000       -4.3226877029743492E-004
         863 -0.16666666666666666        3.0000000000000000       -5.9885637820991579E-004
         864   0.0000000000000000        3.0000000000000000       -7.5484881445869289E-004
         865  0.16666666666666666        3.0000000000000000       -9.0777862248472201E-004
         866  0.33333333333333331        3.0000000000000000       -1.0609171272745058E-003
         867  0.50000000000000000        3.0000000000000000       -1.2050917287971714E-003
         868  0.66666666666666663        3.0000000000000000       -1.3237947903013984E-003
         869  0.83333333333333326        3.0000000000000000       -1.3982361610954789E-003
         870   1.0000000000000000        3.0000000000000000       -1.4104510067019685E-003
         871   1.1666666666666665        3.0000000000000000       -1.3462884633109384E-003
         872   1.3333333333333333        3.0000000000000000       -1.1982173376416075E-003
         873   1.5000000000000000        3.0000000000000000       -9.6744034321496531E-004
         874   1.6666666666666665        3.0000000000000000       -6.6486576694379574E-004
         875   1.8333333333333333        3.0000000000000000       -3.1047865879926844E-004
         876   2.0000000000000000        3.0000000000000000        6.8771119549519789E-005
         877   2.1666666666666665        3.0000000000000000        4.4245501406804026E-004
         878   2.3333333333333330        3.0000000000000000        7.8068650304818400E-004
         879   2.5000000000000000        3.0000000000000000        1.0581968282195693E-003
         880   2.6666666666666665        3.0000000000000000        1.2573946480617395E-003
         881   2.8333333333333330        3.0000000000000000        1.3702489573833598E-003
         882   3.0000000000000000        3.0000000000000000        1.3983217671617778E-003
         883   3.1666666666666665        3.0000000000000000        1.3515869017941330E-003
         884   3.3333333333333330        3.0000000000000000        1.2458443523141532E-003
         885   3.5000000000000000        3.0000000000000000        1.0999982428464812E-003
         886   3.6666666666666665        3.0000000000000000        9.3295431857570688E-004
         887   3.8333333333333330        3.0000000000000000        7.6146869315447811E-004
         888   4.0000000000000000        3.0000000000000000        5.9823926358222384E-004
         889   4.1666666666666661        3.0000000000000000        4.5217358226533653E-004
         890   4.3333333333333330        3.0000000000000000        3.2754445422997263E-004
         891   4.5000000000000000        3.0000000000000000        2.2556725108827450E-004
         892   4.6666666666666661        3.0000000000000000        1.4495574373214211E-004
         893   4.8333333333333330        3.0000000000000000        8.4300998695892887E-005
         894   5.0000000000000000        3.0000000000000000        3.5806994778005239E-005

         895  -4.6666666666666661        3.5000000000000000       -1.6195336590188701E-005
         896  -4.5000000000000000        3.5000000000000000       -3.2756063307080521E-005
         897  -4.3333333333333330        3.5000000000000000       -4.8737557882500075E-005
         898  -4.1666666666666661        3.5000000000000000       -6.6440944317927708E-005
         899  -4.0000000000000000        3.5000000000000000       -8.5592257009094890E-005
         900  -3.8333333333333330        3.5000000000000000       -1.0487499593294690E-004
         901  -3.6666666666666665        3.5000000000000000       -1.2209188963092314E-004
         902  -3.5000000000000000        3.5000000000000000       -1.3519651543753545E-004
         903  -3.3333333333333330        3.5000000000000000       -1.4179031008899759E-004
         904  -3.1666666666666665        3.5000000000000000       -1.3987568359850953E-004
         905  -3.0000000000000000        3.5000000000000000       -1.2795626334577420E-004
         906  -2.8333333333333330        3.5000000000000000       -1.0569887080927624E-004
         907  -2.6666666666666665        3.5000000000000000       -7.3996402257380672E-005
         908  -2.5000000000000000        3.5000000000000000       -3.5220903599341826E-005
         909  -2.3333333333333330        3.5000000000000000        7.1214602290185771E-006
         910  -2.1666666666666665        3.5000000000000000        4.8683122103105514E-005
         911  -2.0000000000000000        3.5000000000000000        8.5014478872221197E-005
         912  -1.8333333333333333        3.5000000000000000        1.1212389019552181E-004
         913  -1.6666666666666665        3.5000000000000000        1.2718572578142404E-004
         914  -1.5000000000000000        3.5000000000000000        1.2884132310381343E-004
         915  -1.3333333333333333        3.5000000000000000        1.1741900707551333E-004
         916  -1.1666666666666665        3.5000000000000000        9.4671347361233150E-005
         917  -1.0000000000000000        3.5000000000000000        6.3455911193358025E-005
         918 -0.83333333333333326        3.5000000000000000        2.7086984242213120E-005
         919 -0.66666666666666663        3.5000000000000000       -1.1148201282177062E-005
         920 -0.50000000000000000        3.5000000000000000       -4.8592063764975117E-005
         921 -0.33333333333333331        3.5000000000000000       -8.3456029445115896E-005
         922 -0.16666666666666666        3.5000000000000000       -1.1517085629092284E-004
         923   0.0000000000000000        3.5000000000000000       -1.4437175754190360E-004
         924  0.16666666666666666        3.5000000000000000       -1.7348834381304738E-004
         925  0.33333333333333331        3.5000000000000000       -2.0461011407682834E-004
         926  0.50000000000000000        3.5000000000000000       -2.3449991116499344E-004
         927  0.66666666666666663        3.5000000000000000       -2.5895111986547968E-004
         928  0.83333333333333326        3.5000000000000000       -2.7430967746963647E-004
         929   1.0000000000000000        3.5000000000000000       -2.7711338101049464E-004
         930   1.1666666666666665        3.5000000000000000       -2.6472509896528838E-004
         931   1.3333333333333333        3.5000000000000000       -2.3570067422177041E-004
         932   1.5000000000000000        3.5000000000000000       -1.9035506849920109E-004
         933   1.6666666666666665        3.5000000000000000       -1.3082735169145444E-004
         934   1.8333333333333333        3.5000000000000000       -6.1101886867794274E-005
         935   2.0000000000000000        3.5000000000000000        1.3544370645894379E-005
         936   2.1666666666666665        3.5000000000000000        8.7074593077182810E-005
         937   2.3333333333333330        3.5000000000000000        1.5364319791439369E-004
         938   2.5000000000000000        3.5000000000000000        2.0821873621693575E-004
         939   2.6666666666666665        3.5000000000000000        2.4737958502010012E-004
         940   2.8333333333333330        3.5000000000000000        2.6945952123336772E-004
         941   3.0000000000000000        3.5000000000000000        2.7479742503044727E-004
         942   3.1666666666666665        3.5000000000000000        2.6520559327578334E-004
         943   3.3333333333333330        3.5000000000000000        2.4378639040935701E-004
         944   3.5000000000000000        3.5000000000000000        2.1400819375104016E-004
         945   3.6666666666666665        3.5000000000000000        1.7966444067638813E-004
         946   3.8333333333333330        3.5000000000000000        1.4436984865303569E-004
         947   4.0000000000000000        3.5000000000000000        1.1186883299500902E-004
         948   4.1666666666666661        3.5000000000000000        8.2314377067057765E-005
         949   4.3333333333333330        3.5000000000000000        5.5729645381143995E-005
         950   4.5000000000000000        3.5000000000000000        2.7891036156503452E-005

         951  -4.0000000000000000        4.0000000000000000       -7.5688396298486219E-006
         952  -3.8333333333333330        4.0000000000000000       -1.3454172662184901E-005
         953  -3.6666666666666665        4.0000000000000000       -1.7096892221387104E-005
         954  -3.5000000000000000        4.0000000000000000       -1.9610536685954918E-005
         955  -3.3333333333333330        4.0000000000000000       -2.0791732024564522E-005
         956  -3.1666666666666665        4.0000000000000000       -2.0639782141411818E-005
         957  -3.0000000000000000        4.0000000000000000       -1.8907455002924807E-005
         958  -2.8333333333333330        4.0000000000000000       -1.5648136146598820E-005
         959  -2.6666666666666665        4.0000000000000000       -1.0948268479471740E-005
         960  -2.5000000000000000        4.0000000000000000       -5.2186861051055128E-006
         961  -2.3333333333333330        4.0000000000000000        1.0669669504779242E-006
         962  -2.1666666666666665        4.0000000000000000        7.2148474766897641E-006
         963  -2.0000000000000000        4.0000000000000000        1.2613687136465290E-005
         964  -1.8333333333333333        4.0000000000000000        1.6620305604423159E-005
         965  -1.6666666666666665        4.0000000000000000        1.8872903887076797E-005
         966  -1.5000000000000000        4.0000000000000000        1.9108495983510533E-005
         967  -1.3333333333333333        4.0000000000000000        1.7453071338295514E-005
         968  -1.1666666666666665        4.0000000000000000        1.4086551400828629E-005
         969  -1.0000000000000000        4.0000000000000000        9.5576466585852983E-006
         970 -0.83333333333333326        4.0000000000000000        4.2555984928919575E-006
         971 -0.66666666666666663        4.0000000000000000       -1.0669979393494781E-006
         972 -0.50000000000000000        4.0000000000000000       -6.0939107667694266E-006
         973 -0.33333333333333331        4.0000000000000000       -9.7350664803693162E-006
         974 -0.16666666666666666        4.0000000000000000       -1.1575823224136559E-005
         975   0.0000000000000000        4.0000000000000000       -7.6938813928391449E-006
         976  0.33333333333333331        4.0000000000000000       -1.6598509591928702E-005
         977  0.50000000000000000        4.0000000000000000       -2.9245861678634595E-005
         978  0.66666666666666663        4.0000000000000000       -3.5744705889988533E-005
         979  0.83333333333333326        4.0000000000000000       -3.9552787504059356E-005
         980   1.0000000000000000        4.0000000000000000       -4.0498493302619447E-005
         981   1.1666666666666665        4.0000000000000000       -3.9003974892970292E-005
         982   1.3333333333333333        4.0000000000000000       -3.4796010262676773E-005
         983   1.5000000000000000        4.0000000000000000       -2.8166035968296369E-005
         984   1.6666666666666665        4.0000000000000000       -1.9355609205846221E-005
         985   1.8333333333333333        4.0000000000000000       -9.0494386712948940E-006
         986   2.0000000000000000        4.0000000000000000        2.0109828106897542E-006
         987   2.1666666666666665        4.0000000000000000        1.2898295081943059E-005
         988   2.3333333333333330        4.0000000000000000        2.2747308215833489E-005
         989   2.5000000000000000        4.0000000000000000        3.0818690915389241E-005
         990   2.6666666666666665        4.0000000000000000        3.6553761272247891E-005
         991   2.8333333333333330        4.0000000000000000        3.9740289532090803E-005
         992   3.0000000000000000        4.0000000000000000        4.0258741196194420E-005
         993   3.1666666666666665        4.0000000000000000        3.8389090492383648E-005
         994   3.3333333333333330        4.0000000000000000        3.3984141182753563E-005
         995   3.5000000000000000        4.0000000000000000        2.7199398845208401E-005
         996   3.6666666666666665        4.0000000000000000        1.5559949880968127E-005
