           0  -4.0000000000000000       -4.0000000000000000        9.7232370398876771E-007
           1  -3.8333333333333330       -4.0000000000000000        1.8319012799431522E-006
           2  -3.6666666666666665       -4.0000000000000000        2.5457589154158042E-006
           3  -3.5000000000000000       -4.0000000000000000        3.2547863821593134E-006
           4  -3.3333333333333330       -4.0000000000000000        3.9506747650191666E-006
           5  -3.1666666666666665       -4.0000000000000000        4.6114714231671094E-006
           6  -3.0000000000000000       -4.0000000000000000        5.1884363330700248E-006
           7  -2.8333333333333330       -4.0000000000000000        5.6196665662253394E-006
           8  -2.6666666666666665       -4.0000000000000000        5.8551734711295277E-006
           9  -2.5000000000000000       -4.0000000000000000        5.8374390734364904E-006
          10  -2.3333333333333330       -4.0000000000000000        5.5487316482679457E-006
          11  -2.1666666666666665       -4.0000000000000000        4.9668800002688230E-006
          12  -2.0000000000000000       -4.0000000000000000        4.1281884079160929E-006
          13  -1.8333333333333333       -4.0000000000000000        3.0535175700236081E-006
          14  -1.6666666666666665       -4.0000000000000000        1.8288415416728525E-006
          15  -1.5000000000000000       -4.0000000000000000        4.9493767195142370E-007
          16  -1.3333333333333333       -4.0000000000000000       -8.4001973709864633E-007
          17  -1.1666666666666665       -4.0000000000000000       -2.1573287908982371E-006
          18  -1.0000000000000000       -4.0000000000000000       -3.3523314450100904E-006
          19 -0.83333333333333326       -4.0000000000000000       -4.4641960808392569E-006
          20 -0.66666666666666663       -4.0000000000000000       -5.3718340292231784E-006
          21 -0.50000000000000000       -4.0000000000000000       -6.1667335488739363E-006
          22 -0.33333333333333331       -4.0000000000000000       -6.5131844325881196E-006
          23 -0.16666666666666666       -4.0000000000000000       -6.3731920688256079E-006
          24   0.0000000000000000       -4.0000000000000000       -3.8830569674604560E-006
          25  0.33333333333333331       -4.0000000000000000       -8.8172831807280179E-006
          26  0.50000000000000000       -4.0000000000000000       -1.6438654858176990E-005
          27  0.66666666666666663       -4.0000000000000000       -2.2016400039224495E-005
          28  0.83333333333333326       -4.0000000000000000       -2.7426804301846253E-005
          29   1.0000000000000000       -4.0000000000000000       -3.2608476521119679E-005
          30   1.1666666666666665       -4.0000000000000000       -3.7710515195050368E-005
          31   1.3333333333333333       -4.0000000000000000       -4.2369022260332311E-005
          32   1.5000000000000000       -4.0000000000000000       -4.6401926563754025E-005
          33   1.6666666666666665       -4.0000000000000000       -4.9441129196247758E-005
          34   1.8333333333333333       -4.0000000000000000       -5.1315358814762454E-005
          35   2.0000000000000000       -4.0000000000000000       -5.1809733474656057E-005
          36   2.1666666666666665       -4.0000000000000000       -5.0929188477415098E-005
          37   2.3333333333333330       -4.0000000000000000       -4.8685787380080006E-005
          38   2.5000000000000000       -4.0000000000000000       -4.5301069024746604E-005
          39   2.6666666666666665       -4.0000000000000000       -4.0967826199328674E-005
          40   2.8333333333333330       -4.0000000000000000       -3.6042927630830722E-005
          41   3.0000000000000000       -4.0000000000000000       -3.0742147617718753E-005
          42   3.1666666666666665       -4.0000000000000000       -2.5400735007408446E-005
          43   3.3333333333333330       -4.0000000000000000       -1.9977501613529487E-005
          44   3.5000000000000000       -4.0000000000000000       -1.4528661276523671E-005
          45   3.6666666666666665       -4.0000000000000000       -7.7698495996540023E-006

          46  -4.6666666666666661       -3.5000000000000000        1.5349737241816935E-006
          47  -4.5000000000000000       -3.5000000000000000        3.2210569065711527E-006
          48  -4.3333333333333330       -3.5000000000000000        5.0645201642901099E-006
          49  -4.1666666666666661       -3.5000000000000000        7.3920441927970554E-006
          50  -4.0000000000000000       -3.5000000000000000        1.0314776090277160E-005
          51  -3.8333333333333330       -3.5000000000000000        1.3831224905714929E-005
          52  -3.6666666666666665       -3.5000000000000000        1.7846238332539541E-005
          53  -3.5000000000000000       -3.5000000000000000        2.2240649427250926E-005
          54  -3.3333333333333330       -3.5000000000000000        2.6783434897746776E-005
          55  -3.1666666666666665       -3.5000000000000000        3.1172783487549678E-005
          56  -3.0000000000000000       -3.5000000000000000        3.5023969881733784E-005
          57  -2.8333333333333330       -3.5000000000000000        3.7931242714011168E-005
          58  -2.6666666666666665       -3.5000000000000000        3.9494807186922600E-005
          59  -2.5000000000000000       -3.5000000000000000        3.9393077091156118E-005
          60  -2.3333333333333330       -3.5000000000000000        3.7416927470324048E-005
          61  -2.1666666666666665       -3.5000000000000000        3.3520446657060395E-005
          62  -2.0000000000000000       -3.5000000000000000        2.7823454577387049E-005
          63  -1.8333333333333333       -3.5000000000000000        2.0611562514115037E-005
          64  -1.6666666666666665       -3.5000000000000000        1.2289473670885569E-005
          65  -1.5000000000000000       -3.5000000000000000        3.3331015868467538E-006
          66  -1.3333333333333333       -3.5000000000000000       -5.7855238092291667E-006
          67  -1.1666666666666665       -3.5000000000000000       -1.4659027048147670E-005
          68  -1.0000000000000000       -3.5000000000000000       -2.3006836287487316E-005
          69 -0.83333333333333326       -3.5000000000000000       -3.0713256378059877E-005
          70 -0.66666666666666663       -3.5000000000000000       -3.7851354072838473E-005
          71 -0.50000000000000000       -3.5000000000000000       -4.4697884157963446E-005
          72 -0.33333333333333331       -3.5000000000000000       -5.1734414901852190E-005
          73 -0.16666666666666666       -3.5000000000000000       -5.9706878691330093E-005
          74   0.0000000000000000       -3.5000000000000000       -6.9703527205904563E-005
          75  0.16666666666666666       -3.5000000000000000       -8.3551573936373294E-005
          76  0.33333333333333331       -3.5000000000000000       -1.0306780179253550E-004
          77  0.50000000000000000       -3.5000000000000000       -1.2766074505765639E-004
          78  0.66666666666666663       -3.5000000000000000       -1.5633978076510138E-004
          79  0.83333333333333326       -3.5000000000000000       -1.8811244734427113E-004
          80   1.0000000000000000       -3.5000000000000000       -2.2158411186048454E-004
          81   1.1666666666666665       -3.5000000000000000       -2.5497399950702562E-004
          82   1.3333333333333333       -3.5000000000000000       -2.8620889980134333E-004
          83   1.5000000000000000       -3.5000000000000000       -3.1311294044926311E-004
          84   1.6666666666666665       -3.5000000000000000       -3.3365193956371976E-004
          85   1.8333333333333333       -3.5000000000000000       -3.4616091693358346E-004
          86   2.0000000000000000       -3.5000000000000000       -3.4957674269858459E-004
          87   2.1666666666666665       -3.5000000000000000       -3.4355191768123237E-004
          88   2.3333333333333330       -3.5000000000000000       -3.2853217464064670E-004
          89   2.5000000000000000       -3.5000000000000000       -3.0565812099774648E-004
          90   2.6666666666666665       -3.5000000000000000       -2.7665651967726017E-004
          91   2.8333333333333330       -3.5000000000000000       -2.4356728343013633E-004
          92   3.0000000000000000       -3.5000000000000000       -2.0855646864969572E-004
          93   3.1666666666666665       -3.5000000000000000       -1.7360645939568868E-004
          94   3.3333333333333330       -3.5000000000000000       -1.4041112494803457E-004
          95   3.5000000000000000       -3.5000000000000000       -1.1015958943719648E-004
          96   3.6666666666666665       -3.5000000000000000       -8.3653993137668302E-005
          97   3.8333333333333330       -3.5000000000000000       -6.1405393184514948E-005
          98   4.0000000000000000       -3.5000000000000000       -4.3867217441652959E-005
          99   4.1666666666666661       -3.5000000000000000       -3.0087223734853854E-005
         100   4.3333333333333330       -3.5000000000000000       -1.9216403910407847E-005
         101   4.5000000000000000       -3.5000000000000000       -9.2405766520268201E-006

         102  -5.0000000000000000       -3.0000000000000000        2.7647125944974393E-006
         103  -4.8333333333333330       -3.0000000000000000        6.6126853100750129E-006
         104  -4.6666666666666661       -3.0000000000000000        1.1628931660345210E-005
         105  -4.5000000000000000       -3.0000000000000000        1.8403692021794909E-005
         106  -4.3333333333333330       -3.0000000000000000        2.7341759235484200E-005
         107  -4.1666666666666661       -3.0000000000000000        3.8912535664360107E-005
         108  -4.0000000000000000       -3.0000000000000000        5.3382773605420092E-005
         109  -3.8333333333333330       -3.0000000000000000        7.0839549085307296E-005
         110  -3.6666666666666665       -3.0000000000000000        9.0995776564796821E-005
         111  -3.5000000000000000       -3.0000000000000000        1.1315942128667719E-004
         112  -3.3333333333333330       -3.0000000000000000        1.3616144347060622E-004
         113  -3.1666666666666665       -3.0000000000000000        1.5840668125474856E-004
         114  -3.0000000000000000       -3.0000000000000000        1.7795148754051922E-004
         115  -2.8333333333333330       -3.0000000000000000        1.9270169843285450E-004
         116  -2.6666666666666665       -3.0000000000000000        2.0064130785121687E-004
         117  -2.5000000000000000       -3.0000000000000000        2.0011588677453377E-004
         118  -2.3333333333333330       -3.0000000000000000        1.9007735514168936E-004
         119  -2.1666666666666665       -3.0000000000000000        1.7027677630165866E-004
         120  -2.0000000000000000       -3.0000000000000000        1.4133487489995810E-004
         121  -1.8333333333333333       -3.0000000000000000        1.0468889319140223E-004
         122  -1.6666666666666665       -3.0000000000000000        6.2403090537193931E-005
         123  -1.5000000000000000       -3.0000000000000000        1.6880641240157508E-005
         124  -1.3333333333333333       -3.0000000000000000       -2.9480502520333321E-005
         125  -1.1666666666666665       -3.0000000000000000       -7.4633586504279999E-005
         126  -1.0000000000000000       -3.0000000000000000       -1.1717776181920578E-004
         127 -0.83333333333333326       -3.0000000000000000       -1.5658122888527121E-004
         128 -0.66666666666666663       -3.0000000000000000       -1.9331567786556460E-004
         129 -0.50000000000000000       -3.0000000000000000       -2.2894666943592203E-004
         130 -0.33333333333333331       -3.0000000000000000       -2.6621081593637371E-004
         131 -0.16666666666666666       -3.0000000000000000       -3.0917405581692010E-004
         132   0.0000000000000000       -3.0000000000000000       -3.6348873822516630E-004
         133  0.16666666666666666       -3.0000000000000000       -4.3623595985878164E-004
         134  0.33333333333333331       -3.0000000000000000       -5.3300287427523010E-004
         135  0.50000000000000000       -3.0000000000000000       -6.5439922656399701E-004
         136  0.66666666666666663       -3.0000000000000000       -7.9760824782902260E-004
         137  0.83333333333333326       -3.0000000000000000       -9.5748471540333866E-004
         138   1.0000000000000000       -3.0000000000000000       -1.1266593892434586E-003
         139   1.1666666666666665       -3.0000000000000000       -1.2958077468643049E-003
         140   1.3333333333333333       -3.0000000000000000       -1.4542201995830469E-003
         141   1.5000000000000000       -3.0000000000000000       -1.5907621721758917E-003
         142   1.6666666666666665       -3.0000000000000000       -1.6950199250903427E-003
         143   1.8333333333333333       -3.0000000000000000       -1.7585403403962423E-003
         144   2.0000000000000000       -3.0000000000000000       -1.7758681873119350E-003
         145   2.1666666666666665       -3.0000000000000000       -1.7452811736829994E-003
         146   2.3333333333333330       -3.0000000000000000       -1.6689895505288374E-003
         147   2.5000000000000000       -3.0000000000000000       -1.5528621637874121E-003
         148   2.6666666666666665       -3.0000000000000000       -1.4056167345169164E-003
         149   2.8333333333333330       -3.0000000000000000       -1.2377449531331981E-003
         150   3.0000000000000000       -3.0000000000000000       -1.0602237007228189E-003
         151   3.1666666666666665       -3.0000000000000000       -8.8337834591531049E-004
         152   3.3333333333333330       -3.0000000000000000       -7.1588842183737832E-004
         153   3.5000000000000000       -3.0000000000000000       -5.6424919741450354E-004
         154   3.6666666666666665       -3.0000000000000000       -4.3248018688346048E-004
         155   3.8333333333333330       -3.0000000000000000       -3.2226784810728242E-004
         156   4.0000000000000000       -3.0000000000000000       -2.3321499915377215E-004
         157   4.1666666666666661       -3.0000000000000000       -1.6368176214056948E-004
         158   4.3333333333333330       -3.0000000000000000       -1.1097438996857272E-004
         159   4.5000000000000000       -3.0000000000000000       -7.2102170045635391E-005
         160   4.6666666666666661       -3.0000000000000000       -4.4098698624937567E-005
         161   4.8333333333333330       -3.0000000000000000       -2.4673060569158398E-005
         162   5.0000000000000000       -3.0000000000000000       -1.0233313511217829E-005

         163  -5.0000000000000000       -2.5000000000000000        1.1381552402677811E-005
         164  -4.8333333333333330       -2.5000000000000000        2.6960692804805952E-005
         165  -4.6666666666666661       -2.5000000000000000        4.6692480041270853E-005
         166  -4.5000000000000000       -2.5000000000000000        7.3244142205374706E-005
         167  -4.3333333333333330       -2.5000000000000000        1.0840495961359228E-004
         168  -4.1666666666666661       -2.5000000000000000        1.5404842064072451E-004
         169  -4.0000000000000000       -2.5000000000000000        2.1124725421516464E-004
         170  -3.8333333333333330       -2.5000000000000000        2.8028091807525215E-004
         171  -3.6666666666666665       -2.5000000000000000        3.5998803192366867E-004
         172  -3.5000000000000000       -2.5000000000000000        4.4763533519311468E-004
         173  -3.3333333333333330       -2.5000000000000000        5.3860174722058357E-004
         174  -3.1666666666666665       -2.5000000000000000        6.2657847441281982E-004
         175  -3.0000000000000000       -2.5000000000000000        7.0387759253058373E-004
         176  -2.8333333333333330       -2.5000000000000000        7.6221447578674148E-004
         177  -2.6666666666666665       -2.5000000000000000        7.9361494250135051E-004
         178  -2.5000000000000000       -2.5000000000000000        7.9153356284349140E-004
         179  -2.3333333333333330       -2.5000000000000000        7.5182517810438499E-004
         180  -2.1666666666666665       -2.5000000000000000        6.7350348318998075E-004
         181  -2.0000000000000000       -2.5000000000000000        5.5902432936981222E-004
         182  -1.8333333333333333       -2.5000000000000000        4.1407030673758309E-004
         183  -1.6666666666666665       -2.5000000000000000        2.4680682798517784E-004
         184  -1.5000000000000000       -2.5000000000000000        6.6735782982371936E-005
         185  -1.3333333333333333       -2.5000000000000000       -1.1665832154240867E-004
         186  -1.1666666666666665       -2.5000000000000000       -2.9528579711914711E-004
         187  -1.0000000000000000       -2.5000000000000000       -4.6360707463184508E-004
         188 -0.83333333333333326       -2.5000000000000000       -6.1952676762282697E-004
         189 -0.66666666666666663       -2.5000000000000000       -7.6490707684826365E-004
         190 -0.50000000000000000       -2.5000000000000000       -9.0593696253733075E-004
         191 -0.33333333333333331       -2.5000000000000000       -1.0533957604482481E-003
         192 -0.16666666666666666       -2.5000000000000000       -1.2232978827105762E-003
         193   0.0000000000000000       -2.5000000000000000       -1.4378681966851898E-003
         194  0.16666666666666666       -2.5000000000000000       -1.7253348272319921E-003
         195  0.33333333333333331       -2.5000000000000000       -2.1083607777894579E-003
         196  0.50000000000000000       -2.5000000000000000       -2.5887927572540697E-003
         197  0.66666666666666663       -2.5000000000000000       -3.1552689206435659E-003
         198  0.83333333333333326       -2.5000000000000000       -3.7875721144903386E-003
         199   1.0000000000000000       -2.5000000000000000       -4.4566224257354551E-003
         200   1.1666666666666665       -2.5000000000000000       -5.1255844746077748E-003
         201   1.3333333333333333       -2.5000000000000000       -5.7520999284359116E-003
         202   1.5000000000000000       -2.5000000000000000       -6.2921326403815609E-003
         203   1.6666666666666665       -2.5000000000000000       -6.7044823695121660E-003
         204   1.8333333333333333       -2.5000000000000000       -6.9557154835528370E-003
         205   2.0000000000000000       -2.5000000000000000       -7.0242464013076577E-003
         206   2.1666666666666665       -2.5000000000000000       -6.9032673766185708E-003
         207   2.3333333333333330       -2.5000000000000000       -6.6015152672557831E-003
         208   2.5000000000000000       -2.5000000000000000       -6.1422120898885690E-003
         209   2.6666666666666665       -2.5000000000000000       -5.5598360394990450E-003
         210   2.8333333333333330       -2.5000000000000000       -4.8958985946287127E-003
         211   3.0000000000000000       -2.5000000000000000       -4.1938117455588711E-003
         212   3.1666666666666665       -2.5000000000000000       -3.4944264054064165E-003
         213   3.3333333333333330       -2.5000000000000000       -2.8320418681206903E-003
         214   3.5000000000000000       -2.5000000000000000       -2.2323246193360004E-003
         215   3.6666666666666665       -2.5000000000000000       -1.7110860982189572E-003
         216   3.8333333333333330       -2.5000000000000000       -1.2751802674558577E-003
         217   4.0000000000000000       -2.5000000000000000       -9.2346301587118730E-004
         218   4.1666666666666661       -2.5000000000000000       -6.4932826654176914E-004
         219   4.3333333333333330       -2.5000000000000000       -4.4212868539954736E-004
         220   4.5000000000000000       -2.5000000000000000       -2.9014776513927625E-004
         221   4.6666666666666661       -2.5000000000000000       -1.8047013427825004E-004
         222   4.8333333333333330       -2.5000000000000000       -1.0218051290602738E-004
         223   5.0000000000000000       -2.5000000000000000       -4.2610090438768989E-005

         224  -5.0000000000000000       -2.0000000000000000        3.5037790228078100E-005
         225  -4.8333333333333330       -2.0000000000000000        8.3012038581258221E-005
         226  -4.6666666666666661       -2.0000000000000000        1.4382981714450432E-004
         227  -4.5000000000000000       -2.0000000000000000        2.2565487289187675E-004
         228  -4.3333333333333330       -2.0000000000000000        3.3397828121784016E-004
         229  -4.1666666666666661       -2.0000000000000000        4.7457493630780008E-004
         230  -4.0000000000000000       -2.0000000000000000        6.5074080444503307E-004
         231  -3.8333333333333330       -2.0000000000000000        8.6335903980668070E-004
         232  -3.6666666666666665       -2.0000000000000000        1.1088605421908444E-003
         233  -3.5000000000000000       -2.0000000000000000        1.3788240575121171E-003
         234  -3.3333333333333330       -2.0000000000000000        1.6590137108664651E-003
         235  -3.1666666666666665       -2.0000000000000000        1.9299961414169162E-003
         236  -3.0000000000000000       -2.0000000000000000        2.1680902201902143E-003
         237  -2.8333333333333330       -2.0000000000000000        2.3477775161596182E-003
         238  -2.6666666666666665       -2.0000000000000000        2.4444954565177039E-003
         239  -2.5000000000000000       -2.0000000000000000        2.4380828897200171E-003
         240  -2.3333333333333330       -2.0000000000000000        2.3157713962607112E-003
         241  -2.1666666666666665       -2.0000000000000000        2.0745231161532246E-003
         242  -2.0000000000000000       -2.0000000000000000        1.7219019610496271E-003
         243  -1.8333333333333333       -2.0000000000000000        1.2754116331676435E-003
         244  -1.6666666666666665       -2.0000000000000000        7.6020243440749129E-004
         245  -1.5000000000000000       -2.0000000000000000        2.0554228637759231E-004
         246  -1.3333333333333333       -2.0000000000000000       -3.5935575192671426E-004
         247  -1.1666666666666665       -2.0000000000000000       -9.0957355425956468E-004
         248  -1.0000000000000000       -2.0000000000000000       -1.4280497485223804E-003
         249 -0.83333333333333326       -2.0000000000000000       -1.9083298167449504E-003
         250 -0.66666666666666663       -2.0000000000000000       -2.3561530402241002E-003
         251 -0.50000000000000000       -2.0000000000000000       -2.7905847427365845E-003
         252 -0.33333333333333331       -2.0000000000000000       -3.2448409032797428E-003
         253 -0.16666666666666666       -2.0000000000000000       -3.7682651082040909E-003
         254   0.0000000000000000       -2.0000000000000000       -4.4293466754295888E-003
         255  0.16666666666666666       -2.0000000000000000       -5.3149309065223917E-003
         256  0.33333333333333331       -2.0000000000000000       -6.4945997912886121E-003
         257  0.50000000000000000       -2.0000000000000000       -7.9742648765667550E-003
         258  0.66666666666666663       -2.0000000000000000       -9.7190332247817368E-003
         259  0.83333333333333326       -2.0000000000000000       -1.1666600175601666E-002
         260   1.0000000000000000       -2.0000000000000000       -1.3727378102611975E-002
         261   1.1666666666666665       -2.0000000000000000       -1.5787893131827543E-002
         262   1.3333333333333333       -2.0000000000000000       -1.7717671272408964E-002
         263   1.5000000000000000       -2.0000000000000000       -1.9381068825493793E-002
         264   1.6666666666666665       -2.0000000000000000       -2.0651181469042667E-002
         265   1.8333333333333333       -2.0000000000000000       -2.1425025063275208E-002
         266   2.0000000000000000       -2.0000000000000000       -2.1636112627728549E-002
         267   2.1666666666666665       -2.0000000000000000       -2.1263473640030693E-002
         268   2.3333333333333330       -2.0000000000000000       -2.0334020728445628E-002
         269   2.5000000000000000       -2.0000000000000000       -1.8919281470968535E-002
         270   2.6666666666666665       -2.0000000000000000       -1.7125457712098960E-002
         271   2.8333333333333330       -2.0000000000000000       -1.5080412659410885E-002
         272   3.0000000000000000       -2.0000000000000000       -1.2917867847690001E-002
         273   3.1666666666666665       -2.0000000000000000       -1.0763654011347955E-002
         274   3.3333333333333330       -2.0000000000000000       -8.7234318029750582E-003
         275   3.5000000000000000       -2.0000000000000000       -6.8762715543517761E-003
         276   3.6666666666666665       -2.0000000000000000       -5.2709031073810003E-003
         277   3.8333333333333330       -2.0000000000000000       -3.9283741482490260E-003
         278   4.0000000000000000       -2.0000000000000000       -2.8450084200719026E-003
         279   4.1666666666666661       -2.0000000000000000       -2.0005471511552386E-003
         280   4.3333333333333330       -2.0000000000000000       -1.3622098587234008E-003
         281   4.5000000000000000       -2.0000000000000000       -8.9383744354173652E-004
         282   4.6666666666666661       -2.0000000000000000       -5.5576034904891247E-004
         283   4.8333333333333330       -2.0000000000000000       -3.1465390247736836E-004
         284   5.0000000000000000       -2.0000000000000000       -1.3123041676056413E-004

         285  -5.0000000000000000       -1.5000000000000000        8.4069885130082670E-005
         286  -4.8333333333333330       -1.5000000000000000        1.9916922861545634E-004
         287  -4.6666666666666661       -1.5000000000000000        3.4505280572646709E-004
         288  -4.5000000000000000       -1.5000000000000000        5.4132544356960189E-004
         289  -4.3333333333333330       -1.5000000000000000        8.0116887733833935E-004
         290  -4.1666666666666661       -1.5000000000000000        1.1384373282174079E-003
         291  -4.0000000000000000       -1.5000000000000000        1.5610432361803778E-003
         292  -3.8333333333333330       -1.5000000000000000        2.0710948587330910E-003
         293  -3.6666666666666665       -1.5000000000000000        2.6600263324466169E-003
         294  -3.5000000000000000       -1.5000000000000000        3.3076373358486336E-003
         295  -3.3333333333333330       -1.5000000000000000        3.9797786811612799E-003
         296  -3.1666666666666665       -1.5000000000000000        4.6298325910426640E-003
         297  -3.0000000000000000       -1.5000000000000000        5.2009911688648582E-003
         298  -2.8333333333333330       -1.5000000000000000        5.6320387547723104E-003
         299  -2.6666666666666665       -1.5000000000000000        5.8640527943950227E-003
         300  -2.5000000000000000       -1.5000000000000000        5.8486689569339058E-003
         301  -2.3333333333333330       -1.5000000000000000        5.5552574403673095E-003
         302  -2.1666666666666665       -1.5000000000000000        4.9765305799958645E-003
         303  -2.0000000000000000       -1.5000000000000000        4.1306334364556527E-003
         304  -1.8333333333333333       -1.5000000000000000        3.0595550442839461E-003
         305  -1.6666666666666665       -1.5000000000000000        1.8236281770239143E-003
         306  -1.5000000000000000       -1.5000000000000000        4.9306277772456146E-004
         307  -1.3333333333333333       -1.5000000000000000       -8.6206216656539920E-004
         308  -1.1666666666666665       -1.5000000000000000       -2.1819713494933115E-003
         309  -1.0000000000000000       -1.5000000000000000       -3.4257358296576317E-003
         310 -0.83333333333333326       -1.5000000000000000       -4.5778719791628114E-003
         311 -0.66666666666666663       -1.5000000000000000       -5.6521454449837130E-003
         312 -0.50000000000000000       -1.5000000000000000       -6.6942896063788499E-003
         313 -0.33333333333333331       -1.5000000000000000       -7.7839774359771711E-003
         314 -0.16666666666666666       -1.5000000000000000       -9.0395689157510544E-003
         315   0.0000000000000000       -1.5000000000000000       -1.0625345311216190E-002
         316  0.16666666666666666       -1.5000000000000000       -1.2749691541182629E-002
         317  0.33333333333333331       -1.5000000000000000       -1.5579640465648602E-002
         318  0.50000000000000000       -1.5000000000000000       -1.9129259508974088E-002
         319  0.66666666666666663       -1.5000000000000000       -2.3314790929581920E-002
         320  0.83333333333333326       -1.5000000000000000       -2.7986789688069180E-002
         321   1.0000000000000000       -1.5000000000000000       -3.2930355189757947E-002
         322   1.1666666666666665       -1.5000000000000000       -3.7873285550865839E-002
         323   1.3333333333333333       -1.5000000000000000       -4.2502591281952364E-002
         324   1.5000000000000000       -1.5000000000000000       -4.6492881760406828E-002
         325   1.6666666666666665       -1.5000000000000000       -4.9539728577557958E-002
         326   1.8333333333333333       -1.5000000000000000       -5.1396086089566945E-002
         327   2.0000000000000000       -1.5000000000000000       -5.1902459484600039E-002
         328   2.1666666666666665       -1.5000000000000000       -5.1008543676584799E-002
         329   2.3333333333333330       -1.5000000000000000       -4.8778898233500789E-002
         330   2.5000000000000000       -1.5000000000000000       -4.5385109895175052E-002
         331   2.6666666666666665       -1.5000000000000000       -4.1081943326503077E-002
         332   2.8333333333333330       -1.5000000000000000       -3.6176127522428152E-002
         333   3.0000000000000000       -1.5000000000000000       -3.0988442547381277E-002
         334   3.1666666666666665       -1.5000000000000000       -2.5820740316231810E-002
         335   3.3333333333333330       -1.5000000000000000       -2.0926481753637729E-002
         336   3.5000000000000000       -1.5000000000000000       -1.6495340653604508E-002
         337   3.6666666666666665       -1.5000000000000000       -1.2644200634116948E-002
         338   3.8333333333333330       -1.5000000000000000       -9.4235858385057578E-003
         339   4.0000000000000000       -1.5000000000000000       -6.8247537030481755E-003
         340   4.1666666666666661       -1.5000000000000000       -4.7990561071729722E-003
         341   4.3333333333333330       -1.5000000000000000       -3.2678376126197037E-003
         342   4.5000000000000000       -1.5000000000000000       -2.1443744272230617E-003
         343   4.6666666666666661       -1.5000000000000000       -1.3334479769259219E-003
         344   4.8333333333333330       -1.5000000000000000       -7.5499804631413070E-004
         345   5.0000000000000000       -1.5000000000000000       -3.1488601067015270E-004

         346  -5.0000000000000000       -1.0000000000000000        1.5705465141538656E-004
         347  -4.8333333333333330       -1.0000000000000000        3.7208211460999443E-004
         348  -4.6666666666666661       -1.0000000000000000        6.4463570713138758E-004
         349  -4.5000000000000000       -1.0000000000000000        1.0113308749953734E-003
         350  -4.3333333333333330       -1.0000000000000000        1.4967891728105800E-003
         351  -4.1666666666666661       -1.0000000000000000        2.1268928555864958E-003
         352  -4.0000000000000000       -1.0000000000000000        2.9164207549846988E-003
         353  -3.8333333333333330       -1.0000000000000000        3.8693178899707934E-003
         354  -3.6666666666666665       -1.0000000000000000        4.9695836837730717E-003
         355  -3.5000000000000000       -1.0000000000000000        6.1794783116942559E-003
         356  -3.3333333333333330       -1.0000000000000000        7.4352021786571031E-003
         357  -3.1666666666666665       -1.0000000000000000        8.6496615475215831E-003
         358  -3.0000000000000000       -1.0000000000000000        9.7167251758271417E-003
         359  -2.8333333333333330       -1.0000000000000000        1.0522027205543589E-002
         360  -2.6666666666666665       -1.0000000000000000        1.0955485791582236E-002
         361  -2.5000000000000000       -1.0000000000000000        1.0926744581410104E-002
         362  -2.3333333333333330       -1.0000000000000000        1.0378579517520669E-002
         363  -2.1666666666666665       -1.0000000000000000        9.2973755482442643E-003
         364  -2.0000000000000000       -1.0000000000000000        7.7170319799492555E-003
         365  -1.8333333333333333       -1.0000000000000000        5.7159947318315592E-003
         366  -1.6666666666666665       -1.0000000000000000        3.4069800549489000E-003
         367  -1.5000000000000000       -1.0000000000000000        9.2115747756726495E-004
         368  -1.3333333333333333       -1.0000000000000000       -1.6105484979719038E-003
         369  -1.1666666666666665       -1.0000000000000000       -4.0764627660761143E-003
         370  -1.0000000000000000       -1.0000000000000000       -6.4001204419343091E-003
         371 -0.83333333333333326       -1.0000000000000000       -8.5525942657652398E-003
         372 -0.66666666666666663       -1.0000000000000000       -1.0559603086533196E-002
         373 -0.50000000000000000       -1.0000000000000000       -1.2506589251370496E-002
         374 -0.33333333333333331       -1.0000000000000000       -1.4542406281594892E-002
         375 -0.16666666666666666       -1.0000000000000000       -1.6888185201901197E-002
         376   0.0000000000000000       -1.0000000000000000       -1.9850853162687716E-002
         377  0.16666666666666666       -1.0000000000000000       -2.3819691429749861E-002
         378  0.33333333333333331       -1.0000000000000000       -2.9106689470031463E-002
         379  0.50000000000000000       -1.0000000000000000       -3.5738197176271684E-002
         380  0.66666666666666663       -1.0000000000000000       -4.3557767595461962E-002
         381  0.83333333333333326       -1.0000000000000000       -5.2286191379234237E-002
         382   1.0000000000000000       -1.0000000000000000       -6.1521976061363337E-002
         383   1.1666666666666665       -1.0000000000000000       -7.0756576951200537E-002
         384   1.3333333333333333       -1.0000000000000000       -7.9405251943851299E-002
         385   1.5000000000000000       -1.0000000000000000       -8.6860090401626205E-002
         386   1.6666666666666665       -1.0000000000000000       -9.2552345700400135E-002
         387   1.8333333333333333       -1.0000000000000000       -9.6020475614562367E-002
         388   2.0000000000000000       -1.0000000000000000       -9.6966505136767231E-002
         389   2.1666666666666665       -1.0000000000000000       -9.5296451702271578E-002
         390   2.3333333333333330       -1.0000000000000000       -9.1130928753430013E-002
         391   2.5000000000000000       -1.0000000000000000       -8.4790501976541907E-002
         392   2.6666666666666665       -1.0000000000000000       -7.6751134607088989E-002
         393   2.8333333333333330       -1.0000000000000000       -6.7585871233953224E-002
         394   3.0000000000000000       -1.0000000000000000       -5.7894008613957285E-002
         395   3.1666666666666665       -1.0000000000000000       -4.8239480608216014E-002
         396   3.3333333333333330       -1.0000000000000000       -3.9095817967708266E-002
         397   3.5000000000000000       -1.0000000000000000       -3.0817381573679647E-002
         398   3.6666666666666665       -1.0000000000000000       -2.3622546152781490E-002
         399   3.8333333333333330       -1.0000000000000000       -1.7605682398200390E-002
         400   4.0000000000000000       -1.0000000000000000       -1.2750410328422718E-002
         401   4.1666666666666661       -1.0000000000000000       -8.9658732749538367E-003
         402   4.3333333333333330       -1.0000000000000000       -6.1051354630113786E-003
         403   4.5000000000000000       -1.0000000000000000       -4.0061668083766011E-003
         404   4.6666666666666661       -1.0000000000000000       -2.4911060119250923E-003
         405   4.8333333333333330       -1.0000000000000000       -1.4104441823792047E-003
         406   5.0000000000000000       -1.0000000000000000       -5.8825047374401289E-004

         407  -5.0000000000000000      -0.50000000000000000        2.2851901652748457E-004
         408  -4.8333333333333330      -0.50000000000000000        5.4138656825489641E-004
         409  -4.6666666666666661      -0.50000000000000000        9.3794525947552996E-004
         410  -4.5000000000000000      -0.50000000000000000        1.4714774520576174E-003
         411  -4.3333333333333330      -0.50000000000000000        2.1778106738510852E-003
         412  -4.1666666666666661      -0.50000000000000000        3.0946040802271248E-003
         413  -4.0000000000000000      -0.50000000000000000        4.2433632389407942E-003
         414  -3.8333333333333330      -0.50000000000000000        5.6298237985648748E-003
         415  -3.6666666666666665      -0.50000000000000000        7.2307032589830544E-003
         416  -3.5000000000000000      -0.50000000000000000        8.9910909438795112E-003
         417  -3.3333333333333330      -0.50000000000000000        1.0818159339499219E-002
         418  -3.1666666666666665      -0.50000000000000000        1.2585187987500187E-002
         419  -3.0000000000000000      -0.50000000000000000        1.4137756915112218E-002
         420  -2.8333333333333330      -0.50000000000000000        1.5309464737771549E-002
         421  -2.6666666666666665      -0.50000000000000000        1.5940143318663138E-002
         422  -2.5000000000000000      -0.50000000000000000        1.5898324855868843E-002
         423  -2.3333333333333330      -0.50000000000000000        1.5100748869206848E-002
         424  -2.1666666666666665      -0.50000000000000000        1.3527605511901759E-002
         425  -2.0000000000000000      -0.50000000000000000        1.1228218083293018E-002
         426  -1.8333333333333333      -0.50000000000000000        8.3167246912833129E-003
         427  -1.6666666666666665      -0.50000000000000000        4.9571266843475492E-003
         428  -1.5000000000000000      -0.50000000000000000        1.3402745762758088E-003
         429  -1.3333333333333333      -0.50000000000000000       -2.3433373729390317E-003
         430  -1.1666666666666665      -0.50000000000000000       -5.9312228894247152E-003
         431  -1.0000000000000000      -0.50000000000000000       -9.3121258711631807E-003
         432 -0.83333333333333326      -0.50000000000000000       -1.2443957378492262E-002
         433 -0.66666666666666663      -0.50000000000000000       -1.5364137215607702E-002
         434 -0.50000000000000000      -0.50000000000000000       -1.8196982421177888E-002
         435 -0.33333333333333331      -0.50000000000000000       -2.1159070237527614E-002
         436 -0.16666666666666666      -0.50000000000000000       -2.4572140670032275E-002
         437   0.0000000000000000      -0.50000000000000000       -2.8882763893729815E-002
         438  0.16666666666666666      -0.50000000000000000       -3.4657364078496247E-002
         439  0.33333333333333331      -0.50000000000000000       -4.2349931058033967E-002
         440  0.50000000000000000      -0.50000000000000000       -5.1998756228437804E-002
         441  0.66666666666666663      -0.50000000000000000       -6.3376187313881630E-002
         442  0.83333333333333326      -0.50000000000000000       -7.6075983272377773E-002
         443   1.0000000000000000      -0.50000000000000000       -8.9513979646356892E-002
         444   1.1666666666666665      -0.50000000000000000      -0.10295025149431969     
         445   1.3333333333333333      -0.50000000000000000      -0.11553400462944061     
         446   1.5000000000000000      -0.50000000000000000      -0.12638073494480620     
         447   1.6666666666666665      -0.50000000000000000      -0.13466292063673188     
         448   1.8333333333333333      -0.50000000000000000      -0.13970902186810130     
         449   2.0000000000000000      -0.50000000000000000      -0.14108548720298678     
         450   2.1666666666666665      -0.50000000000000000      -0.13865557302277687     
         451   2.3333333333333330      -0.50000000000000000      -0.13259477066762751     
         452   2.5000000000000000      -0.50000000000000000      -0.12336950084881293     
         453   2.6666666666666665      -0.50000000000000000      -0.11167228588301856     
         454   2.8333333333333330      -0.50000000000000000       -9.8336901152430614E-002
         455   3.0000000000000000      -0.50000000000000000       -8.4235317805469792E-002
         456   3.1666666666666665      -0.50000000000000000       -7.0188054555789636E-002
         457   3.3333333333333330      -0.50000000000000000       -5.6884092180984600E-002
         458   3.5000000000000000      -0.50000000000000000       -4.4839020185092768E-002
         459   3.6666666666666665      -0.50000000000000000       -3.4370566896169234E-002
         460   3.8333333333333330      -0.50000000000000000       -2.5616055416848978E-002
         461   4.0000000000000000      -0.50000000000000000       -1.8551685346068436E-002
         462   4.1666666666666661      -0.50000000000000000       -1.3045240053862730E-002
         463   4.3333333333333330      -0.50000000000000000       -8.8829205112968268E-003
         464   4.5000000000000000      -0.50000000000000000       -5.8289795810311622E-003
         465   4.6666666666666661      -0.50000000000000000       -3.6246106988815563E-003
         466   4.8333333333333330      -0.50000000000000000       -2.0522391855586301E-003
         467   5.0000000000000000      -0.50000000000000000       -8.5592365966100819E-004

         468  -5.0000000000000000        0.0000000000000000        2.5894158496173226E-004
         469  -4.8333333333333330        0.0000000000000000        6.1346368642930887E-004
         470  -4.6666666666666661        0.0000000000000000        1.0628270355025795E-003
         471  -4.5000000000000000        0.0000000000000000        1.6674030054933443E-003
         472  -4.3333333333333330        0.0000000000000000        2.4677869157089523E-003
         473  -4.1666666666666661        0.0000000000000000        3.5066515879422877E-003
         474  -4.0000000000000000        0.0000000000000000        4.8083640504772169E-003
         475  -3.8333333333333330        0.0000000000000000        6.3794270172897304E-003
         476  -3.6666666666666665        0.0000000000000000        8.1934593732103864E-003
         477  -3.5000000000000000        0.0000000000000000        1.0188238822497395E-002
         478  -3.3333333333333330        0.0000000000000000        1.2258577734695363E-002
         479  -3.1666666666666665        0.0000000000000000        1.4260882870990659E-002
         480  -3.0000000000000000        0.0000000000000000        1.6020173416841223E-002
         481  -2.8333333333333330        0.0000000000000000        1.7347891931502560E-002
         482  -2.6666666666666665        0.0000000000000000        1.8062544136297865E-002
         483  -2.5000000000000000        0.0000000000000000        1.8015157562266848E-002
         484  -2.3333333333333330        0.0000000000000000        1.7111385704251872E-002
         485  -2.1666666666666665        0.0000000000000000        1.5328781120638936E-002
         486  -2.0000000000000000        0.0000000000000000        1.2723234363106925E-002
         487  -1.8333333333333333        0.0000000000000000        9.4240808867695706E-003
         488  -1.6666666666666665        0.0000000000000000        5.6171584451071696E-003
         489  -1.5000000000000000        0.0000000000000000        1.5187290334823435E-003
         490  -1.3333333333333333        0.0000000000000000       -2.6553492417979393E-003
         491  -1.1666666666666665        0.0000000000000000       -6.7209552658219953E-003
         492  -1.0000000000000000        0.0000000000000000       -1.0552019627685785E-002
         493 -0.83333333333333326        0.0000000000000000       -1.4100849333195224E-002
         494 -0.66666666666666663        0.0000000000000000       -1.7409847292014793E-002
         495 -0.50000000000000000        0.0000000000000000       -2.0619883850628292E-002
         496 -0.33333333333333331        0.0000000000000000       -2.3976375834191196E-002
         497 -0.16666666666666666        0.0000000000000000       -2.7843905383594145E-002
         498   0.0000000000000000        0.0000000000000000       -3.2728507610098129E-002
         499  0.16666666666666666        0.0000000000000000       -3.9272006872056162E-002
         500  0.33333333333333331        0.0000000000000000       -4.7988803585184252E-002
         501  0.50000000000000000        0.0000000000000000       -5.8922324752645271E-002
         502  0.66666666666666663        0.0000000000000000       -7.1814624897187443E-002
         503  0.83333333333333326        0.0000000000000000       -8.6205367838316227E-002
         504   1.0000000000000000        0.0000000000000000      -0.10143260566359462     
         505   1.1666666666666665        0.0000000000000000      -0.11665789102776530     
         506   1.3333333333333333        0.0000000000000000      -0.13091714735888424     
         507   1.5000000000000000        0.0000000000000000      -0.14320809967971565     
         508   1.6666666666666665        0.0000000000000000      -0.15259304320843331     
         509   1.8333333333333333        0.0000000000000000      -0.15831102351323362     
         510   2.0000000000000000        0.0000000000000000      -0.15987076273696477     
         511   2.1666666666666665        0.0000000000000000      -0.15711730990246195     
         512   2.3333333333333330        0.0000000000000000      -0.15024952289104535     
         513   2.5000000000000000        0.0000000000000000      -0.13979592530515927     
         514   2.6666666666666665        0.0000000000000000      -0.12654124781142148     
         515   2.8333333333333330        0.0000000000000000      -0.11143028136074766     
         516   3.0000000000000000        0.0000000000000000       -9.5451099086640054E-002
         517   3.1666666666666665        0.0000000000000000       -7.9533470673824755E-002
         518   3.3333333333333330        0.0000000000000000       -6.4458115502592353E-002
         519   3.5000000000000000        0.0000000000000000       -5.0809275010373259E-002
         520   3.6666666666666665        0.0000000000000000       -3.8946986436767209E-002
         521   3.8333333333333330        0.0000000000000000       -2.9026845768858316E-002
         522   4.0000000000000000        0.0000000000000000       -2.1021858274691819E-002
         523   4.1666666666666661        0.0000000000000000       -1.4782219362117181E-002
         524   4.3333333333333330        0.0000000000000000       -1.0065670006142379E-002
         525   4.5000000000000000        0.0000000000000000       -6.6050699013318103E-003
         526   4.6666666666666661        0.0000000000000000       -4.1071680006240221E-003
         527   4.8333333333333330        0.0000000000000000       -2.3254505673046258E-003
         528   5.0000000000000000        0.0000000000000000       -9.6987040230186485E-004

         529  -5.0000000000000000       0.50000000000000000        2.2851901652757336E-004
         530  -4.8333333333333330       0.50000000000000000        5.4138656825510024E-004
         531  -4.6666666666666661       0.50000000000000000        9.3794525947574344E-004
         532  -4.5000000000000000       0.50000000000000000        1.4714774520578674E-003
         533  -4.3333333333333330       0.50000000000000000        2.1778106738514647E-003
         534  -4.1666666666666661       0.50000000000000000        3.0946040802275164E-003
         535  -4.0000000000000000       0.50000000000000000        4.2433632389412331E-003
         536  -3.8333333333333330       0.50000000000000000        5.6298237985654524E-003
         537  -3.6666666666666665       0.50000000000000000        7.2307032589837656E-003
         538  -3.5000000000000000       0.50000000000000000        8.9910909438803404E-003
         539  -3.3333333333333330       0.50000000000000000        1.0818159339500300E-002
         540  -3.1666666666666665       0.50000000000000000        1.2585187987501535E-002
         541  -3.0000000000000000       0.50000000000000000        1.4137756915113859E-002
         542  -2.8333333333333330       0.50000000000000000        1.5309464737773408E-002
         543  -2.6666666666666665       0.50000000000000000        1.5940143318665060E-002
         544  -2.5000000000000000       0.50000000000000000        1.5898324855870886E-002
         545  -2.3333333333333330       0.50000000000000000        1.5100748869208832E-002
         546  -2.1666666666666665       0.50000000000000000        1.3527605511903530E-002
         547  -2.0000000000000000       0.50000000000000000        1.1228218083294481E-002
         548  -1.8333333333333333       0.50000000000000000        8.3167246912844925E-003
         549  -1.6666666666666665       0.50000000000000000        4.9571266843487201E-003
         550  -1.5000000000000000       0.50000000000000000        1.3402745762770990E-003
         551  -1.3333333333333333       0.50000000000000000       -2.3433373729377532E-003
         552  -1.1666666666666665       0.50000000000000000       -5.9312228894239215E-003
         553  -1.0000000000000000       0.50000000000000000       -9.3121258711628425E-003
         554 -0.83333333333333326       0.50000000000000000       -1.2443957378492080E-002
         555 -0.66666666666666663       0.50000000000000000       -1.5364137215607608E-002
         556 -0.50000000000000000       0.50000000000000000       -1.8196982421177878E-002
         557 -0.33333333333333331       0.50000000000000000       -2.1159070237527562E-002
         558 -0.16666666666666666       0.50000000000000000       -2.4572140670032182E-002
         559   0.0000000000000000       0.50000000000000000       -2.8882763893729596E-002
         560  0.16666666666666666       0.50000000000000000       -3.4657364078495755E-002
         561  0.33333333333333331       0.50000000000000000       -4.2349931058033120E-002
         562  0.50000000000000000       0.50000000000000000       -5.1998756228436610E-002
         563  0.66666666666666663       0.50000000000000000       -6.3376187313880172E-002
         564  0.83333333333333326       0.50000000000000000       -7.6075983272375997E-002
         565   1.0000000000000000       0.50000000000000000       -8.9513979646354963E-002
         566   1.1666666666666665       0.50000000000000000      -0.10295025149431800     
         567   1.3333333333333333       0.50000000000000000      -0.11553400462943940     
         568   1.5000000000000000       0.50000000000000000      -0.12638073494480537     
         569   1.6666666666666665       0.50000000000000000      -0.13466292063673119     
         570   1.8333333333333333       0.50000000000000000      -0.13970902186810077     
         571   2.0000000000000000       0.50000000000000000      -0.14108548720298639     
         572   2.1666666666666665       0.50000000000000000      -0.13865557302277667     
         573   2.3333333333333330       0.50000000000000000      -0.13259477066762762     
         574   2.5000000000000000       0.50000000000000000      -0.12336950084881321     
         575   2.6666666666666665       0.50000000000000000      -0.11167228588301878     
         576   2.8333333333333330       0.50000000000000000       -9.8336901152430919E-002
         577   3.0000000000000000       0.50000000000000000       -8.4235317805470028E-002
         578   3.1666666666666665       0.50000000000000000       -7.0188054555789720E-002
         579   3.3333333333333330       0.50000000000000000       -5.6884092180984593E-002
         580   3.5000000000000000       0.50000000000000000       -4.4839020185092726E-002
         581   3.6666666666666665       0.50000000000000000       -3.4370566896169068E-002
         582   3.8333333333333330       0.50000000000000000       -2.5616055416848825E-002
         583   4.0000000000000000       0.50000000000000000       -1.8551685346068235E-002
         584   4.1666666666666661       0.50000000000000000       -1.3045240053862529E-002
         585   4.3333333333333330       0.50000000000000000       -8.8829205112966395E-003
         586   4.5000000000000000       0.50000000000000000       -5.8289795810309531E-003
         587   4.6666666666666661       0.50000000000000000       -3.6246106988812783E-003
         588   4.8333333333333330       0.50000000000000000       -2.0522391855584692E-003
         589   5.0000000000000000       0.50000000000000000       -8.5592365966093121E-004

         590  -5.0000000000000000        1.0000000000000000        1.5705465141539236E-004
         591  -4.8333333333333330        1.0000000000000000        3.7208211460996473E-004
         592  -4.6666666666666661        1.0000000000000000        6.4463570713148733E-004
         593  -4.5000000000000000        1.0000000000000000        1.0113308749957080E-003
         594  -4.3333333333333330        1.0000000000000000        1.4967891728109764E-003
         595  -4.1666666666666661        1.0000000000000000        2.1268928555870691E-003
         596  -4.0000000000000000        1.0000000000000000        2.9164207549854022E-003
         597  -3.8333333333333330        1.0000000000000000        3.8693178899716026E-003
         598  -3.6666666666666665        1.0000000000000000        4.9695836837740023E-003
         599  -3.5000000000000000        1.0000000000000000        6.1794783116955387E-003
         600  -3.3333333333333330        1.0000000000000000        7.4352021786587771E-003
         601  -3.1666666666666665        1.0000000000000000        8.6496615475237081E-003
         602  -3.0000000000000000        1.0000000000000000        9.7167251758296814E-003
         603  -2.8333333333333330        1.0000000000000000        1.0522027205546266E-002
         604  -2.6666666666666665        1.0000000000000000        1.0955485791584904E-002
         605  -2.5000000000000000        1.0000000000000000        1.0926744581412698E-002
         606  -2.3333333333333330        1.0000000000000000        1.0378579517523082E-002
         607  -2.1666666666666665        1.0000000000000000        9.2973755482464917E-003
         608  -2.0000000000000000        1.0000000000000000        7.7170319799511498E-003
         609  -1.8333333333333333        1.0000000000000000        5.7159947318332453E-003
         610  -1.6666666666666665        1.0000000000000000        3.4069800549504461E-003
         611  -1.5000000000000000        1.0000000000000000        9.2115747756881374E-004
         612  -1.3333333333333333        1.0000000000000000       -1.6105484979705626E-003
         613  -1.1666666666666665        1.0000000000000000       -4.0764627660750501E-003
         614  -1.0000000000000000        1.0000000000000000       -6.4001204419334781E-003
         615 -0.83333333333333326        1.0000000000000000       -8.5525942657645685E-003
         616 -0.66666666666666663        1.0000000000000000       -1.0559603086532709E-002
         617 -0.50000000000000000        1.0000000000000000       -1.2506589251370085E-002
         618 -0.33333333333333331        1.0000000000000000       -1.4542406281594417E-002
         619 -0.16666666666666666        1.0000000000000000       -1.6888185201900611E-002
         620   0.0000000000000000        1.0000000000000000       -1.9850853162687084E-002
         621  0.16666666666666666        1.0000000000000000       -2.3819691429749126E-002
         622  0.33333333333333331        1.0000000000000000       -2.9106689470030662E-002
         623  0.50000000000000000        1.0000000000000000       -3.5738197176270733E-002
         624  0.66666666666666663        1.0000000000000000       -4.3557767595460754E-002
         625  0.83333333333333326        1.0000000000000000       -5.2286191379232877E-002
         626   1.0000000000000000        1.0000000000000000       -6.1521976061361963E-002
         627   1.1666666666666665        1.0000000000000000       -7.0756576951199343E-002
         628   1.3333333333333333        1.0000000000000000       -7.9405251943850189E-002
         629   1.5000000000000000        1.0000000000000000       -8.6860090401625067E-002
         630   1.6666666666666665        1.0000000000000000       -9.2552345700398803E-002
         631   1.8333333333333333        1.0000000000000000       -9.6020475614561007E-002
         632   2.0000000000000000        1.0000000000000000       -9.6966505136765871E-002
         633   2.1666666666666665        1.0000000000000000       -9.5296451702270427E-002
         634   2.3333333333333330        1.0000000000000000       -9.1130928753429249E-002
         635   2.5000000000000000        1.0000000000000000       -8.4790501976541546E-002
         636   2.6666666666666665        1.0000000000000000       -7.6751134607088906E-002
         637   2.8333333333333330        1.0000000000000000       -6.7585871233953140E-002
         638   3.0000000000000000        1.0000000000000000       -5.7894008613957333E-002
         639   3.1666666666666665        1.0000000000000000       -4.8239480608215979E-002
         640   3.3333333333333330        1.0000000000000000       -3.9095817967708064E-002
         641   3.5000000000000000        1.0000000000000000       -3.0817381573679432E-002
         642   3.6666666666666665        1.0000000000000000       -2.3622546152781310E-002
         643   3.8333333333333330        1.0000000000000000       -1.7605682398200415E-002
         644   4.0000000000000000        1.0000000000000000       -1.2750410328422692E-002
         645   4.1666666666666661        1.0000000000000000       -8.9658732749538089E-003
         646   4.3333333333333330        1.0000000000000000       -6.1051354630114081E-003
         647   4.5000000000000000        1.0000000000000000       -4.0061668083765673E-003
         648   4.6666666666666661        1.0000000000000000       -2.4911060119251322E-003
         649   4.8333333333333330        1.0000000000000000       -1.4104441823792801E-003
         650   5.0000000000000000        1.0000000000000000       -5.8825047374406938E-004

         651  -5.0000000000000000        1.5000000000000000        8.4069885129991543E-005
         652  -4.8333333333333330        1.5000000000000000        1.9916922861550499E-004
         653  -4.6666666666666661        1.5000000000000000        3.4505280572662961E-004
         654  -4.5000000000000000        1.5000000000000000        5.4132544356986340E-004
         655  -4.3333333333333330        1.5000000000000000        8.0116887733869995E-004
         656  -4.1666666666666661        1.5000000000000000        1.1384373282179051E-003
         657  -4.0000000000000000        1.5000000000000000        1.5610432361809392E-003
         658  -3.8333333333333330        1.5000000000000000        2.0710948587337424E-003
         659  -3.6666666666666665        1.5000000000000000        2.6600263324475532E-003
         660  -3.5000000000000000        1.5000000000000000        3.3076373358499000E-003
         661  -3.3333333333333330        1.5000000000000000        3.9797786811629036E-003
         662  -3.1666666666666665        1.5000000000000000        4.6298325910446910E-003
         663  -3.0000000000000000        1.5000000000000000        5.2009911688670534E-003
         664  -2.8333333333333330        1.5000000000000000        5.6320387547746081E-003
         665  -2.6666666666666665        1.5000000000000000        5.8640527943971980E-003
         666  -2.5000000000000000        1.5000000000000000        5.8486689569357342E-003
         667  -2.3333333333333330        1.5000000000000000        5.5552574403688647E-003
         668  -2.1666666666666665        1.5000000000000000        4.9765305799972792E-003
         669  -2.0000000000000000        1.5000000000000000        4.1306334364568124E-003
         670  -1.8333333333333333        1.5000000000000000        3.0595550442848178E-003
         671  -1.6666666666666665        1.5000000000000000        1.8236281770244748E-003
         672  -1.5000000000000000        1.5000000000000000        4.9306277772490211E-004
         673  -1.3333333333333333        1.5000000000000000       -8.6206216656514647E-004
         674  -1.1666666666666665        1.5000000000000000       -2.1819713494931605E-003
         675  -1.0000000000000000        1.5000000000000000       -3.4257358296574838E-003
         676 -0.83333333333333326        1.5000000000000000       -4.5778719791626120E-003
         677 -0.66666666666666663        1.5000000000000000       -5.6521454449833079E-003
         678 -0.50000000000000000        1.5000000000000000       -6.6942896063782367E-003
         679 -0.33333333333333331        1.5000000000000000       -7.7839774359763671E-003
         680 -0.16666666666666666        1.5000000000000000       -9.0395689157502322E-003
         681   0.0000000000000000        1.5000000000000000       -1.0625345311215643E-002
         682  0.16666666666666666        1.5000000000000000       -1.2749691541182152E-002
         683  0.33333333333333331        1.5000000000000000       -1.5579640465648083E-002
         684  0.50000000000000000        1.5000000000000000       -1.9129259508973574E-002
         685  0.66666666666666663        1.5000000000000000       -2.3314790929581296E-002
         686  0.83333333333333326        1.5000000000000000       -2.7986789688068517E-002
         687   1.0000000000000000        1.5000000000000000       -3.2930355189757385E-002
         688   1.1666666666666665        1.5000000000000000       -3.7873285550865166E-002
         689   1.3333333333333333        1.5000000000000000       -4.2502591281951732E-002
         690   1.5000000000000000        1.5000000000000000       -4.6492881760406286E-002
         691   1.6666666666666665        1.5000000000000000       -4.9539728577557493E-002
         692   1.8333333333333333        1.5000000000000000       -5.1396086089566646E-002
         693   2.0000000000000000        1.5000000000000000       -5.1902459484599817E-002
         694   2.1666666666666665        1.5000000000000000       -5.1008543676584576E-002
         695   2.3333333333333330        1.5000000000000000       -4.8778898233500498E-002
         696   2.5000000000000000        1.5000000000000000       -4.5385109895174740E-002
         697   2.6666666666666665        1.5000000000000000       -4.1081943326502932E-002
         698   2.8333333333333330        1.5000000000000000       -3.6176127522428068E-002
         699   3.0000000000000000        1.5000000000000000       -3.0988442547381135E-002
         700   3.1666666666666665        1.5000000000000000       -2.5820740316231702E-002
         701   3.3333333333333330        1.5000000000000000       -2.0926481753637677E-002
         702   3.5000000000000000        1.5000000000000000       -1.6495340653604348E-002
         703   3.6666666666666665        1.5000000000000000       -1.2644200634116738E-002
         704   3.8333333333333330        1.5000000000000000       -9.4235858385057665E-003
         705   4.0000000000000000        1.5000000000000000       -6.8247537030483325E-003
         706   4.1666666666666661        1.5000000000000000       -4.7990561071729809E-003
         707   4.3333333333333330        1.5000000000000000       -3.2678376126197184E-003
         708   4.5000000000000000        1.5000000000000000       -2.1443744272231129E-003
         709   4.6666666666666661        1.5000000000000000       -1.3334479769259633E-003
         710   4.8333333333333330        1.5000000000000000       -7.5499804631424085E-004
         711   5.0000000000000000        1.5000000000000000       -3.1488601067022583E-004

         712  -5.0000000000000000        2.0000000000000000        3.5037790228021579E-005
         713  -4.8333333333333330        2.0000000000000000        8.3012038581423779E-005
         714  -4.6666666666666661        2.0000000000000000        1.4382981714495461E-004
         715  -4.5000000000000000        2.0000000000000000        2.2565487289223098E-004
         716  -4.3333333333333330        2.0000000000000000        3.3397828121804393E-004
         717  -4.1666666666666661        2.0000000000000000        4.7457493630802033E-004
         718  -4.0000000000000000        2.0000000000000000        6.5074080444526368E-004
         719  -3.8333333333333330        2.0000000000000000        8.6335903980681785E-004
         720  -3.6666666666666665        2.0000000000000000        1.1088605421910624E-003
         721  -3.5000000000000000        2.0000000000000000        1.3788240575128095E-003
         722  -3.3333333333333330        2.0000000000000000        1.6590137108674541E-003
         723  -3.1666666666666665        2.0000000000000000        1.9299961414179295E-003
         724  -3.0000000000000000        2.0000000000000000        2.1680902201912234E-003
         725  -2.8333333333333330        2.0000000000000000        2.3477775161606547E-003
         726  -2.6666666666666665        2.0000000000000000        2.4444954565186927E-003
         727  -2.5000000000000000        2.0000000000000000        2.4380828897209448E-003
         728  -2.3333333333333330        2.0000000000000000        2.3157713962614875E-003
         729  -2.1666666666666665        2.0000000000000000        2.0745231161539046E-003
         730  -2.0000000000000000        2.0000000000000000        1.7219019610503965E-003
         731  -1.8333333333333333        2.0000000000000000        1.2754116331682049E-003
         732  -1.6666666666666665        2.0000000000000000        7.6020243440784278E-004
         733  -1.5000000000000000        2.0000000000000000        2.0554228637775744E-004
         734  -1.3333333333333333        2.0000000000000000       -3.5935575192660117E-004
         735  -1.1666666666666665        2.0000000000000000       -9.0957355425952868E-004
         736  -1.0000000000000000        2.0000000000000000       -1.4280497485224196E-003
         737 -0.83333333333333326        2.0000000000000000       -1.9083298167448426E-003
         738 -0.66666666666666663        2.0000000000000000       -2.3561530402238609E-003
         739 -0.50000000000000000        2.0000000000000000       -2.7905847427362731E-003
         740 -0.33333333333333331        2.0000000000000000       -3.2448409032794683E-003
         741 -0.16666666666666666        2.0000000000000000       -3.7682651082039022E-003
         742   0.0000000000000000        2.0000000000000000       -4.4293466754293485E-003
         743  0.16666666666666666        2.0000000000000000       -5.3149309065220135E-003
         744  0.33333333333333331        2.0000000000000000       -6.4945997912881177E-003
         745  0.50000000000000000        2.0000000000000000       -7.9742648765663421E-003
         746  0.66666666666666663        2.0000000000000000       -9.7190332247815391E-003
         747  0.83333333333333326        2.0000000000000000       -1.1666600175601628E-002
         748   1.0000000000000000        2.0000000000000000       -1.3727378102611912E-002
         749   1.1666666666666665        2.0000000000000000       -1.5787893131827439E-002
         750   1.3333333333333333        2.0000000000000000       -1.7717671272409016E-002
         751   1.5000000000000000        2.0000000000000000       -1.9381068825493748E-002
         752   1.6666666666666665        2.0000000000000000       -2.0651181469042570E-002
         753   1.8333333333333333        2.0000000000000000       -2.1425025063275364E-002
         754   2.0000000000000000        2.0000000000000000       -2.1636112627729007E-002
         755   2.1666666666666665        2.0000000000000000       -2.1263473640031057E-002
         756   2.3333333333333330        2.0000000000000000       -2.0334020728445746E-002
         757   2.5000000000000000        2.0000000000000000       -1.8919281470968191E-002
         758   2.6666666666666665        2.0000000000000000       -1.7125457712098294E-002
         759   2.8333333333333330        2.0000000000000000       -1.5080412659410123E-002
         760   3.0000000000000000        2.0000000000000000       -1.2917867847689371E-002
         761   3.1666666666666665        2.0000000000000000       -1.0763654011347485E-002
         762   3.3333333333333330        2.0000000000000000       -8.7234318029746401E-003
         763   3.5000000000000000        2.0000000000000000       -6.8762715543514499E-003
         764   3.6666666666666665        2.0000000000000000       -5.2709031073807124E-003
         765   3.8333333333333330        2.0000000000000000       -3.9283741482488959E-003
         766   4.0000000000000000        2.0000000000000000       -2.8450084200719573E-003
         767   4.1666666666666661        2.0000000000000000       -2.0005471511554225E-003
         768   4.3333333333333330        2.0000000000000000       -1.3622098587236767E-003
         769   4.5000000000000000        2.0000000000000000       -8.9383744354198415E-004
         770   4.6666666666666661        2.0000000000000000       -5.5576034904908443E-004
         771   4.8333333333333330        2.0000000000000000       -3.1465390247756016E-004
         772   5.0000000000000000        2.0000000000000000       -1.3123041676065274E-004

         773  -5.0000000000000000        2.5000000000000000        1.1381552402734168E-005
         774  -4.8333333333333330        2.5000000000000000        2.6960692804887091E-005
         775  -4.6666666666666661        2.5000000000000000        4.6692480041390827E-005
         776  -4.5000000000000000        2.5000000000000000        7.3244142205449041E-005
         777  -4.3333333333333330        2.5000000000000000        1.0840495961377092E-004
         778  -4.1666666666666661        2.5000000000000000        1.5404842064114428E-004
         779  -4.0000000000000000        2.5000000000000000        2.1124725421557561E-004
         780  -3.8333333333333330        2.5000000000000000        2.8028091807550195E-004
         781  -3.6666666666666665        2.5000000000000000        3.5998803192380420E-004
         782  -3.5000000000000000        2.5000000000000000        4.4763533519333218E-004
         783  -3.3333333333333330        2.5000000000000000        5.3860174722095068E-004
         784  -3.1666666666666665        2.5000000000000000        6.2657847441330067E-004
         785  -3.0000000000000000        2.5000000000000000        7.0387759253098033E-004
         786  -2.8333333333333330        2.5000000000000000        7.6221447578680046E-004
         787  -2.6666666666666665        2.5000000000000000        7.9361494250143193E-004
         788  -2.5000000000000000        2.5000000000000000        7.9153356284351504E-004
         789  -2.3333333333333330        2.5000000000000000        7.5182517810426996E-004
         790  -2.1666666666666665        2.5000000000000000        6.7350348318984999E-004
         791  -2.0000000000000000        2.5000000000000000        5.5902432936955255E-004
         792  -1.8333333333333333        2.5000000000000000        4.1407030673750822E-004
         793  -1.6666666666666665        2.5000000000000000        2.4680682798528734E-004
         794  -1.5000000000000000        2.5000000000000000        6.6735782982399759E-005
         795  -1.3333333333333333        2.5000000000000000       -1.1665832154253559E-004
         796  -1.1666666666666665        2.5000000000000000       -2.9528579711925049E-004
         797  -1.0000000000000000        2.5000000000000000       -4.6360707463194493E-004
         798 -0.83333333333333326        2.5000000000000000       -6.1952676762289322E-004
         799 -0.66666666666666663        2.5000000000000000       -7.6490707684827449E-004
         800 -0.50000000000000000        2.5000000000000000       -9.0593696253715749E-004
         801 -0.33333333333333331        2.5000000000000000       -1.0533957604480016E-003
         802 -0.16666666666666666        2.5000000000000000       -1.2232978827101842E-003
         803   0.0000000000000000        2.5000000000000000       -1.4378681966847359E-003
         804  0.16666666666666666        2.5000000000000000       -1.7253348272316170E-003
         805  0.33333333333333331        2.5000000000000000       -2.1083607777892463E-003
         806  0.50000000000000000        2.5000000000000000       -2.5887927572538810E-003
         807  0.66666666666666663        2.5000000000000000       -3.1552689206433911E-003
         808  0.83333333333333326        2.5000000000000000       -3.7875721144901681E-003
         809   1.0000000000000000        2.5000000000000000       -4.4566224257353996E-003
         810   1.1666666666666665        2.5000000000000000       -5.1255844746078746E-003
         811   1.3333333333333333        2.5000000000000000       -5.7520999284359784E-003
         812   1.5000000000000000        2.5000000000000000       -6.2921326403815453E-003
         813   1.6666666666666665        2.5000000000000000       -6.7044823695121755E-003
         814   1.8333333333333333        2.5000000000000000       -6.9557154835529931E-003
         815   2.0000000000000000        2.5000000000000000       -7.0242464013078728E-003
         816   2.1666666666666665        2.5000000000000000       -6.9032673766188527E-003
         817   2.3333333333333330        2.5000000000000000       -6.6015152672561301E-003
         818   2.5000000000000000        2.5000000000000000       -6.1422120898886826E-003
         819   2.6666666666666665        2.5000000000000000       -5.5598360394990744E-003
         820   2.8333333333333330        2.5000000000000000       -4.8958985946287370E-003
         821   3.0000000000000000        2.5000000000000000       -4.1938117455588867E-003
         822   3.1666666666666665        2.5000000000000000       -3.4944264054064867E-003
         823   3.3333333333333330        2.5000000000000000       -2.8320418681206864E-003
         824   3.5000000000000000        2.5000000000000000       -2.2323246193357992E-003
         825   3.6666666666666665        2.5000000000000000       -1.7110860982188520E-003
         826   3.8333333333333330        2.5000000000000000       -1.2751802674560416E-003
         827   4.0000000000000000        2.5000000000000000       -9.2346301587145022E-004
         828   4.1666666666666661        2.5000000000000000       -6.4932826654196234E-004
         829   4.3333333333333330        2.5000000000000000       -4.4212868539970039E-004
         830   4.5000000000000000        2.5000000000000000       -2.9014776513938456E-004
         831   4.6666666666666661        2.5000000000000000       -1.8047013427847542E-004
         832   4.8333333333333330        2.5000000000000000       -1.0218051290627527E-004
         833   5.0000000000000000        2.5000000000000000       -4.2610090438964525E-005

         834  -5.0000000000000000        3.0000000000000000        2.7647125945043468E-006
         835  -4.8333333333333330        3.0000000000000000        6.6126853102291797E-006
         836  -4.6666666666666661        3.0000000000000000        1.1628931660348193E-005
         837  -4.5000000000000000        3.0000000000000000        1.8403692021788651E-005
         838  -4.3333333333333330        3.0000000000000000        2.7341759235752564E-005
         839  -4.1666666666666661        3.0000000000000000        3.8912535664690328E-005
         840  -4.0000000000000000        3.0000000000000000        5.3382773605855561E-005
         841  -3.8333333333333330        3.0000000000000000        7.0839549085585421E-005
         842  -3.6666666666666665        3.0000000000000000        9.0995776564960969E-005
         843  -3.5000000000000000        3.0000000000000000        1.1315942128686971E-004
         844  -3.3333333333333330        3.0000000000000000        1.3616144347096466E-004
         845  -3.1666666666666665        3.0000000000000000        1.5840668125517897E-004
         846  -3.0000000000000000        3.0000000000000000        1.7795148754073056E-004
         847  -2.8333333333333330        3.0000000000000000        1.9270169843307354E-004
         848  -2.6666666666666665        3.0000000000000000        2.0064130785145268E-004
         849  -2.5000000000000000        3.0000000000000000        2.0011588677473847E-004
         850  -2.3333333333333330        3.0000000000000000        1.9007735514183703E-004
         851  -2.1666666666666665        3.0000000000000000        1.7027677630166159E-004
         852  -2.0000000000000000        3.0000000000000000        1.4133487489976848E-004
         853  -1.8333333333333333        3.0000000000000000        1.0468889319108461E-004
         854  -1.6666666666666665        3.0000000000000000        6.2403090536976765E-005
         855  -1.5000000000000000        3.0000000000000000        1.6880641240186652E-005
         856  -1.3333333333333333        3.0000000000000000       -2.9480502520233418E-005
         857  -1.1666666666666665        3.0000000000000000       -7.4633586504174452E-005
         858  -1.0000000000000000        3.0000000000000000       -1.1717776181931558E-004
         859 -0.83333333333333326        3.0000000000000000       -1.5658122888560509E-004
         860 -0.66666666666666663        3.0000000000000000       -1.9331567786579404E-004
         861 -0.50000000000000000        3.0000000000000000       -2.2894666943605715E-004
         862 -0.33333333333333331        3.0000000000000000       -2.6621081593637035E-004
         863 -0.16666666666666666        3.0000000000000000       -3.0917405581686643E-004
         864   0.0000000000000000        3.0000000000000000       -3.6348873822517730E-004
         865  0.16666666666666666        3.0000000000000000       -4.3623595985877269E-004
         866  0.33333333333333331        3.0000000000000000       -5.3300287427520375E-004
         867  0.50000000000000000        3.0000000000000000       -6.5439922656392274E-004
         868  0.66666666666666663        3.0000000000000000       -7.9760824782903995E-004
         869  0.83333333333333326        3.0000000000000000       -9.5748471540345792E-004
         870   1.0000000000000000        3.0000000000000000       -1.1266593892435735E-003
         871   1.1666666666666665        3.0000000000000000       -1.2958077468643936E-003
         872   1.3333333333333333        3.0000000000000000       -1.4542201995829112E-003
         873   1.5000000000000000        3.0000000000000000       -1.5907621721756092E-003
         874   1.6666666666666665        3.0000000000000000       -1.6950199250900845E-003
         875   1.8333333333333333        3.0000000000000000       -1.7585403403961120E-003
         876   2.0000000000000000        3.0000000000000000       -1.7758681873118599E-003
         877   2.1666666666666665        3.0000000000000000       -1.7452811736830703E-003
         878   2.3333333333333330        3.0000000000000000       -1.6689895505289148E-003
         879   2.5000000000000000        3.0000000000000000       -1.5528621637872096E-003
         880   2.6666666666666665        3.0000000000000000       -1.4056167345166772E-003
         881   2.8333333333333330        3.0000000000000000       -1.2377449531331454E-003
         882   3.0000000000000000        3.0000000000000000       -1.0602237007227000E-003
         883   3.1666666666666665        3.0000000000000000       -8.8337834591533380E-004
         884   3.3333333333333330        3.0000000000000000       -7.1588842183733332E-004
         885   3.5000000000000000        3.0000000000000000       -5.6424919741443209E-004
         886   3.6666666666666665        3.0000000000000000       -4.3248018688333363E-004
         887   3.8333333333333330        3.0000000000000000       -3.2226784810714798E-004
         888   4.0000000000000000        3.0000000000000000       -2.3321499915376358E-004
         889   4.1666666666666661        3.0000000000000000       -1.6368176214063890E-004
         890   4.3333333333333330        3.0000000000000000       -1.1097438996869655E-004
         891   4.5000000000000000        3.0000000000000000       -7.2102170045730394E-005
         892   4.6666666666666661        3.0000000000000000       -4.4098698625072998E-005
         893   4.8333333333333330        3.0000000000000000       -2.4673060569318020E-005
         894   5.0000000000000000        3.0000000000000000       -1.0233313511218117E-005

         895  -4.6666666666666661        3.5000000000000000        1.5349737240703337E-006
         896  -4.5000000000000000        3.5000000000000000        3.2210569065316022E-006
         897  -4.3333333333333330        3.5000000000000000        5.0645201643043070E-006
         898  -4.1666666666666661        3.5000000000000000        7.3920441928111754E-006
         899  -4.0000000000000000        3.5000000000000000        1.0314776090233476E-005
         900  -3.8333333333333330        3.5000000000000000        1.3831224905794772E-005
         901  -3.6666666666666665        3.5000000000000000        1.7846238332566059E-005
         902  -3.5000000000000000        3.5000000000000000        2.2240649427232156E-005
         903  -3.3333333333333330        3.5000000000000000        2.6783434898281522E-005
         904  -3.1666666666666665        3.5000000000000000        3.1172783487969780E-005
         905  -3.0000000000000000        3.5000000000000000        3.5023969882097181E-005
         906  -2.8333333333333330        3.5000000000000000        3.7931242714315646E-005
         907  -2.6666666666666665        3.5000000000000000        3.9494807186961285E-005
         908  -2.5000000000000000        3.5000000000000000        3.9393077090952905E-005
         909  -2.3333333333333330        3.5000000000000000        3.7416927470200028E-005
         910  -2.1666666666666665        3.5000000000000000        3.3520446657153813E-005
         911  -2.0000000000000000        3.5000000000000000        2.7823454577459894E-005
         912  -1.8333333333333333        3.5000000000000000        2.0611562514050998E-005
         913  -1.6666666666666665        3.5000000000000000        1.2289473670880775E-005
         914  -1.5000000000000000        3.5000000000000000        3.3331015869014192E-006
         915  -1.3333333333333333        3.5000000000000000       -5.7855238090328693E-006
         916  -1.1666666666666665        3.5000000000000000       -1.4659027047890765E-005
         917  -1.0000000000000000        3.5000000000000000       -2.3006836287503311E-005
         918 -0.83333333333333326        3.5000000000000000       -3.0713256378485027E-005
         919 -0.66666666666666663        3.5000000000000000       -3.7851354073297443E-005
         920 -0.50000000000000000        3.5000000000000000       -4.4697884158367149E-005
         921 -0.33333333333333331        3.5000000000000000       -5.1734414902219443E-005
         922 -0.16666666666666666        3.5000000000000000       -5.9706878691640297E-005
         923   0.0000000000000000        3.5000000000000000       -6.9703527206112811E-005
         924  0.16666666666666666        3.5000000000000000       -8.3551573936516165E-005
         925  0.33333333333333331        3.5000000000000000       -1.0306780179258676E-004
         926  0.50000000000000000        3.5000000000000000       -1.2766074505760389E-004
         927  0.66666666666666663        3.5000000000000000       -1.5633978076508878E-004
         928  0.83333333333333326        3.5000000000000000       -1.8811244734438055E-004
         929   1.0000000000000000        3.5000000000000000       -2.2158411186046624E-004
         930   1.1666666666666665        3.5000000000000000       -2.5497399950692257E-004
         931   1.3333333333333333        3.5000000000000000       -2.8620889980118623E-004
         932   1.5000000000000000        3.5000000000000000       -3.1311294044909403E-004
         933   1.6666666666666665        3.5000000000000000       -3.3365193956361064E-004
         934   1.8333333333333333        3.5000000000000000       -3.4616091693359972E-004
         935   2.0000000000000000        3.5000000000000000       -3.4957674269876110E-004
         936   2.1666666666666665        3.5000000000000000       -3.4355191768145751E-004
         937   2.3333333333333330        3.5000000000000000       -3.2853217464089661E-004
         938   2.5000000000000000        3.5000000000000000       -3.0565812099792288E-004
         939   2.6666666666666665        3.5000000000000000       -2.7665651967726586E-004
         940   2.8333333333333330        3.5000000000000000       -2.4356728343021520E-004
         941   3.0000000000000000        3.5000000000000000       -2.0855646864977154E-004
         942   3.1666666666666665        3.5000000000000000       -1.7360645939574435E-004
         943   3.3333333333333330        3.5000000000000000       -1.4041112494804928E-004
         944   3.5000000000000000        3.5000000000000000       -1.1015958943683147E-004
         945   3.6666666666666665        3.5000000000000000       -8.3653993137243159E-005
         946   3.8333333333333330        3.5000000000000000       -6.1405393184139271E-005
         947   4.0000000000000000        3.5000000000000000       -4.3867217441370836E-005
         948   4.1666666666666661        3.5000000000000000       -3.0087223734578609E-005
         949   4.3333333333333330        3.5000000000000000       -1.9216403910181862E-005
         950   4.5000000000000000        3.5000000000000000       -9.2405766520488142E-006

         951  -4.0000000000000000        4.0000000000000000        9.7232370401152431E-007
         952  -3.8333333333333330        4.0000000000000000        1.8319012797860574E-006
         953  -3.6666666666666665        4.0000000000000000        2.5457589150173947E-006
         954  -3.5000000000000000        4.0000000000000000        3.2547863819293707E-006
         955  -3.3333333333333330        4.0000000000000000        3.9506747653399922E-006
         956  -3.1666666666666665        4.0000000000000000        4.6114714235307991E-006
         957  -3.0000000000000000        4.0000000000000000        5.1884363336652789E-006
         958  -2.8333333333333330        4.0000000000000000        5.6196665667110018E-006
         959  -2.6666666666666665        4.0000000000000000        5.8551734711234206E-006
         960  -2.5000000000000000        4.0000000000000000        5.8374390732512884E-006
         961  -2.3333333333333330        4.0000000000000000        5.5487316482769412E-006
         962  -2.1666666666666665        4.0000000000000000        4.9668800004354843E-006
         963  -2.0000000000000000        4.0000000000000000        4.1281884080162215E-006
         964  -1.8333333333333333        4.0000000000000000        3.0535175701981245E-006
         965  -1.6666666666666665        4.0000000000000000        1.8288415418870197E-006
         966  -1.5000000000000000        4.0000000000000000        4.9493767205541881E-007
         967  -1.3333333333333333        4.0000000000000000       -8.4001973708824191E-007
         968  -1.1666666666666665        4.0000000000000000       -2.1573287907484266E-006
         969  -1.0000000000000000        4.0000000000000000       -3.3523314447936078E-006
         970 -0.83333333333333326        4.0000000000000000       -4.4641960808583871E-006
         971 -0.66666666666666663        4.0000000000000000       -5.3718340294421076E-006
         972 -0.50000000000000000        4.0000000000000000       -6.1667335490178015E-006
         973 -0.33333333333333331        4.0000000000000000       -6.5131844328251304E-006
         974 -0.16666666666666666        4.0000000000000000       -6.3731920689444153E-006
         975   0.0000000000000000        4.0000000000000000       -3.8830569674971139E-006
         976  0.33333333333333331        4.0000000000000000       -8.8172831807164271E-006
         977  0.50000000000000000        4.0000000000000000       -1.6438654858206508E-005
         978  0.66666666666666663        4.0000000000000000       -2.2016400039317377E-005
         979  0.83333333333333326        4.0000000000000000       -2.7426804301935313E-005
         980   1.0000000000000000        4.0000000000000000       -3.2608476521157775E-005
         981   1.1666666666666665        4.0000000000000000       -3.7710515195078144E-005
         982   1.3333333333333333        4.0000000000000000       -4.2369022260342387E-005
         983   1.5000000000000000        4.0000000000000000       -4.6401926563701522E-005
         984   1.6666666666666665        4.0000000000000000       -4.9441129196151468E-005
         985   1.8333333333333333        4.0000000000000000       -5.1315358814742613E-005
         986   2.0000000000000000        4.0000000000000000       -5.1809733474670674E-005
         987   2.1666666666666665        4.0000000000000000       -5.0929188477466246E-005
         988   2.3333333333333330        4.0000000000000000       -4.8685787380126166E-005
         989   2.5000000000000000        4.0000000000000000       -4.5301069024835420E-005
         990   2.6666666666666665        4.0000000000000000       -4.0967826199362271E-005
         991   2.8333333333333330        4.0000000000000000       -3.6042927630837275E-005
         992   3.0000000000000000        4.0000000000000000       -3.0742147617795806E-005
         993   3.1666666666666665        4.0000000000000000       -2.5400735007500956E-005
         994   3.3333333333333330        4.0000000000000000       -1.9977501613626655E-005
         995   3.5000000000000000        4.0000000000000000       -1.4528661276594037E-005
         996   3.6666666666666665        4.0000000000000000       -7.7698495996622914E-006
