           0  -4.0000000000000000       -4.0000000000000000       -5.3659736163159746E-006
           1  -3.8333333333333330       -4.0000000000000000       -1.0186162041112987E-005
           2  -3.6666666666666665       -4.0000000000000000       -1.4221949993525550E-005
           3  -3.5000000000000000       -4.0000000000000000       -1.8226057791018883E-005
           4  -3.3333333333333330       -4.0000000000000000       -2.2149669826176493E-005
           5  -3.1666666666666665       -4.0000000000000000       -2.5870232609751517E-005
           6  -3.0000000000000000       -4.0000000000000000       -2.9115611184341735E-005
           7  -2.8333333333333330       -4.0000000000000000       -3.1541087277371238E-005
           8  -2.6666666666666665       -4.0000000000000000       -3.2865390233066548E-005
           9  -2.5000000000000000       -4.0000000000000000       -3.2768555334954903E-005
          10  -2.3333333333333330       -4.0000000000000000       -3.1148868946092009E-005
          11  -2.1666666666666665       -4.0000000000000000       -2.7885472285086160E-005
          12  -2.0000000000000000       -4.0000000000000000       -2.3178865441657900E-005
          13  -1.8333333333333333       -4.0000000000000000       -1.7151170009154743E-005
          14  -1.6666666666666665       -4.0000000000000000       -1.0280718894798388E-005
          15  -1.5000000000000000       -4.0000000000000000       -2.8041596504662092E-006
          16  -1.3333333333333333       -4.0000000000000000        4.6762399212018290E-006
          17  -1.1666666666666665       -4.0000000000000000        1.2042001180744353E-005
          18  -1.0000000000000000       -4.0000000000000000        1.8710083901883253E-005
          19 -0.83333333333333326       -4.0000000000000000        2.4873909574063540E-005
          20 -0.66666666666666663       -4.0000000000000000        2.9856386903765052E-005
          21 -0.50000000000000000       -4.0000000000000000        3.4120611598620739E-005
          22 -0.33333333333333331       -4.0000000000000000        3.5812556637563756E-005
          23 -0.16666666666666666       -4.0000000000000000        3.4700057222133109E-005
          24   0.0000000000000000       -4.0000000000000000        2.0838635799971061E-005
          25  0.33333333333333331       -4.0000000000000000        4.8533069717289570E-005
          26  0.50000000000000000       -4.0000000000000000        9.1199331098618377E-005
          27  0.66666666666666663       -4.0000000000000000        1.2284026728211615E-004
          28  0.83333333333333326       -4.0000000000000000        1.5346778324857761E-004
          29   1.0000000000000000       -4.0000000000000000        1.8275555003050223E-004
          30   1.1666666666666665       -4.0000000000000000        2.1150936882305621E-004
          31   1.3333333333333333       -4.0000000000000000        2.3773799431471619E-004
          32   1.5000000000000000       -4.0000000000000000        2.6041585194027197E-004
          33   1.6666666666666665       -4.0000000000000000        2.7750426408370654E-004
          34   1.8333333333333333       -4.0000000000000000        2.8803549133952426E-004
          35   2.0000000000000000       -4.0000000000000000        2.9081805149469575E-004
          36   2.1666666666666665       -4.0000000000000000        2.8587121521698718E-004
          37   2.3333333333333330       -4.0000000000000000        2.7327143432358101E-004
          38   2.5000000000000000       -4.0000000000000000        2.5425111019726206E-004
          39   2.6666666666666665       -4.0000000000000000        2.2989680797154505E-004
          40   2.8333333333333330       -4.0000000000000000        2.0219348602080222E-004
          41   3.0000000000000000       -4.0000000000000000        1.7235125278260036E-004
          42   3.1666666666666665       -4.0000000000000000        1.4222035420900845E-004
          43   3.3333333333333330       -4.0000000000000000        1.1158110028952068E-004
          44   3.5000000000000000       -4.0000000000000000        8.0751731732770337E-005
          45   3.6666666666666665       -4.0000000000000000        4.2854261632860599E-005

          46  -4.6666666666666661       -3.5000000000000000       -7.4240626727623346E-006
          47  -4.5000000000000000       -3.5000000000000000       -1.5687029499445286E-005
          48  -4.3333333333333330       -3.5000000000000000       -2.4780476796444347E-005
          49  -4.1666666666666661       -3.5000000000000000       -3.6292277615452705E-005
          50  -4.0000000000000000       -3.5000000000000000       -5.0800464229228567E-005
          51  -3.8333333333333330       -3.5000000000000000       -6.8261412539595789E-005
          52  -3.6666666666666665       -3.5000000000000000       -8.8180427511297724E-005
          53  -3.5000000000000000       -3.5000000000000000       -1.0996175823895302E-004
          54  -3.3333333333333330       -3.5000000000000000       -1.3246527440787756E-004
          55  -3.1666666666666665       -3.5000000000000000       -1.5420004473843535E-004
          56  -3.0000000000000000       -3.5000000000000000       -1.7326650568912061E-004
          57  -2.8333333333333330       -3.5000000000000000       -1.8765851044691111E-004
          58  -2.6666666666666665       -3.5000000000000000       -1.9540045223963634E-004
          59  -2.5000000000000000       -3.5000000000000000       -1.9490154410743853E-004
          60  -2.3333333333333330       -3.5000000000000000       -1.8512880617264780E-004
          61  -2.1666666666666665       -3.5000000000000000       -1.6585503694321448E-004
          62  -2.0000000000000000       -3.5000000000000000       -1.3767478930369498E-004
          63  -1.8333333333333333       -3.5000000000000000       -1.0200140501268427E-004
          64  -1.6666666666666665       -3.5000000000000000       -6.0839833442010940E-005
          65  -1.5000000000000000       -3.5000000000000000       -1.6546248272281416E-005
          66  -1.3333333333333333       -3.5000000000000000        2.8538739347305099E-005
          67  -1.1666666666666665       -3.5000000000000000        7.2394522809521910E-005
          68  -1.0000000000000000       -3.5000000000000000        1.1362151657239047E-004
          69 -0.83333333333333326       -3.5000000000000000        1.5163397332547678E-004
          70 -0.66666666666666663       -3.5000000000000000        1.8676926457040818E-004
          71 -0.50000000000000000       -3.5000000000000000        2.2037065924615404E-004
          72 -0.33333333333333331       -3.5000000000000000        2.5478673785777554E-004
          73 -0.16666666666666666       -3.5000000000000000        2.9370560013840269E-004
          74   0.0000000000000000       -3.5000000000000000        3.4257669236861880E-004
          75  0.16666666666666666       -3.5000000000000000        4.1076743772788603E-004
          76  0.33333333333333331       -3.5000000000000000        5.0764491214729077E-004
          77  0.50000000000000000       -3.5000000000000000        6.2991249953033501E-004
          78  0.66666666666666663       -3.5000000000000000        7.7233782769092925E-004
          79  0.83333333333333326       -3.5000000000000000        9.2994143812343206E-004
          80   1.0000000000000000       -3.5000000000000000        1.0958237633669607E-003
          81   1.1666666666666665       -3.5000000000000000        1.2612083677288493E-003
          82   1.3333333333333333       -3.5000000000000000        1.4158633241012917E-003
          83   1.5000000000000000       -3.5000000000000000        1.5490481314605778E-003
          84   1.6666666666666665       -3.5000000000000000        1.6507106471899877E-003
          85   1.8333333333333333       -3.5000000000000000        1.7126250202718777E-003
          86   2.0000000000000000       -3.5000000000000000        1.7295339215083376E-003
          87   2.1666666666666665       -3.5000000000000000        1.6997227816910284E-003
          88   2.3333333333333330       -3.5000000000000000        1.6253934897752086E-003
          89   2.5000000000000000       -3.5000000000000000        1.5121890625261118E-003
          90   2.6666666666666665       -3.5000000000000000        1.3686425435999116E-003
          91   2.8333333333333330       -3.5000000000000000        1.2048393209902046E-003
          92   3.0000000000000000       -3.5000000000000000        1.0314741989245319E-003
          93   3.1666666666666665       -3.5000000000000000        8.5833778325156574E-004
          94   3.3333333333333330       -3.5000000000000000        6.9377738265947390E-004
          95   3.5000000000000000       -3.5000000000000000        5.4367430640100999E-004
          96   3.6666666666666665       -3.5000000000000000        4.1202793908102055E-004
          97   3.8333333333333330       -3.5000000000000000        3.0159864048216311E-004
          98   4.0000000000000000       -3.5000000000000000        2.1487271416906572E-004
          99   4.1666666666666661       -3.5000000000000000        1.4693275594863635E-004
         100   4.3333333333333330       -3.5000000000000000        9.3403698884055039E-005
         101   4.5000000000000000       -3.5000000000000000        4.4590180750107994E-005

         102  -5.0000000000000000       -3.0000000000000000       -1.1620583420078423E-005
         103  -4.8333333333333330       -3.0000000000000000       -2.7850443212964220E-005
         104  -4.6666666666666661       -3.0000000000000000       -4.9122301755497361E-005
         105  -4.5000000000000000       -3.0000000000000000       -7.7894804002305647E-005
         106  -4.3333333333333330       -3.0000000000000000       -1.1585112626109100E-004
         107  -4.1666666666666661       -3.0000000000000000       -1.6497029676611471E-004
         108  -4.0000000000000000       -3.0000000000000000       -2.2637477424500814E-004
         109  -3.8333333333333330       -3.0000000000000000       -3.0044579179552773E-004
         110  -3.6666666666666665       -3.0000000000000000       -3.8597072426954139E-004
         111  -3.5000000000000000       -3.0000000000000000       -4.8001153178234811E-004
         112  -3.3333333333333330       -3.0000000000000000       -5.7760744080950018E-004
         113  -3.1666666666666665       -3.0000000000000000       -6.7199056631195482E-004
         114  -3.0000000000000000       -3.0000000000000000       -7.5491545974754168E-004
         115  -2.8333333333333330       -3.0000000000000000       -8.1749842981535274E-004
         116  -2.6666666666666665       -3.0000000000000000       -8.5118737017500208E-004
         117  -2.5000000000000000       -3.0000000000000000       -8.4896430288854184E-004
         118  -2.3333333333333330       -3.0000000000000000       -8.0638334980847757E-004
         119  -2.1666666666666665       -3.0000000000000000       -7.2238925341917902E-004
         120  -2.0000000000000000       -3.0000000000000000       -5.9961586606671353E-004
         121  -1.8333333333333333       -3.0000000000000000       -4.4416166657917439E-004
         122  -1.6666666666666665       -3.0000000000000000       -2.6478486731053188E-004
         123  -1.5000000000000000       -3.0000000000000000       -7.1682538975543513E-005
         124  -1.3333333333333333       -3.0000000000000000        1.2497072915436353E-004
         125  -1.1666666666666665       -3.0000000000000000        3.1648882048986032E-004
         126  -1.0000000000000000       -3.0000000000000000        4.9692664624535168E-004
         127 -0.83333333333333326       -3.0000000000000000        6.6402494948717469E-004
         128 -0.66666666666666663       -3.0000000000000000        8.1978550488106660E-004
         129 -0.50000000000000000       -3.0000000000000000        9.7085372235329885E-004
         130 -0.33333333333333331       -3.0000000000000000        1.1288567999018359E-003
         131 -0.16666666666666666       -3.0000000000000000        1.3110713650727592E-003
         132   0.0000000000000000       -3.0000000000000000        1.5415173184268071E-003
         133  0.16666666666666666       -3.0000000000000000        1.8501878400529954E-003
         134  0.33333333333333331       -3.0000000000000000        2.2606604017590087E-003
         135  0.50000000000000000       -3.0000000000000000        2.7756495188490161E-003
         136  0.66666666666666663       -3.0000000000000000        3.3832524851937894E-003
         137  0.83333333333333326       -3.0000000000000000        4.0615991698081466E-003
         138   1.0000000000000000       -3.0000000000000000        4.7793980002767108E-003
         139   1.1666666666666665       -3.0000000000000000        5.4970723436715482E-003
         140   1.3333333333333333       -3.0000000000000000        6.1691841858834938E-003
         141   1.5000000000000000       -3.0000000000000000        6.7484950445396421E-003
         142   1.6666666666666665       -3.0000000000000000        7.1908290675449429E-003
         143   1.8333333333333333       -3.0000000000000000        7.4603259789439479E-003
         144   2.0000000000000000       -3.0000000000000000        7.5338453556570307E-003
         145   2.1666666666666665       -3.0000000000000000        7.4040801755766890E-003
         146   2.3333333333333330       -3.0000000000000000        7.0804081335761101E-003
         147   2.5000000000000000       -3.0000000000000000        6.5877246166536401E-003
         148   2.6666666666666665       -3.0000000000000000        5.9630129655669191E-003
         149   2.8333333333333330       -3.0000000000000000        5.2507789438748145E-003
         150   3.0000000000000000       -3.0000000000000000        4.4975910109147825E-003
         151   3.1666666666666665       -3.0000000000000000        3.7472524131052258E-003
         152   3.3333333333333330       -3.0000000000000000        3.0365960017320190E-003
         153   3.5000000000000000       -3.0000000000000000        2.3931909745350342E-003
         154   3.6666666666666665       -3.0000000000000000        1.8341166258393641E-003
         155   3.8333333333333330       -3.0000000000000000        1.3664890441552405E-003
         156   4.0000000000000000       -3.0000000000000000        9.8853049087216111E-004
         157   4.1666666666666661       -3.0000000000000000        6.9333111523398321E-004
         158   4.3333333333333330       -3.0000000000000000        4.6948480450618351E-004
         159   4.5000000000000000       -3.0000000000000000        3.0432649850091524E-004
         160   4.6666666666666661       -3.0000000000000000        1.8549245439755706E-004
         161   4.8333333333333330       -3.0000000000000000        1.0349603074662278E-004
         162   5.0000000000000000       -3.0000000000000000        4.2860889853531904E-005

         163  -5.0000000000000000       -2.5000000000000000       -4.0231886819068566E-005
         164  -4.8333333333333330       -2.5000000000000000       -9.5301814507504643E-005
         165  -4.6666666666666661       -2.5000000000000000       -1.6504163409289337E-004
         166  -4.5000000000000000       -2.5000000000000000       -2.5889605777459272E-004
         167  -4.3333333333333330       -2.5000000000000000       -3.8319747583089698E-004
         168  -4.1666666666666661       -2.5000000000000000       -5.4456814203006256E-004
         169  -4.0000000000000000       -2.5000000000000000       -7.4680378487898774E-004
         170  -3.8333333333333330       -2.5000000000000000       -9.9088340351514764E-004
         171  -3.6666666666666665       -2.5000000000000000       -1.2726970642447386E-003
         172  -3.5000000000000000       -2.5000000000000000       -1.5825817313912117E-003
         173  -3.3333333333333330       -2.5000000000000000       -1.9042001731178601E-003
         174  -3.1666666666666665       -2.5000000000000000       -2.2152479727918705E-003
         175  -3.0000000000000000       -2.5000000000000000       -2.4885447912081607E-003
         176  -2.8333333333333330       -2.5000000000000000       -2.6948004626817100E-003
         177  -2.6666666666666665       -2.5000000000000000       -2.8058225800124672E-003
         178  -2.5000000000000000       -2.5000000000000000       -2.7984699194792493E-003
         179  -2.3333333333333330       -2.5000000000000000       -2.6580876510124483E-003
         180  -2.1666666666666665       -2.5000000000000000       -2.3811888709375163E-003
         181  -2.0000000000000000       -2.5000000000000000       -1.9764567053662777E-003
         182  -1.8333333333333333       -2.5000000000000000       -1.4639821692937372E-003
         183  -1.6666666666666665       -2.5000000000000000       -8.7263464839366564E-004
         184  -1.5000000000000000       -2.5000000000000000       -2.3600829410924825E-004
         185  -1.3333333333333333       -2.5000000000000000        4.1236380174374166E-004
         186  -1.1666666666666665       -2.5000000000000000        1.0438805258012724E-003
         187  -1.0000000000000000       -2.5000000000000000        1.6389562905212999E-003
         188 -0.83333333333333326       -2.5000000000000000        2.1901834178843782E-003
         189 -0.66666666666666663       -2.5000000000000000        2.7041454199362189E-003
         190 -0.50000000000000000       -2.5000000000000000        3.2027238623782359E-003
         191 -0.33333333333333331       -2.5000000000000000        3.7240256943351199E-003
         192 -0.16666666666666666       -2.5000000000000000        4.3246655938318466E-003
         193   0.0000000000000000       -2.5000000000000000        5.0832104302008917E-003
         194  0.16666666666666666       -2.5000000000000000        6.0995032037297623E-003
         195  0.33333333333333331       -2.5000000000000000        7.4537540756277844E-003
         196  0.50000000000000000       -2.5000000000000000        9.1524090223606518E-003
         197  0.66666666666666663       -2.5000000000000000        1.1155255535260587E-002
         198  0.83333333333333326       -2.5000000000000000        1.3390824123705090E-002
         199   1.0000000000000000       -2.5000000000000000        1.5756305871057218E-002
         200   1.1666666666666665       -2.5000000000000000        1.8121471360397393E-002
         201   1.3333333333333333       -2.5000000000000000        2.0336560689045761E-002
         202   1.5000000000000000       -2.5000000000000000        2.2245882896869143E-002
         203   1.6666666666666665       -2.5000000000000000        2.3703772467854260E-002
         204   1.8333333333333333       -2.5000000000000000        2.4592024057743925E-002
         205   2.0000000000000000       -2.5000000000000000        2.4834320787512677E-002
         206   2.1666666666666665       -2.5000000000000000        2.4406593979273722E-002
         207   2.3333333333333330       -2.5000000000000000        2.3339732618277910E-002
         208   2.5000000000000000       -2.5000000000000000        2.1715839031193715E-002
         209   2.6666666666666665       -2.5000000000000000        1.9656811327745643E-002
         210   2.8333333333333330       -2.5000000000000000        1.7309414822066736E-002
         211   3.0000000000000000       -2.5000000000000000        1.4827133107434083E-002
         212   3.1666666666666665       -2.5000000000000000        1.2354395737485185E-002
         213   3.3333333333333330       -2.5000000000000000        1.0012465771644361E-002
         214   3.5000000000000000       -2.5000000000000000        7.8920844437643297E-003
         215   3.6666666666666665       -2.5000000000000000        6.0491465248343809E-003
         216   3.8333333333333330       -2.5000000000000000        4.5079128265350802E-003
         217   4.0000000000000000       -2.5000000000000000        3.2643982334948055E-003
         218   4.1666666666666661       -2.5000000000000000        2.2952108495845635E-003
         219   4.3333333333333330       -2.5000000000000000        1.5627025373865649E-003
         220   4.5000000000000000       -2.5000000000000000        1.0254733775074817E-003
         221   4.6666666666666661       -2.5000000000000000        6.3783054056817858E-004
         222   4.8333333333333330       -2.5000000000000000        3.6109787922287777E-004
         223   5.0000000000000000       -2.5000000000000000        1.5056337408982242E-004

         224  -5.0000000000000000       -2.0000000000000000       -9.9088666919772971E-005
         225  -4.8333333333333330       -2.0000000000000000       -2.3476787965711981E-004
         226  -4.6666666666666661       -2.0000000000000000       -4.0678614676720393E-004
         227  -4.5000000000000000       -2.0000000000000000       -6.3822480983637478E-004
         228  -4.3333333333333330       -2.0000000000000000       -9.4461067549468723E-004
         229  -4.1666666666666661       -2.0000000000000000       -1.3422766076533186E-003
         230  -4.0000000000000000       -2.0000000000000000       -1.8405417021157126E-003
         231  -3.8333333333333330       -2.0000000000000000       -2.4419089034454881E-003
         232  -3.6666666666666665       -2.0000000000000000       -3.1362855043854275E-003
         233  -3.5000000000000000       -2.0000000000000000       -3.8998521549307779E-003
         234  -3.3333333333333330       -2.0000000000000000       -4.6923435269035207E-003
         235  -3.1666666666666665       -2.0000000000000000       -5.4587938999873910E-003
         236  -3.0000000000000000       -2.0000000000000000       -6.1322233101398322E-003
         237  -2.8333333333333330       -2.0000000000000000       -6.6404553067366413E-003
         238  -2.6666666666666665       -2.0000000000000000       -6.9140169605927948E-003
         239  -2.5000000000000000       -2.0000000000000000       -6.8958844574018652E-003
         240  -2.3333333333333330       -2.0000000000000000       -6.5499434983454057E-003
         241  -2.1666666666666665       -2.0000000000000000       -5.8676018702054321E-003
         242  -2.0000000000000000       -2.0000000000000000       -4.8702532715659335E-003
         243  -1.8333333333333333       -2.0000000000000000       -3.6074053028017487E-003
         244  -1.6666666666666665       -2.0000000000000000       -2.1501929737030782E-003
         245  -1.5000000000000000       -2.0000000000000000       -5.8139777205497485E-004
         246  -1.3333333333333333       -2.0000000000000000        1.0163543847000486E-003
         247  -1.1666666666666665       -2.0000000000000000        2.5725851716069293E-003
         248  -1.0000000000000000       -2.0000000000000000        4.0390389777528899E-003
         249 -0.83333333333333326       -2.0000000000000000        5.3974604507481668E-003
         250 -0.66666666666666663       -2.0000000000000000        6.6640844638883858E-003
         251 -0.50000000000000000       -2.0000000000000000        7.8928374198635239E-003
         252 -0.33333333333333331       -2.0000000000000000        9.1776726038302892E-003
         253 -0.16666666666666666       -2.0000000000000000        1.0658159152370573E-002
         254   0.0000000000000000       -2.0000000000000000        1.2528020559481766E-002
         255  0.16666666666666666       -2.0000000000000000        1.5032862818994406E-002
         256  0.33333333333333331       -2.0000000000000000        1.8369436058500725E-002
         257  0.50000000000000000       -2.0000000000000000        2.2554518110987760E-002
         258  0.66666666666666663       -2.0000000000000000        2.7489446174436768E-002
         259  0.83333333333333326       -2.0000000000000000        3.2997988981691685E-002
         260   1.0000000000000000       -2.0000000000000000        3.8826749420671790E-002
         261   1.1666666666666665       -2.0000000000000000        4.4654769957634531E-002
         262   1.3333333333333333       -2.0000000000000000        5.0113012531775469E-002
         263   1.5000000000000000       -2.0000000000000000        5.4817816823481920E-002
         264   1.6666666666666665       -2.0000000000000000        5.8410242581004704E-002
         265   1.8333333333333333       -2.0000000000000000        6.0599005653713761E-002
         266   2.0000000000000000       -2.0000000000000000        6.1196052375679738E-002
         267   2.1666666666666665       -2.0000000000000000        6.0142068648855733E-002
         268   2.3333333333333330       -2.0000000000000000        5.7513175219728256E-002
         269   2.5000000000000000       -2.0000000000000000        5.3511682508760261E-002
         270   2.6666666666666665       -2.0000000000000000        4.8437975504355059E-002
         271   2.8333333333333330       -2.0000000000000000        4.2653706265871165E-002
         272   3.0000000000000000       -2.0000000000000000        3.6537098056022413E-002
         273   3.1666666666666665       -2.0000000000000000        3.0444055222385691E-002
         274   3.3333333333333330       -2.0000000000000000        2.4673435299373089E-002
         275   3.5000000000000000       -2.0000000000000000        1.9448886938933034E-002
         276   3.6666666666666665       -2.0000000000000000        1.4908245720295858E-002
         277   3.8333333333333330       -2.0000000000000000        1.1111025846755260E-002
         278   4.0000000000000000       -2.0000000000000000        8.0467917393612851E-003
         279   4.1666666666666661       -2.0000000000000000        5.6582704288781248E-003
         280   4.3333333333333330       -2.0000000000000000        3.8527560566626933E-003
         281   4.5000000000000000       -2.0000000000000000        2.5279684417512014E-003
         282   4.6666666666666661       -2.0000000000000000        1.5717313738572440E-003
         283   4.8333333333333330       -2.0000000000000000        8.8983712973289076E-004
         284   5.0000000000000000       -2.0000000000000000        3.7111350954497946E-004

         285  -5.0000000000000000       -1.5000000000000000       -1.7834114002795629E-004
         286  -4.8333333333333330       -1.5000000000000000       -4.2250387742588224E-004
         287  -4.6666666666666661       -1.5000000000000000       -7.3196213894299834E-004
         288  -4.5000000000000000       -1.5000000000000000       -1.1483095987120152E-003
         289  -4.3333333333333330       -1.5000000000000000       -1.6995117504048005E-003
         290  -4.1666666666666661       -1.5000000000000000       -2.4149583299274686E-003
         291  -4.0000000000000000       -1.5000000000000000       -3.3114362534061945E-003
         292  -3.8333333333333330       -1.5000000000000000       -4.3934143384988123E-003
         293  -3.6666666666666665       -1.5000000000000000       -5.6427202571571822E-003
         294  -3.5000000000000000       -1.5000000000000000       -7.0165032578067502E-003
         295  -3.3333333333333330       -1.5000000000000000       -8.4423227178383881E-003
         296  -3.1666666666666665       -1.5000000000000000       -9.8212881552920111E-003
         297  -3.0000000000000000       -1.5000000000000000       -1.1032892614573287E-002
         298  -2.8333333333333330       -1.5000000000000000       -1.1947278798437471E-002
         299  -2.6666666666666665       -1.5000000000000000       -1.2439453808109206E-002
         300  -2.5000000000000000       -1.5000000000000000       -1.2406821885936503E-002
         301  -2.3333333333333330       -1.5000000000000000       -1.1784407734116082E-002
         302  -2.1666666666666665       -1.5000000000000000       -1.0556751802964798E-002
         303  -2.0000000000000000       -1.5000000000000000       -8.7623452802373346E-003
         304  -1.8333333333333333       -1.5000000000000000       -6.4902596233002291E-003
         305  -1.6666666666666665       -1.5000000000000000       -3.8684791331766578E-003
         306  -1.5000000000000000       -1.5000000000000000       -1.0459404374453343E-003
         307  -1.3333333333333333       -1.5000000000000000        1.8286974670227109E-003
         308  -1.1666666666666665       -1.5000000000000000        4.6286331199657700E-003
         309  -1.0000000000000000       -1.5000000000000000        7.2670437257427003E-003
         310 -0.83333333333333326       -1.5000000000000000        9.7110841260478163E-003
         311 -0.66666666666666663       -1.5000000000000000        1.1989955228139801E-002
         312 -0.50000000000000000       -1.5000000000000000        1.4200671441796507E-002
         313 -0.33333333333333331       -1.5000000000000000        1.6512241643888738E-002
         314 -0.16666666666666666       -1.5000000000000000        1.9175741787111764E-002
         315   0.0000000000000000       -1.5000000000000000        2.2539659937354243E-002
         316  0.16666666666666666       -1.5000000000000000        2.7046066185795584E-002
         317  0.33333333333333331       -1.5000000000000000        3.3049329082665981E-002
         318  0.50000000000000000       -1.5000000000000000        4.0579252684425637E-002
         319  0.66666666666666663       -1.5000000000000000        4.9458140923376262E-002
         320  0.83333333333333326       -1.5000000000000000        5.9368977384824877E-002
         321   1.0000000000000000       -1.5000000000000000        6.9855891324274250E-002
         322   1.1666666666666665       -1.5000000000000000        8.0341456824461754E-002
         323   1.3333333333333333       -1.5000000000000000        9.0161721898923006E-002
         324   1.5000000000000000       -1.5000000000000000        9.8626427644047179E-002
         325   1.6666666666666665       -1.5000000000000000       0.10508978197701477     
         326   1.8333333333333333       -1.5000000000000000       0.10902772068889456     
         327   2.0000000000000000       -1.5000000000000000       0.11010190301928142     
         328   2.1666666666666665       -1.5000000000000000       0.10820561563597042     
         329   2.3333333333333330       -1.5000000000000000       0.10347581028601115     
         330   2.5000000000000000       -1.5000000000000000        9.6276478677442434E-002
         331   2.6666666666666665       -1.5000000000000000        8.7148059634067701E-002
         332   2.8333333333333330       -1.5000000000000000        7.6741225657276924E-002
         333   3.0000000000000000       -1.5000000000000000        6.5736455422207074E-002
         334   3.1666666666666665       -1.5000000000000000        5.4774074992981314E-002
         335   3.3333333333333330       -1.5000000000000000        4.4391755624056423E-002
         336   3.5000000000000000       -1.5000000000000000        3.4991855179306440E-002
         337   3.6666666666666665       -1.5000000000000000        2.6822318179477091E-002
         338   3.8333333333333330       -1.5000000000000000        1.9990335183256287E-002
         339   4.0000000000000000       -1.5000000000000000        1.4477386295765820E-002
         340   4.1666666666666661       -1.5000000000000000        1.0180255068413850E-002
         341   4.3333333333333330       -1.5000000000000000        6.9320804126372908E-003
         342   4.5000000000000000       -1.5000000000000000        4.5488966517686349E-003
         343   4.6666666666666661       -1.5000000000000000        2.8286972068521112E-003
         344   4.8333333333333330       -1.5000000000000000        1.6016152877349797E-003
         345   5.0000000000000000       -1.5000000000000000        6.6798339286377008E-004

         346  -5.0000000000000000       -1.0000000000000000       -2.2210383403307044E-004
         347  -4.8333333333333330       -1.0000000000000000       -5.2619362504526901E-004
         348  -4.6666666666666661       -1.0000000000000000       -9.1164158464309992E-004
         349  -4.5000000000000000       -1.0000000000000000       -1.4302259220774925E-003
         350  -4.3333333333333330       -1.0000000000000000       -2.1167648604565781E-003
         351  -4.1666666666666661       -1.0000000000000000       -3.0078608214761842E-003
         352  -4.0000000000000000       -1.0000000000000000       -4.1244128298051665E-003
         353  -3.8333333333333330       -1.0000000000000000       -5.4720021407335681E-003
         354  -3.6666666666666665       -1.0000000000000000       -7.0280016533115003E-003
         355  -3.5000000000000000       -1.0000000000000000       -8.7390393300482653E-003
         356  -3.3333333333333330       -1.0000000000000000       -1.0514889275048333E-002
         357  -3.1666666666666665       -1.0000000000000000       -1.2232382941137251E-002
         358  -3.0000000000000000       -1.0000000000000000       -1.3741428874888859E-002
         359  -2.8333333333333330       -1.0000000000000000       -1.4880290217779413E-002
         360  -2.6666666666666665       -1.0000000000000000       -1.5493288548983753E-002
         361  -2.5000000000000000       -1.0000000000000000       -1.5452641371980973E-002
         362  -2.3333333333333330       -1.0000000000000000       -1.4677421999581818E-002
         363  -2.1666666666666665       -1.0000000000000000       -1.3148375879163929E-002
         364  -2.0000000000000000       -1.0000000000000000       -1.0913443445731799E-002
         365  -1.8333333333333333       -1.0000000000000000       -8.0835632595080576E-003
         366  -1.6666666666666665       -1.0000000000000000       -4.8181390719440444E-003
         367  -1.5000000000000000       -1.0000000000000000       -1.3026714410250750E-003
         368  -1.3333333333333333       -1.0000000000000000        2.2776857407758389E-003
         369  -1.1666666666666665       -1.0000000000000000        5.7650010946569416E-003
         370  -1.0000000000000000       -1.0000000000000000        9.0511379934596330E-003
         371 -0.83333333333333326       -1.0000000000000000        1.2095187737409344E-002
         372 -0.66666666666666663       -1.0000000000000000        1.4933523051691782E-002
         373 -0.50000000000000000       -1.0000000000000000        1.7686978198831659E-002
         374 -0.33333333333333331       -1.0000000000000000        2.0566065471652299E-002
         375 -0.16666666666666666       -1.0000000000000000        2.3883513092336706E-002
         376   0.0000000000000000       -1.0000000000000000        2.8073384335362692E-002
         377  0.16666666666666666       -1.0000000000000000        3.3686194153986437E-002
         378  0.33333333333333331       -1.0000000000000000        4.1163138945711629E-002
         379  0.50000000000000000       -1.0000000000000000        5.0541506918557820E-002
         380  0.66666666666666663       -1.0000000000000000        6.1600060655220466E-002
         381  0.83333333333333326       -1.0000000000000000        7.3943935121868518E-002
         382   1.0000000000000000       -1.0000000000000000        8.7005331249106269E-002
         383   1.1666666666666665       -1.0000000000000000       0.10006505492825858     
         384   1.3333333333333333       -1.0000000000000000       0.11229615359588606     
         385   1.5000000000000000       -1.0000000000000000       0.12283890925826423     
         386   1.6666666666666665       -1.0000000000000000       0.13088899081203223     
         387   1.8333333333333333       -1.0000000000000000       0.13579367721097177     
         388   2.0000000000000000       -1.0000000000000000       0.13713156725065909     
         389   2.1666666666666665       -1.0000000000000000       0.13476974909961315     
         390   2.3333333333333330       -1.0000000000000000       0.12887879652979845     
         391   2.5000000000000000       -1.0000000000000000       0.11991205895903335     
         392   2.6666666666666665       -1.0000000000000000       0.10854265195988957     
         393   2.8333333333333330       -1.0000000000000000        9.5580984944934236E-002
         394   3.0000000000000000       -1.0000000000000000        8.1874594026912190E-002
         395   3.1666666666666665       -1.0000000000000000        6.8221004307128449E-002
         396   3.3333333333333330       -1.0000000000000000        5.5289892285064479E-002
         397   3.5000000000000000       -1.0000000000000000        4.3582402303256045E-002
         398   3.6666666666666665       -1.0000000000000000        3.3407365704847480E-002
         399   3.8333333333333330       -1.0000000000000000        2.4898235080182650E-002
         400   4.0000000000000000       -1.0000000000000000        1.8031829181338391E-002
         401   4.1666666666666661       -1.0000000000000000        1.2679667653906197E-002
         402   4.3333333333333330       -1.0000000000000000        8.6339557843177726E-003
         403   4.5000000000000000       -1.0000000000000000        5.6655452935256171E-003
         404   4.6666666666666661       -1.0000000000000000        3.5229118270649487E-003
         405   4.8333333333333330       -1.0000000000000000        1.9946367410837895E-003
         406   5.0000000000000000       -1.0000000000000000        8.3189738518017232E-004

         407  -5.0000000000000000      -0.50000000000000000       -1.6158749425860934E-004
         408  -4.8333333333333330      -0.50000000000000000       -3.8281765119974992E-004
         409  -4.6666666666666661      -0.50000000000000000       -6.6322387994375881E-004
         410  -4.5000000000000000      -0.50000000000000000       -1.0404839219862112E-003
         411  -4.3333333333333330      -0.50000000000000000       -1.5399323562073710E-003
         412  -4.1666666666666661      -0.50000000000000000       -2.1881982837361155E-003
         413  -4.0000000000000000      -0.50000000000000000       -3.0004889946097131E-003
         414  -3.8333333333333330      -0.50000000000000000       -3.9808591493475281E-003
         415  -3.6666666666666665      -0.50000000000000000       -5.1128451654179974E-003
         416  -3.5000000000000000      -0.50000000000000000       -6.3576196350662020E-003
         417  -3.3333333333333330      -0.50000000000000000       -7.6495440333832643E-003
         418  -3.1666666666666665      -0.50000000000000000       -8.8990139890733188E-003
         419  -3.0000000000000000      -0.50000000000000000       -9.9968386892249437E-003
         420  -2.8333333333333330      -0.50000000000000000       -1.0825355189351852E-002
         421  -2.6666666666666665      -0.50000000000000000       -1.1271308095846738E-002
         422  -2.5000000000000000      -0.50000000000000000       -1.1241736077991999E-002
         423  -2.3333333333333330      -0.50000000000000000       -1.0677765370594785E-002
         424  -2.1666666666666665      -0.50000000000000000       -9.5653883149980808E-003
         425  -2.0000000000000000      -0.50000000000000000       -7.9394815464775090E-003
         426  -1.8333333333333333      -0.50000000000000000       -5.8807524128404063E-003
         427  -1.6666666666666665      -0.50000000000000000       -3.5051667545532212E-003
         428  -1.5000000000000000      -0.50000000000000000       -9.4767548130722588E-004
         429  -1.3333333333333333      -0.50000000000000000        1.6570223614033616E-003
         430  -1.1666666666666665      -0.50000000000000000        4.1940323575093679E-003
         431  -1.0000000000000000      -0.50000000000000000        6.5846850536564801E-003
         432 -0.83333333333333326      -0.50000000000000000        8.7992194575678903E-003
         433 -0.66666666666666663      -0.50000000000000000        1.0864095351771810E-002
         434 -0.50000000000000000      -0.50000000000000000        1.2867217996137352E-002
         435 -0.33333333333333331      -0.50000000000000000        1.4961729788663537E-002
         436 -0.16666666666666666      -0.50000000000000000        1.7375134383888147E-002
         437   0.0000000000000000      -0.50000000000000000        2.0423203405643894E-002
         438  0.16666666666666666      -0.50000000000000000        2.4506465424928896E-002
         439  0.33333333333333331      -0.50000000000000000        2.9945951572056623E-002
         440  0.50000000000000000      -0.50000000000000000        3.6768726722971441E-002
         441  0.66666666666666663      -0.50000000000000000        4.4813810308835515E-002
         442  0.83333333333333326      -0.50000000000000000        5.3793947254705453E-002
         443   1.0000000000000000      -0.50000000000000000        6.3296070838683938E-002
         444   1.1666666666666665      -0.50000000000000000        7.2796974636703538E-002
         445   1.3333333333333333      -0.50000000000000000        8.1695054942969914E-002
         446   1.5000000000000000      -0.50000000000000000        8.9364871442032284E-002
         447   1.6666666666666665      -0.50000000000000000        9.5221276231921725E-002
         448   1.8333333333333333      -0.50000000000000000        9.8789417711460673E-002
         449   2.0000000000000000      -0.50000000000000000        9.9762727833766343E-002
         450   2.1666666666666665      -0.50000000000000000        9.8044514082691631E-002
         451   2.3333333333333330      -0.50000000000000000        9.3758867921819686E-002
         452   2.5000000000000000      -0.50000000000000000        8.7235599642176226E-002
         453   2.6666666666666665      -0.50000000000000000        7.8964397825893332E-002
         454   2.8333333333333330      -0.50000000000000000        6.9534832421541459E-002
         455   3.0000000000000000      -0.50000000000000000        5.9563481680776617E-002
         456   3.1666666666666665      -0.50000000000000000        4.9630541394166026E-002
         457   3.3333333333333330      -0.50000000000000000        4.0223195168225430E-002
         458   3.5000000000000000      -0.50000000000000000        3.1706020078150751E-002
         459   3.6666666666666665      -0.50000000000000000        2.4303683354576222E-002
         460   3.8333333333333330      -0.50000000000000000        1.8113290932879791E-002
         461   4.0000000000000000      -0.50000000000000000        1.3118020936216593E-002
         462   4.1666666666666661      -0.50000000000000000        9.2243763989041487E-003
         463   4.3333333333333330      -0.50000000000000000        6.2811758199256169E-003
         464   4.5000000000000000      -0.50000000000000000        4.1217213144904242E-003
         465   4.6666666666666661      -0.50000000000000000        2.5630036519808902E-003
         466   4.8333333333333330      -0.50000000000000000        1.4511646238156786E-003
         467   5.0000000000000000      -0.50000000000000000        6.0523477492236116E-004

         468  -5.0000000000000000        0.0000000000000000       -1.6991193642094525E-016
         469  -4.8333333333333330        0.0000000000000000       -3.8817837156426407E-016
         470  -4.6666666666666661        0.0000000000000000       -5.9735203044153863E-016
         471  -4.5000000000000000        0.0000000000000000       -7.7584475389812415E-016
         472  -4.3333333333333330        0.0000000000000000       -9.0770051246800345E-016
         473  -4.1666666666666661        0.0000000000000000       -1.0971844545621690E-015
         474  -4.0000000000000000        0.0000000000000000       -1.2738697023535424E-015
         475  -3.8333333333333330        0.0000000000000000       -1.5222613150793943E-015
         476  -3.6666666666666665        0.0000000000000000       -1.7267984090748080E-015
         477  -3.5000000000000000        0.0000000000000000       -1.9005044881350942E-015
         478  -3.3333333333333330        0.0000000000000000       -1.8413768255107769E-015
         479  -3.1666666666666665        0.0000000000000000       -1.7300703666555146E-015
         480  -3.0000000000000000        0.0000000000000000       -1.7337804040517129E-015
         481  -2.8333333333333330        0.0000000000000000       -1.5789469105792447E-015
         482  -2.6666666666666665        0.0000000000000000       -1.2427145616584696E-015
         483  -2.5000000000000000        0.0000000000000000       -7.3288489800179175E-016
         484  -2.3333333333333330        0.0000000000000000       -2.1123995852897386E-016
         485  -2.1666666666666665        0.0000000000000000        4.1077016301818985E-016
         486  -2.0000000000000000        0.0000000000000000        1.0015704027117032E-015
         487  -1.8333333333333333        0.0000000000000000        1.3298650470650806E-015
         488  -1.6666666666666665        0.0000000000000000        1.5175906232070014E-015
         489  -1.5000000000000000        0.0000000000000000        1.5530221106523223E-015
         490  -1.3333333333333333        0.0000000000000000        1.4013563417315728E-015
         491  -1.1666666666666665        0.0000000000000000        9.0807154433176411E-016
         492  -1.0000000000000000        0.0000000000000000        3.5561591044274660E-016
         493 -0.83333333333333326        0.0000000000000000       -1.4216639367896599E-016
         494 -0.66666666666666663        0.0000000000000000       -7.7436384665720618E-016
         495 -0.50000000000000000        0.0000000000000000       -1.2482695956324654E-015
         496 -0.33333333333333331        0.0000000000000000       -1.8026610902352081E-015
         497 -0.16666666666666666        0.0000000000000000       -2.3422325655205446E-015
         498   0.0000000000000000        0.0000000000000000       -2.8647489860908014E-015
         499  0.16666666666666666        0.0000000000000000       -3.2553069246668090E-015
         500  0.33333333333333331        0.0000000000000000       -3.8160172982909586E-015
         501  0.50000000000000000        0.0000000000000000       -4.3758021163666655E-015
         502  0.66666666666666663        0.0000000000000000       -4.9758959750876734E-015
         503  0.83333333333333326        0.0000000000000000       -5.4231577336067872E-015
         504   1.0000000000000000        0.0000000000000000       -5.5188266506929224E-015
         505   1.1666666666666665        0.0000000000000000       -5.4197511126767182E-015
         506   1.3333333333333333        0.0000000000000000       -5.1624352087950706E-015
         507   1.5000000000000000        0.0000000000000000       -4.6107470860179390E-015
         508   1.6666666666666665        0.0000000000000000       -3.7328765543600861E-015
         509   1.8333333333333333        0.0000000000000000       -2.5253841571298472E-015
         510   2.0000000000000000        0.0000000000000000       -1.3606639855904146E-015
         511   2.1666666666666665        0.0000000000000000       -1.8112947250130038E-016
         512   2.3333333333333330        0.0000000000000000        8.8276630268364388E-016
         513   2.5000000000000000        0.0000000000000000        1.9962392868482968E-015
         514   2.6666666666666665        0.0000000000000000        2.7528069977534697E-015
         515   2.8333333333333330        0.0000000000000000        3.2649117885977502E-015
         516   3.0000000000000000        0.0000000000000000        3.6714196288857972E-015
         517   3.1666666666666665        0.0000000000000000        3.8708048319223550E-015
         518   3.3333333333333330        0.0000000000000000        4.0163645851718096E-015
         519   3.5000000000000000        0.0000000000000000        3.8700520313904828E-015
         520   3.6666666666666665        0.0000000000000000        3.3076970109503410E-015
         521   3.8333333333333330        0.0000000000000000        2.7669646240712333E-015
         522   4.0000000000000000        0.0000000000000000        1.9693766957173107E-015
         523   4.1666666666666661        0.0000000000000000        1.4002517644462389E-015
         524   4.3333333333333330        0.0000000000000000        9.7178840664888678E-016
         525   4.5000000000000000        0.0000000000000000        6.4369681197483397E-016
         526   4.6666666666666661        0.0000000000000000        3.5995215664987208E-016
         527   4.8333333333333330        0.0000000000000000        2.6160003771018227E-016
         528   5.0000000000000000        0.0000000000000000        1.0160401077309708E-016

         529  -5.0000000000000000       0.50000000000000000        1.6158749425835718E-004
         530  -4.8333333333333330       0.50000000000000000        3.8281765119920885E-004
         531  -4.6666666666666661       0.50000000000000000        6.6322387994298285E-004
         532  -4.5000000000000000       0.50000000000000000        1.0404839219849732E-003
         533  -4.3333333333333330       0.50000000000000000        1.5399323562056504E-003
         534  -4.1666666666666661       0.50000000000000000        2.1881982837340694E-003
         535  -4.0000000000000000       0.50000000000000000        3.0004889946071318E-003
         536  -3.8333333333333330       0.50000000000000000        3.9808591493446111E-003
         537  -3.6666666666666665       0.50000000000000000        5.1128451654148949E-003
         538  -3.5000000000000000       0.50000000000000000        6.3576196350630231E-003
         539  -3.3333333333333330       0.50000000000000000        7.6495440333799033E-003
         540  -3.1666666666666665       0.50000000000000000        8.8990139890700783E-003
         541  -3.0000000000000000       0.50000000000000000        9.9968386892221543E-003
         542  -2.8333333333333330       0.50000000000000000        1.0825355189349392E-002
         543  -2.6666666666666665       0.50000000000000000        1.1271308095844958E-002
         544  -2.5000000000000000       0.50000000000000000        1.1241736077991324E-002
         545  -2.3333333333333330       0.50000000000000000        1.0677765370595253E-002
         546  -2.1666666666666665       0.50000000000000000        9.5653883149997079E-003
         547  -2.0000000000000000       0.50000000000000000        7.9394815464801788E-003
         548  -1.8333333333333333       0.50000000000000000        5.8807524128437778E-003
         549  -1.6666666666666665       0.50000000000000000        3.5051667545569331E-003
         550  -1.5000000000000000       0.50000000000000000        9.4767548131089309E-004
         551  -1.3333333333333333       0.50000000000000000       -1.6570223614002417E-003
         552  -1.1666666666666665       0.50000000000000000       -4.1940323575070061E-003
         553  -1.0000000000000000       0.50000000000000000       -6.5846850536552771E-003
         554 -0.83333333333333326       0.50000000000000000       -8.7992194575680759E-003
         555 -0.66666666666666663       0.50000000000000000       -1.0864095351772971E-002
         556 -0.50000000000000000       0.50000000000000000       -1.2867217996139409E-002
         557 -0.33333333333333331       0.50000000000000000       -1.4961729788666207E-002
         558 -0.16666666666666666       0.50000000000000000       -1.7375134383891610E-002
         559   0.0000000000000000       0.50000000000000000       -2.0423203405648273E-002
         560  0.16666666666666666       0.50000000000000000       -2.4506465424934287E-002
         561  0.33333333333333331       0.50000000000000000       -2.9945951572063013E-002
         562  0.50000000000000000       0.50000000000000000       -3.6768726722978907E-002
         563  0.66666666666666663       0.50000000000000000       -4.4813810308843835E-002
         564  0.83333333333333326       0.50000000000000000       -5.3793947254714612E-002
         565   1.0000000000000000       0.50000000000000000       -6.3296070838693513E-002
         566   1.1666666666666665       0.50000000000000000       -7.2796974636712988E-002
         567   1.3333333333333333       0.50000000000000000       -8.1695054942978851E-002
         568   1.5000000000000000       0.50000000000000000       -8.9364871442039931E-002
         569   1.6666666666666665       0.50000000000000000       -9.5221276231927415E-002
         570   1.8333333333333333       0.50000000000000000       -9.8789417711464142E-002
         571   2.0000000000000000       0.50000000000000000       -9.9762727833767731E-002
         572   2.1666666666666665       0.50000000000000000       -9.8044514082690978E-002
         573   2.3333333333333330       0.50000000000000000       -9.3758867921817104E-002
         574   2.5000000000000000       0.50000000000000000       -8.7235599642172187E-002
         575   2.6666666666666665       0.50000000000000000       -7.8964397825887975E-002
         576   2.8333333333333330       0.50000000000000000       -6.9534832421535284E-002
         577   3.0000000000000000       0.50000000000000000       -5.9563481680769949E-002
         578   3.1666666666666665       0.50000000000000000       -4.9630541394159025E-002
         579   3.3333333333333330       0.50000000000000000       -4.0223195168218338E-002
         580   3.5000000000000000       0.50000000000000000       -3.1706020078143902E-002
         581   3.6666666666666665       0.50000000000000000       -2.4303683354570036E-002
         582   3.8333333333333330       0.50000000000000000       -1.8113290932874931E-002
         583   4.0000000000000000       0.50000000000000000       -1.3118020936212990E-002
         584   4.1666666666666661       0.50000000000000000       -9.2243763989015241E-003
         585   4.3333333333333330       0.50000000000000000       -6.2811758199236333E-003
         586   4.5000000000000000       0.50000000000000000       -4.1217213144891709E-003
         587   4.6666666666666661       0.50000000000000000       -2.5630036519799890E-003
         588   4.8333333333333330       0.50000000000000000       -1.4511646238151879E-003
         589   5.0000000000000000       0.50000000000000000       -6.0523477492210626E-004

         590  -5.0000000000000000        1.0000000000000000        2.2210383403294752E-004
         591  -4.8333333333333330        1.0000000000000000        5.2619362504503059E-004
         592  -4.6666666666666661        1.0000000000000000        9.1164158464265225E-004
         593  -4.5000000000000000        1.0000000000000000        1.4302259220767112E-003
         594  -4.3333333333333330        1.0000000000000000        2.1167648604554683E-003
         595  -4.1666666666666661        1.0000000000000000        3.0078608214745713E-003
         596  -4.0000000000000000        1.0000000000000000        4.1244128298031897E-003
         597  -3.8333333333333330        1.0000000000000000        5.4720021407314128E-003
         598  -3.6666666666666665        1.0000000000000000        7.0280016533092260E-003
         599  -3.5000000000000000        1.0000000000000000        8.7390393300459147E-003
         600  -3.3333333333333330        1.0000000000000000        1.0514889275046154E-002
         601  -3.1666666666666665        1.0000000000000000        1.2232382941135333E-002
         602  -3.0000000000000000        1.0000000000000000        1.3741428874887241E-002
         603  -2.8333333333333330        1.0000000000000000        1.4880290217778478E-002
         604  -2.6666666666666665        1.0000000000000000        1.5493288548983672E-002
         605  -2.5000000000000000        1.0000000000000000        1.5452641371981789E-002
         606  -2.3333333333333330        1.0000000000000000        1.4677421999583586E-002
         607  -2.1666666666666665        1.0000000000000000        1.3148375879166743E-002
         608  -2.0000000000000000        1.0000000000000000        1.0913443445735381E-002
         609  -1.8333333333333333        1.0000000000000000        8.0835632595121186E-003
         610  -1.6666666666666665        1.0000000000000000        4.8181390719486024E-003
         611  -1.5000000000000000        1.0000000000000000        1.3026714410294795E-003
         612  -1.3333333333333333        1.0000000000000000       -2.2776857407720329E-003
         613  -1.1666666666666665        1.0000000000000000       -5.7650010946540585E-003
         614  -1.0000000000000000        1.0000000000000000       -9.0511379934575999E-003
         615 -0.83333333333333326        1.0000000000000000       -1.2095187737408322E-002
         616 -0.66666666666666663        1.0000000000000000       -1.4933523051691711E-002
         617 -0.50000000000000000        1.0000000000000000       -1.7686978198832387E-002
         618 -0.33333333333333331        1.0000000000000000       -2.0566065471653613E-002
         619 -0.16666666666666666        1.0000000000000000       -2.3883513092338701E-002
         620   0.0000000000000000        1.0000000000000000       -2.8073384335365634E-002
         621  0.16666666666666666        1.0000000000000000       -3.3686194153990212E-002
         622  0.33333333333333331        1.0000000000000000       -4.1163138945716146E-002
         623  0.50000000000000000        1.0000000000000000       -5.0541506918562934E-002
         624  0.66666666666666663        1.0000000000000000       -6.1600060655226239E-002
         625  0.83333333333333326        1.0000000000000000       -7.3943935121874638E-002
         626   1.0000000000000000        1.0000000000000000       -8.7005331249112347E-002
         627   1.1666666666666665        1.0000000000000000      -0.10006505492826424     
         628   1.3333333333333333        1.0000000000000000      -0.11229615359589112     
         629   1.5000000000000000        1.0000000000000000      -0.12283890925826822     
         630   1.6666666666666665        1.0000000000000000      -0.13088899081203484     
         631   1.8333333333333333        1.0000000000000000      -0.13579367721097269     
         632   2.0000000000000000        1.0000000000000000      -0.13713156725065845     
         633   2.1666666666666665        1.0000000000000000      -0.13476974909961112     
         634   2.3333333333333330        1.0000000000000000      -0.12887879652979528     
         635   2.5000000000000000        1.0000000000000000      -0.11991205895902929     
         636   2.6666666666666665        1.0000000000000000      -0.10854265195988495     
         637   2.8333333333333330        1.0000000000000000       -9.5580984944929448E-002
         638   3.0000000000000000        1.0000000000000000       -8.1874594026907235E-002
         639   3.1666666666666665        1.0000000000000000       -6.8221004307123370E-002
         640   3.3333333333333330        1.0000000000000000       -5.5289892285059518E-002
         641   3.5000000000000000        1.0000000000000000       -4.3582402303251389E-002
         642   3.6666666666666665        1.0000000000000000       -3.3407365704843386E-002
         643   3.8333333333333330        1.0000000000000000       -2.4898235080179198E-002
         644   4.0000000000000000        1.0000000000000000       -1.8031829181335751E-002
         645   4.1666666666666661        1.0000000000000000       -1.2679667653904211E-002
         646   4.3333333333333330        1.0000000000000000       -8.6339557843163363E-003
         647   4.5000000000000000        1.0000000000000000       -5.6655452935246353E-003
         648   4.6666666666666661        1.0000000000000000       -3.5229118270642418E-003
         649   4.8333333333333330        1.0000000000000000       -1.9946367410833992E-003
         650   5.0000000000000000        1.0000000000000000       -8.3189738518003192E-004

         651  -5.0000000000000000        1.5000000000000000        1.7834114002798486E-004
         652  -4.8333333333333330        1.5000000000000000        4.2250387742570573E-004
         653  -4.6666666666666661        1.5000000000000000        7.3196213894254568E-004
         654  -4.5000000000000000        1.5000000000000000        1.1483095987112563E-003
         655  -4.3333333333333330        1.5000000000000000        1.6995117504035847E-003
         656  -4.1666666666666661        1.5000000000000000        2.4149583299258562E-003
         657  -4.0000000000000000        1.5000000000000000        3.3114362534047304E-003
         658  -3.8333333333333330        1.5000000000000000        4.3934143384973413E-003
         659  -3.6666666666666665        1.5000000000000000        5.6427202571555143E-003
         660  -3.5000000000000000        1.5000000000000000        7.0165032578053468E-003
         661  -3.3333333333333330        1.5000000000000000        8.4423227178371911E-003
         662  -3.1666666666666665        1.5000000000000000        9.8212881552911212E-003
         663  -3.0000000000000000        1.5000000000000000        1.1032892614572921E-002
         664  -2.8333333333333330        1.5000000000000000        1.1947278798437539E-002
         665  -2.6666666666666665        1.5000000000000000        1.2439453808109978E-002
         666  -2.5000000000000000        1.5000000000000000        1.2406821885937881E-002
         667  -2.3333333333333330        1.5000000000000000        1.1784407734118121E-002
         668  -2.1666666666666665        1.5000000000000000        1.0556751802967309E-002
         669  -2.0000000000000000        1.5000000000000000        8.7623452802401604E-003
         670  -1.8333333333333333        1.5000000000000000        6.4902596233034444E-003
         671  -1.6666666666666665        1.5000000000000000        3.8684791331799842E-003
         672  -1.5000000000000000        1.5000000000000000        1.0459404374486276E-003
         673  -1.3333333333333333        1.5000000000000000       -1.8286974670197458E-003
         674  -1.1666666666666665        1.5000000000000000       -4.6286331199632312E-003
         675  -1.0000000000000000        1.5000000000000000       -7.2670437257406455E-003
         676 -0.83333333333333326        1.5000000000000000       -9.7110841260461440E-003
         677 -0.66666666666666663        1.5000000000000000       -1.1989955228138711E-002
         678 -0.50000000000000000        1.5000000000000000       -1.4200671441796061E-002
         679 -0.33333333333333331        1.5000000000000000       -1.6512241643889054E-002
         680 -0.16666666666666666        1.5000000000000000       -1.9175741787113003E-002
         681   0.0000000000000000        1.5000000000000000       -2.2539659937356179E-002
         682  0.16666666666666666        1.5000000000000000       -2.7046066185797982E-002
         683  0.33333333333333331        1.5000000000000000       -3.3049329082668694E-002
         684  0.50000000000000000        1.5000000000000000       -4.0579252684428663E-002
         685  0.66666666666666663        1.5000000000000000       -4.9458140923379475E-002
         686  0.83333333333333326        1.5000000000000000       -5.9368977384828235E-002
         687   1.0000000000000000        1.5000000000000000       -6.9855891324277580E-002
         688   1.1666666666666665        1.5000000000000000       -8.0341456824464835E-002
         689   1.3333333333333333        1.5000000000000000       -9.0161721898925379E-002
         690   1.5000000000000000        1.5000000000000000       -9.8626427644048692E-002
         691   1.6666666666666665        1.5000000000000000      -0.10508978197701546     
         692   1.8333333333333333        1.5000000000000000      -0.10902772068889428     
         693   2.0000000000000000        1.5000000000000000      -0.11010190301928036     
         694   2.1666666666666665        1.5000000000000000      -0.10820561563596845     
         695   2.3333333333333330        1.5000000000000000      -0.10347581028600843     
         696   2.5000000000000000        1.5000000000000000       -9.6276478677439103E-002
         697   2.6666666666666665        1.5000000000000000       -8.7148059634063926E-002
         698   2.8333333333333330        1.5000000000000000       -7.6741225657272941E-002
         699   3.0000000000000000        1.5000000000000000       -6.5736455422203202E-002
         700   3.1666666666666665        1.5000000000000000       -5.4774074992977637E-002
         701   3.3333333333333330        1.5000000000000000       -4.4391755624053023E-002
         702   3.5000000000000000        1.5000000000000000       -3.4991855179303463E-002
         703   3.6666666666666665        1.5000000000000000       -2.6822318179474763E-002
         704   3.8333333333333330        1.5000000000000000       -1.9990335183254333E-002
         705   4.0000000000000000        1.5000000000000000       -1.4477386295764182E-002
         706   4.1666666666666661        1.5000000000000000       -1.0180255068412530E-002
         707   4.3333333333333330        1.5000000000000000       -6.9320804126363818E-003
         708   4.5000000000000000        1.5000000000000000       -4.5488966517678135E-003
         709   4.6666666666666661        1.5000000000000000       -2.8286972068515014E-003
         710   4.8333333333333330        1.5000000000000000       -1.6016152877346734E-003
         711   5.0000000000000000        1.5000000000000000       -6.6798339286365592E-004

         712  -5.0000000000000000        2.0000000000000000        9.9088666919559384E-005
         713  -4.8333333333333330        2.0000000000000000        2.3476787965679731E-004
         714  -4.6666666666666661        2.0000000000000000        4.0678614676676055E-004
         715  -4.5000000000000000        2.0000000000000000        6.3822480983549723E-004
         716  -4.3333333333333330        2.0000000000000000        9.4461067549352832E-004
         717  -4.1666666666666661        2.0000000000000000        1.3422766076520384E-003
         718  -4.0000000000000000        2.0000000000000000        1.8405417021143242E-003
         719  -3.8333333333333330        2.0000000000000000        2.4419089034443640E-003
         720  -3.6666666666666665        2.0000000000000000        3.1362855043846590E-003
         721  -3.5000000000000000        2.0000000000000000        3.8998521549300645E-003
         722  -3.3333333333333330        2.0000000000000000        4.6923435269031052E-003
         723  -3.1666666666666665        2.0000000000000000        5.4587938999872314E-003
         724  -3.0000000000000000        2.0000000000000000        6.1322233101398305E-003
         725  -2.8333333333333330        2.0000000000000000        6.6404553067369518E-003
         726  -2.6666666666666665        2.0000000000000000        6.9140169605934844E-003
         727  -2.5000000000000000        2.0000000000000000        6.8958844574028523E-003
         728  -2.3333333333333330        2.0000000000000000        6.5499434983466243E-003
         729  -2.1666666666666665        2.0000000000000000        5.8676018702068927E-003
         730  -2.0000000000000000        2.0000000000000000        4.8702532715674818E-003
         731  -1.8333333333333333        2.0000000000000000        3.6074053028033576E-003
         732  -1.6666666666666665        2.0000000000000000        2.1501929737047466E-003
         733  -1.5000000000000000        2.0000000000000000        5.8139777205667780E-004
         734  -1.3333333333333333        2.0000000000000000       -1.0163543846983395E-003
         735  -1.1666666666666665        2.0000000000000000       -2.5725851716052743E-003
         736  -1.0000000000000000        2.0000000000000000       -4.0390389777515716E-003
         737 -0.83333333333333326        2.0000000000000000       -5.3974604507470948E-003
         738 -0.66666666666666663        2.0000000000000000       -6.6640844638875818E-003
         739 -0.50000000000000000        2.0000000000000000       -7.8928374198630451E-003
         740 -0.33333333333333331        2.0000000000000000       -9.1776726038300758E-003
         741 -0.16666666666666666        2.0000000000000000       -1.0658159152370819E-002
         742   0.0000000000000000        2.0000000000000000       -1.2528020559482230E-002
         743  0.16666666666666666        2.0000000000000000       -1.5032862818995168E-002
         744  0.33333333333333331        2.0000000000000000       -1.8369436058501831E-002
         745  0.50000000000000000        2.0000000000000000       -2.2554518110989137E-002
         746  0.66666666666666663        2.0000000000000000       -2.7489446174438312E-002
         747  0.83333333333333326        2.0000000000000000       -3.2997988981693357E-002
         748   1.0000000000000000        2.0000000000000000       -3.8826749420673365E-002
         749   1.1666666666666665        2.0000000000000000       -4.4654769957635891E-002
         750   1.3333333333333333        2.0000000000000000       -5.0113012531776517E-002
         751   1.5000000000000000        2.0000000000000000       -5.4817816823482669E-002
         752   1.6666666666666665        2.0000000000000000       -5.8410242581004947E-002
         753   1.8333333333333333        2.0000000000000000       -6.0599005653713491E-002
         754   2.0000000000000000        2.0000000000000000       -6.1196052375679016E-002
         755   2.1666666666666665        2.0000000000000000       -6.0142068648854789E-002
         756   2.3333333333333330        2.0000000000000000       -5.7513175219726945E-002
         757   2.5000000000000000        2.0000000000000000       -5.3511682508758651E-002
         758   2.6666666666666665        2.0000000000000000       -4.8437975504353248E-002
         759   2.8333333333333330        2.0000000000000000       -4.2653706265869326E-002
         760   3.0000000000000000        2.0000000000000000       -3.6537098056020408E-002
         761   3.1666666666666665        2.0000000000000000       -3.0444055222383710E-002
         762   3.3333333333333330        2.0000000000000000       -2.4673435299371112E-002
         763   3.5000000000000000        2.0000000000000000       -1.9448886938931292E-002
         764   3.6666666666666665        2.0000000000000000       -1.4908245720294453E-002
         765   3.8333333333333330        2.0000000000000000       -1.1111025846754262E-002
         766   4.0000000000000000        2.0000000000000000       -8.0467917393607872E-003
         767   4.1666666666666661        2.0000000000000000       -5.6582704288778421E-003
         768   4.3333333333333330        2.0000000000000000       -3.8527560566624136E-003
         769   4.5000000000000000        2.0000000000000000       -2.5279684417510127E-003
         770   4.6666666666666661        2.0000000000000000       -1.5717313738570658E-003
         771   4.8333333333333330        2.0000000000000000       -8.8983712973273897E-004
         772   5.0000000000000000        2.0000000000000000       -3.7111350954491961E-004

         773  -5.0000000000000000        2.5000000000000000        4.0231886818914969E-005
         774  -4.8333333333333330        2.5000000000000000        9.5301814507350009E-005
         775  -4.6666666666666661        2.5000000000000000        1.6504163409267856E-004
         776  -4.5000000000000000        2.5000000000000000        2.5889605777433886E-004
         777  -4.3333333333333330        2.5000000000000000        3.8319747583028966E-004
         778  -4.1666666666666661        2.5000000000000000        5.4456814202932064E-004
         779  -4.0000000000000000        2.5000000000000000        7.4680378487849671E-004
         780  -3.8333333333333330        2.5000000000000000        9.9088340351506481E-004
         781  -3.6666666666666665        2.5000000000000000        1.2726970642447150E-003
         782  -3.5000000000000000        2.5000000000000000        1.5825817313912945E-003
         783  -3.3333333333333330        2.5000000000000000        1.9042001731180334E-003
         784  -3.1666666666666665        2.5000000000000000        2.2152479727922487E-003
         785  -3.0000000000000000        2.5000000000000000        2.4885447912087635E-003
         786  -2.8333333333333330        2.5000000000000000        2.6948004626825787E-003
         787  -2.6666666666666665        2.5000000000000000        2.8058225800133268E-003
         788  -2.5000000000000000        2.5000000000000000        2.7984699194798456E-003
         789  -2.3333333333333330        2.5000000000000000        2.6580876510133361E-003
         790  -2.1666666666666665        2.5000000000000000        2.3811888709387051E-003
         791  -2.0000000000000000        2.5000000000000000        1.9764567053675614E-003
         792  -1.8333333333333333        2.5000000000000000        1.4639821692950584E-003
         793  -1.6666666666666665        2.5000000000000000        8.7263464839494403E-004
         794  -1.5000000000000000        2.5000000000000000        2.3600829411032388E-004
         795  -1.3333333333333333        2.5000000000000000       -4.1236380174290656E-004
         796  -1.1666666666666665        2.5000000000000000       -1.0438805258006934E-003
         797  -1.0000000000000000        2.5000000000000000       -1.6389562905207663E-003
         798 -0.83333333333333326        2.5000000000000000       -2.1901834178839688E-003
         799 -0.66666666666666663        2.5000000000000000       -2.7041454199358849E-003
         800 -0.50000000000000000        2.5000000000000000       -3.2027238623781175E-003
         801 -0.33333333333333331        2.5000000000000000       -3.7240256943351429E-003
         802 -0.16666666666666666        2.5000000000000000       -4.3246655938318267E-003
         803   0.0000000000000000        2.5000000000000000       -5.0832104302008935E-003
         804  0.16666666666666666        2.5000000000000000       -6.0995032037299245E-003
         805  0.33333333333333331        2.5000000000000000       -7.4537540756280532E-003
         806  0.50000000000000000        2.5000000000000000       -9.1524090223609102E-003
         807  0.66666666666666663        2.5000000000000000       -1.1155255535260920E-002
         808  0.83333333333333326        2.5000000000000000       -1.3390824123705432E-002
         809   1.0000000000000000        2.5000000000000000       -1.5756305871057637E-002
         810   1.1666666666666665        2.5000000000000000       -1.8121471360397830E-002
         811   1.3333333333333333        2.5000000000000000       -2.0336560689046181E-002
         812   1.5000000000000000        2.5000000000000000       -2.2245882896869375E-002
         813   1.6666666666666665        2.5000000000000000       -2.3703772467854479E-002
         814   1.8333333333333333        2.5000000000000000       -2.4592024057743935E-002
         815   2.0000000000000000        2.5000000000000000       -2.4834320787512524E-002
         816   2.1666666666666665        2.5000000000000000       -2.4406593979273392E-002
         817   2.3333333333333330        2.5000000000000000       -2.3339732618277279E-002
         818   2.5000000000000000        2.5000000000000000       -2.1715839031192952E-002
         819   2.6666666666666665        2.5000000000000000       -1.9656811327744862E-002
         820   2.8333333333333330        2.5000000000000000       -1.7309414822065942E-002
         821   3.0000000000000000        2.5000000000000000       -1.4827133107433327E-002
         822   3.1666666666666665        2.5000000000000000       -1.2354395737484295E-002
         823   3.3333333333333330        2.5000000000000000       -1.0012465771643515E-002
         824   3.5000000000000000        2.5000000000000000       -7.8920844437636497E-003
         825   3.6666666666666665        2.5000000000000000       -6.0491465248338136E-003
         826   3.8333333333333330        2.5000000000000000       -4.5079128265344184E-003
         827   4.0000000000000000        2.5000000000000000       -3.2643982334942924E-003
         828   4.1666666666666661        2.5000000000000000       -2.2952108495843276E-003
         829   4.3333333333333330        2.5000000000000000       -1.5627025373865786E-003
         830   4.5000000000000000        2.5000000000000000       -1.0254733775074847E-003
         831   4.6666666666666661        2.5000000000000000       -6.3783054056816199E-004
         832   4.8333333333333330        2.5000000000000000       -3.6109787922293101E-004
         833   5.0000000000000000        2.5000000000000000       -1.5056337408982592E-004

         834  -5.0000000000000000        3.0000000000000000        1.1620583420154592E-005
         835  -4.8333333333333330        3.0000000000000000        2.7850443212982733E-005
         836  -4.6666666666666661        3.0000000000000000        4.9122301755494434E-005
         837  -4.5000000000000000        3.0000000000000000        7.7894804002212338E-005
         838  -4.3333333333333330        3.0000000000000000        1.1585112626094881E-004
         839  -4.1666666666666661        3.0000000000000000        1.6497029676603475E-004
         840  -4.0000000000000000        3.0000000000000000        2.2637477424508726E-004
         841  -3.8333333333333330        3.0000000000000000        3.0044579179549260E-004
         842  -3.6666666666666665        3.0000000000000000        3.8597072426951613E-004
         843  -3.5000000000000000        3.0000000000000000        4.8001153178239267E-004
         844  -3.3333333333333330        3.0000000000000000        5.7760744080954224E-004
         845  -3.1666666666666665        3.0000000000000000        6.7199056631181810E-004
         846  -3.0000000000000000        3.0000000000000000        7.5491545974732354E-004
         847  -2.8333333333333330        3.0000000000000000        8.1749842981528173E-004
         848  -2.6666666666666665        3.0000000000000000        8.5118737017506789E-004
         849  -2.5000000000000000        3.0000000000000000        8.4896430288871976E-004
         850  -2.3333333333333330        3.0000000000000000        8.0638334980866330E-004
         851  -2.1666666666666665        3.0000000000000000        7.2238925341943565E-004
         852  -2.0000000000000000        3.0000000000000000        5.9961586606743398E-004
         853  -1.8333333333333333        3.0000000000000000        4.4416166657998185E-004
         854  -1.6666666666666665        3.0000000000000000        2.6478486731121368E-004
         855  -1.5000000000000000        3.0000000000000000        7.1682538975970512E-005
         856  -1.3333333333333333        3.0000000000000000       -1.2497072915400545E-004
         857  -1.1666666666666665        3.0000000000000000       -3.1648882048946659E-004
         858  -1.0000000000000000        3.0000000000000000       -4.9692664624522798E-004
         859 -0.83333333333333326        3.0000000000000000       -6.6402494948721090E-004
         860 -0.66666666666666663        3.0000000000000000       -8.1978550488110184E-004
         861 -0.50000000000000000        3.0000000000000000       -9.7085372235326416E-004
         862 -0.33333333333333331        3.0000000000000000       -1.1288567999018677E-003
         863 -0.16666666666666666        3.0000000000000000       -1.3110713650729131E-003
         864   0.0000000000000000        3.0000000000000000       -1.5415173184272352E-003
         865  0.16666666666666666        3.0000000000000000       -1.8501878400531953E-003
         866  0.33333333333333331        3.0000000000000000       -2.2606604017589844E-003
         867  0.50000000000000000        3.0000000000000000       -2.7756495188489810E-003
         868  0.66666666666666663        3.0000000000000000       -3.3832524851938202E-003
         869  0.83333333333333326        3.0000000000000000       -4.0615991698083461E-003
         870   1.0000000000000000        3.0000000000000000       -4.7793980002769484E-003
         871   1.1666666666666665        3.0000000000000000       -5.4970723436718336E-003
         872   1.3333333333333333        3.0000000000000000       -6.1691841858838104E-003
         873   1.5000000000000000        3.0000000000000000       -6.7484950445398000E-003
         874   1.6666666666666665        3.0000000000000000       -7.1908290675450756E-003
         875   1.8333333333333333        3.0000000000000000       -7.4603259789440199E-003
         876   2.0000000000000000        3.0000000000000000       -7.5338453556569917E-003
         877   2.1666666666666665        3.0000000000000000       -7.4040801755764999E-003
         878   2.3333333333333330        3.0000000000000000       -7.0804081335758403E-003
         879   2.5000000000000000        3.0000000000000000       -6.5877246166531735E-003
         880   2.6666666666666665        3.0000000000000000       -5.9630129655663840E-003
         881   2.8333333333333330        3.0000000000000000       -5.2507789438740807E-003
         882   3.0000000000000000        3.0000000000000000       -4.4975910109140652E-003
         883   3.1666666666666665        3.0000000000000000       -3.7472524131046871E-003
         884   3.3333333333333330        3.0000000000000000       -3.0365960017315302E-003
         885   3.5000000000000000        3.0000000000000000       -2.3931909745347401E-003
         886   3.6666666666666665        3.0000000000000000       -1.8341166258393372E-003
         887   3.8333333333333330        3.0000000000000000       -1.3664890441553671E-003
         888   4.0000000000000000        3.0000000000000000       -9.8853049087211449E-004
         889   4.1666666666666661        3.0000000000000000       -6.9333111523405011E-004
         890   4.3333333333333330        3.0000000000000000       -4.6948480450628352E-004
         891   4.5000000000000000        3.0000000000000000       -3.0432649850110894E-004
         892   4.6666666666666661        3.0000000000000000       -1.8549245439763531E-004
         893   4.8333333333333330        3.0000000000000000       -1.0349603074669362E-004
         894   5.0000000000000000        3.0000000000000000       -4.2860889853606626E-005

         895  -4.6666666666666661        3.5000000000000000        7.4240626728416737E-006
         896  -4.5000000000000000        3.5000000000000000        1.5687029499491870E-005
         897  -4.3333333333333330        3.5000000000000000        2.4780476796481027E-005
         898  -4.1666666666666661        3.5000000000000000        3.6292277615532224E-005
         899  -4.0000000000000000        3.5000000000000000        5.0800464229376980E-005
         900  -3.8333333333333330        3.5000000000000000        6.8261412539648251E-005
         901  -3.6666666666666665        3.5000000000000000        8.8180427511434984E-005
         902  -3.5000000000000000        3.5000000000000000        1.0996175823905885E-004
         903  -3.3333333333333330        3.5000000000000000        1.3246527440793074E-004
         904  -3.1666666666666665        3.5000000000000000        1.5420004473830833E-004
         905  -3.0000000000000000        3.5000000000000000        1.7326650568886612E-004
         906  -2.8333333333333330        3.5000000000000000        1.8765851044667088E-004
         907  -2.6666666666666665        3.5000000000000000        1.9540045223939657E-004
         908  -2.5000000000000000        3.5000000000000000        1.9490154410750740E-004
         909  -2.3333333333333330        3.5000000000000000        1.8512880617285263E-004
         910  -2.1666666666666665        3.5000000000000000        1.6585503694349177E-004
         911  -2.0000000000000000        3.5000000000000000        1.3767478930392372E-004
         912  -1.8333333333333333        3.5000000000000000        1.0200140501292571E-004
         913  -1.6666666666666665        3.5000000000000000        6.0839833442350079E-005
         914  -1.5000000000000000        3.5000000000000000        1.6546248272570787E-005
         915  -1.3333333333333333        3.5000000000000000       -2.8538739347153118E-005
         916  -1.1666666666666665        3.5000000000000000       -7.2394522809237063E-005
         917  -1.0000000000000000        3.5000000000000000       -1.1362151657218034E-004
         918 -0.83333333333333326        3.5000000000000000       -1.5163397332531016E-004
         919 -0.66666666666666663        3.5000000000000000       -1.8676926457019476E-004
         920 -0.50000000000000000        3.5000000000000000       -2.2037065924597739E-004
         921 -0.33333333333333331        3.5000000000000000       -2.5478673785776481E-004
         922 -0.16666666666666666        3.5000000000000000       -2.9370560013842128E-004
         923   0.0000000000000000        3.5000000000000000       -3.4257669236845774E-004
         924  0.16666666666666666        3.5000000000000000       -4.1076743772799933E-004
         925  0.33333333333333331        3.5000000000000000       -5.0764491214755879E-004
         926  0.50000000000000000        3.5000000000000000       -6.2991249953053775E-004
         927  0.66666666666666663        3.5000000000000000       -7.7233782769132726E-004
         928  0.83333333333333326        3.5000000000000000       -9.2994143812394261E-004
         929   1.0000000000000000        3.5000000000000000       -1.0958237633672367E-003
         930   1.1666666666666665        3.5000000000000000       -1.2612083677289580E-003
         931   1.3333333333333333        3.5000000000000000       -1.4158633241014313E-003
         932   1.5000000000000000        3.5000000000000000       -1.5490481314609109E-003
         933   1.6666666666666665        3.5000000000000000       -1.6507106471904379E-003
         934   1.8333333333333333        3.5000000000000000       -1.7126250202722339E-003
         935   2.0000000000000000        3.5000000000000000       -1.7295339215086935E-003
         936   2.1666666666666665        3.5000000000000000       -1.6997227816912739E-003
         937   2.3333333333333330        3.5000000000000000       -1.6253934897753240E-003
         938   2.5000000000000000        3.5000000000000000       -1.5121890625262335E-003
         939   2.6666666666666665        3.5000000000000000       -1.3686425435998992E-003
         940   2.8333333333333330        3.5000000000000000       -1.2048393209901358E-003
         941   3.0000000000000000        3.5000000000000000       -1.0314741989244610E-003
         942   3.1666666666666665        3.5000000000000000       -8.5833778325130304E-004
         943   3.3333333333333330        3.5000000000000000       -6.9377738265921662E-004
         944   3.5000000000000000        3.5000000000000000       -5.4367430640105444E-004
         945   3.6666666666666665        3.5000000000000000       -4.1202793908131892E-004
         946   3.8333333333333330        3.5000000000000000       -3.0159864048248490E-004
         947   4.0000000000000000        3.5000000000000000       -2.1487271416920954E-004
         948   4.1666666666666661        3.5000000000000000       -1.4693275594872363E-004
         949   4.3333333333333330        3.5000000000000000       -9.3403698884067467E-005
         950   4.5000000000000000        3.5000000000000000       -4.4590180750106693E-005

         951  -4.0000000000000000        4.0000000000000000        5.3659736162450601E-006
         952  -3.8333333333333330        4.0000000000000000        1.0186162041361386E-005
         953  -3.6666666666666665        4.0000000000000000        1.4221949993733742E-005
         954  -3.5000000000000000        4.0000000000000000        1.8226057791165982E-005
         955  -3.3333333333333330        4.0000000000000000        2.2149669826317053E-005
         956  -3.1666666666666665        4.0000000000000000        2.5870232609916993E-005
         957  -3.0000000000000000        4.0000000000000000        2.9115611184580510E-005
         958  -2.8333333333333330        4.0000000000000000        3.1541087277316371E-005
         959  -2.6666666666666665        4.0000000000000000        3.2865390232812547E-005
         960  -2.5000000000000000        4.0000000000000000        3.2768555334869285E-005
         961  -2.3333333333333330        4.0000000000000000        3.1148868945886322E-005
         962  -2.1666666666666665        4.0000000000000000        2.7885472284934215E-005
         963  -2.0000000000000000        4.0000000000000000        2.3178865441265981E-005
         964  -1.8333333333333333        4.0000000000000000        1.7151170008874063E-005
         965  -1.6666666666666665        4.0000000000000000        1.0280718894808638E-005
         966  -1.5000000000000000        4.0000000000000000        2.8041596504327484E-006
         967  -1.3333333333333333        4.0000000000000000       -4.6762399210324266E-006
         968  -1.1666666666666665        4.0000000000000000       -1.2042001180488112E-005
         969  -1.0000000000000000        4.0000000000000000       -1.8710083901542210E-005
         970 -0.83333333333333326        4.0000000000000000       -2.4873909573548296E-005
         971 -0.66666666666666663        4.0000000000000000       -2.9856386903444867E-005
         972 -0.50000000000000000        4.0000000000000000       -3.4120611598298134E-005
         973 -0.33333333333333331        4.0000000000000000       -3.5812556637405808E-005
         974 -0.16666666666666666        4.0000000000000000       -3.4700057221816569E-005
         975   0.0000000000000000        4.0000000000000000       -2.0838635799659370E-005
         976  0.33333333333333331        4.0000000000000000       -4.8533069717406928E-005
         977  0.50000000000000000        4.0000000000000000       -9.1199331098846439E-005
         978  0.66666666666666663        4.0000000000000000       -1.2284026728243063E-004
         979  0.83333333333333326        4.0000000000000000       -1.5346778324891631E-004
         980   1.0000000000000000        4.0000000000000000       -1.8275555003068755E-004
         981   1.1666666666666665        4.0000000000000000       -2.1150936882322313E-004
         982   1.3333333333333333        4.0000000000000000       -2.3773799431490989E-004
         983   1.5000000000000000        4.0000000000000000       -2.6041585194047331E-004
         984   1.6666666666666665        4.0000000000000000       -2.7750426408390674E-004
         985   1.8333333333333333        4.0000000000000000       -2.8803549133934032E-004
         986   2.0000000000000000        4.0000000000000000       -2.9081805149435997E-004
         987   2.1666666666666665        4.0000000000000000       -2.8587121521670425E-004
         988   2.3333333333333330        4.0000000000000000       -2.7327143432325754E-004
         989   2.5000000000000000        4.0000000000000000       -2.5425111019692606E-004
         990   2.6666666666666665        4.0000000000000000       -2.2989680797126498E-004
         991   2.8333333333333330        4.0000000000000000       -2.0219348602056291E-004
         992   3.0000000000000000        4.0000000000000000       -1.7235125278243073E-004
         993   3.1666666666666665        4.0000000000000000       -1.4222035420889372E-004
         994   3.3333333333333330        4.0000000000000000       -1.1158110028937509E-004
         995   3.5000000000000000        4.0000000000000000       -8.0751731732700107E-005
         996   3.6666666666666665        4.0000000000000000       -4.2854261632841050E-005
