           0 -0.50000000000000000     
           1 -0.47500000000000003     
           2 -0.45000000000000001     
           3 -0.42500000000000004     
           4 -0.40000000000000002     
           5 -0.37500000000000000     
           6 -0.35000000000000003     
           7 -0.32500000000000001     
           8 -0.30000000000000004     
           9 -0.27500000000000002     
          10 -0.25000000000000000     
          11 -0.22500000000000001     
          12 -0.20000000000000001     
          13 -0.17500000000000002     
          14 -0.15000000000000002     
          15 -0.12500000000000000     
          16 -0.10000000000000001     
          17  -7.5000000000000011E-002
          18  -5.0000000000000003E-002
          19  -2.5000000000000001E-002
          20   0.0000000000000000     
          21   2.5000000000000001E-002
          22   5.0000000000000003E-002
          23   7.5000000000000011E-002
          24  0.10000000000000001     
          25  0.12500000000000000     
          26  0.15000000000000002     
          27  0.17500000000000002     
          28  0.20000000000000001     
          29  0.22500000000000001     
          30  0.25000000000000000     
          31  0.27500000000000002     
          32  0.30000000000000004     
          33  0.32500000000000001     
          34  0.35000000000000003     
          35  0.37500000000000000     
          36  0.40000000000000002     
          37  0.42500000000000004     
          38  0.45000000000000001     
          39  0.47500000000000003     
          40  0.50000000000000000     
