 Eigenvalue #           0   9.7350908757383099     
           0   5.8384984452525667E-003
           1   7.8718448702833326E-003
           2   5.8384984452525832E-003
           3   6.1297044449788686E-003
           4   9.8407957325821627E-003
           5   1.1893498924358453E-002
           6   1.4133970916397297E-002
           7   1.7496581118879213E-002
           8   1.9037991300927017E-002
           9   1.7496581118879306E-002
          10   1.4133970916397474E-002
          11   1.1893498924358535E-002
          12   9.8407957325821072E-003
          13   6.1297044449788217E-003
          14   5.7284833010784108E-003
          15   1.0733233984222372E-002
          16   1.6663708320147512E-002
          17   2.1830613917917543E-002
          18   2.5625219456444942E-002
          19   2.8744909300686159E-002
          20   3.0957479242274835E-002
          21   3.1860807734790032E-002
          22   3.0957479242274957E-002
          23   2.8744909300686329E-002
          24   2.5625219456445053E-002
          25   2.1830613917917449E-002
          26   1.6663708320147432E-002
          27   1.0733233984222285E-002
          28   5.7284833010782755E-003
          29   6.6079721785261662E-003
          30   1.4312241211181046E-002
          31   2.1385910285531669E-002
          32   2.7905153122655159E-002
          33   3.3670969071451347E-002
          34   3.8407476499528893E-002
          35   4.1986108974626075E-002
          36   4.4372409141844545E-002
          37   4.5204907451480821E-002
          38   4.4372409141844517E-002
          39   4.1986108974626124E-002
          40   3.8407476499528893E-002
          41   3.3670969071451118E-002
          42   2.7905153122654954E-002
          43   2.1385910285531620E-002
          44   1.4312241211181012E-002
          45   6.6079721785261159E-003
          46   5.6089290603764507E-003
          47   1.4149451569988356E-002
          48   2.2744021663785200E-002
          49   3.0956455174326623E-002
          50   3.8539565107285796E-002
          51   4.5172904313460979E-002
          52   5.0593239247081333E-002
          53   5.4654726325143399E-002
          54   5.7149525315495484E-002
          55   5.8006686971981844E-002
          56   5.7149525315495345E-002
          57   5.4654726325143239E-002
          58   5.0593239247081111E-002
          59   4.5172904313460598E-002
          60   3.8539565107285463E-002
          61   3.0956455174326408E-002
          62   2.2744021663785221E-002
          63   1.4149451569988409E-002
          64   5.6089290603764481E-003
          65   1.0369079940998928E-002
          66   2.0852725506144625E-002
          67   3.0546549295343242E-002
          68   3.9867623429445553E-002
          69   4.8237952843932598E-002
          70   5.5597904595103748E-002
          71   6.1581111942753758E-002
          72   6.6057700680889356E-002
          73   6.8816709344770008E-002
          74   6.9770297804528231E-002
          75   6.8816709344769855E-002
          76   6.6057700680888981E-002
          77   6.1581111942753272E-002
          78   5.5597904595103345E-002
          79   4.8237952843932307E-002
          80   3.9867623429445401E-002
          81   3.0546549295343232E-002
          82   2.0852725506144792E-002
          83   1.0369079940999081E-002
          84   5.7424168958280352E-003
          85   1.5797244075149555E-002
          86   2.6770290959892841E-002
          87   3.7439428218328352E-002
          88   4.7512659459266179E-002
          89   5.6713966631942607E-002
          90   6.4696728141090745E-002
          91   7.1210675437774762E-002
          92   7.6031182428530922E-002
          93   7.8982200611248873E-002
          94   7.9975233519880284E-002
          95   7.8982200611248596E-002
          96   7.6031182428530436E-002
          97   7.1210675437774276E-002
          98   6.4696728141090343E-002
          99   5.6713966631942385E-002
         100   4.7512659459266318E-002
         101   3.7439428218328519E-002
         102   2.6770290959893129E-002
         103   1.5797244075149822E-002
         104   5.7424168958281185E-003
         105   9.0410850065310092E-003
         106   2.0265030566607823E-002
         107   3.1674935042305327E-002
         108   4.3099809908404001E-002
         109   5.3837496399497808E-002
         110   6.3625186565050618E-002
         111   7.2088814077070115E-002
         112   7.9012536178241763E-002
         113   8.4111797825341908E-002
         114   8.7273203860412540E-002
         115   8.8326703416816740E-002
         116   8.7273203860412207E-002
         117   8.4111797825341450E-002
         118   7.9012536178241430E-002
         119   7.2088814077069852E-002
         120   6.3625186565050507E-002
         121   5.3837496399498135E-002
         122   4.3099809908404521E-002
         123   3.1674935042305619E-002
         124   2.0265030566607816E-002
         125   9.0410850065309311E-003
         126   1.0555943687647939E-002
         127   2.3112141042944425E-002
         128   3.5281512895169675E-002
         129   4.7266241810366531E-002
         130   5.8483296631185129E-002
         131   6.8744226224550786E-002
         132   7.7590638044924026E-002
         133   8.4820277537715635E-002
         134   9.0135617191939507E-002
         135   9.3406604728380235E-002
         136   9.4492438141859939E-002
         137   9.3406604728379888E-002
         138   9.0135617191939021E-002
         139   8.4820277537715288E-002
         140   7.7590638044923832E-002
         141   6.8744226224550758E-002
         142   5.8483296631185420E-002
         143   4.7266241810366913E-002
         144   3.5281512895169807E-002
         145   2.3112141042944418E-002
         146   1.0555943687647775E-002
         147   1.1759295830433605E-002
         148   2.4900828379326653E-002
         149   3.7455834319745258E-002
         150   4.9827074075363895E-002
         151   6.1369941867037488E-002
         152   7.1883950957469814E-002
         153   8.0947326544162465E-002
         154   8.8356524953339621E-002
         155   9.3800283415180929E-002
         156   9.7172904431928525E-002
         157   9.8292342212878331E-002
         158   9.7172904431928261E-002
         159   9.3800283415180555E-002
         160   8.8356524953339260E-002
         161   8.0947326544162146E-002
         162   7.1883950957469619E-002
         163   6.1369941867037626E-002
         164   4.9827074075364103E-002
         165   3.7455834319745328E-002
         166   2.4900828379326636E-002
         167   1.1759295830433739E-002
         168   2.6979949889217917E-003
         169   1.2712554871174109E-002
         170   2.5459365681910009E-002
         171   3.8226686676881956E-002
         172   5.0667535723567345E-002
         173   6.2328078777120675E-002
         174   7.2938805732036413E-002
         175   8.2102410988574903E-002
         176   8.9566851562794411E-002
         177   9.5066672827248580E-002
         178   9.8438752885319503E-002
         179   9.9567539474657019E-002
         180   9.8438752885319322E-002
         181   9.5066672827248275E-002
         182   8.9566851562794050E-002
         183   8.2102410988574528E-002
         184   7.2938805732036205E-002
         185   6.2328078777120523E-002
         186   5.0667535723567352E-002
         187   3.8226686676882067E-002
         188   2.5459365681910134E-002
         189   1.2712554871174177E-002
         190   2.6979949889218841E-003
         191   1.1759295830434134E-002
         192   2.4900828379327257E-002
         193   3.7455834319746112E-002
         194   4.9827074075364929E-002
         195   6.1369941867038529E-002
         196   7.1883950957470771E-002
         197   8.0947326544163645E-002
         198   8.8356524953340787E-002
         199   9.3800283415182137E-002
         200   9.7172904431929760E-002
         201   9.8292342212879566E-002
         202   9.7172904431929524E-002
         203   9.3800283415181790E-002
         204   8.8356524953340468E-002
         205   8.0947326544163284E-002
         206   7.1883950957470549E-002
         207   6.1369941867038431E-002
         208   4.9827074075364831E-002
         209   3.7455834319746084E-002
         210   2.4900828379327250E-002
         211   1.1759295830434068E-002
         212   1.0555943687648379E-002
         213   2.3112141042945643E-002
         214   3.5281512895171153E-002
         215   4.7266241810368377E-002
         216   5.8483296631187114E-002
         217   6.8744226224552854E-002
         218   7.7590638044926052E-002
         219   8.4820277537717773E-002
         220   9.0135617191941533E-002
         221   9.3406604728382331E-002
         222   9.4492438141862145E-002
         223   9.3406604728382206E-002
         224   9.0135617191941256E-002
         225   8.4820277537717370E-002
         226   7.7590638044925719E-002
         227   6.8744226224552507E-002
         228   5.8483296631186926E-002
         229   4.7266241810368224E-002
         230   3.5281512895170924E-002
         231   2.3112141042945344E-002
         232   1.0555943687648244E-002
         233   9.0410850065314671E-003
         234   2.0265030566608923E-002
         235   3.1674935042307083E-002
         236   4.3099809908406270E-002
         237   5.3837496399500258E-002
         238   6.3625186565053060E-002
         239   7.2088814077072710E-002
         240   7.9012536178244358E-002
         241   8.4111797825344350E-002
         242   8.7273203860415108E-002
         243   8.8326703416819474E-002
         244   8.7273203860415066E-002
         245   8.4111797825344184E-002
         246   7.9012536178244108E-002
         247   7.2088814077072405E-002
         248   6.3625186565052824E-002
         249   5.3837496399500036E-002
         250   4.3099809908405971E-002
         251   3.1674935042306784E-002
         252   2.0265030566608722E-002
         253   9.0410850065313787E-003
         254   5.7424168958283830E-003
         255   1.5797244075150547E-002
         256   2.6770290959894312E-002
         257   3.7439428218330212E-002
         258   4.7512659459268365E-002
         259   5.6713966631944987E-002
         260   6.4696728141093285E-002
         261   7.1210675437777232E-002
         262   7.6031182428533503E-002
         263   7.8982200611251649E-002
         264   7.9975233519883213E-002
         265   7.8982200611251691E-002
         266   7.6031182428533503E-002
         267   7.1210675437777080E-002
         268   6.4696728141093035E-002
         269   5.6713966631944703E-002
         270   4.7512659459268164E-002
         271   3.7439428218329955E-002
         272   2.6770290959894086E-002
         273   1.5797244075150447E-002
         274   5.7424168958283006E-003
         275   1.0369079940999452E-002
         276   2.0852725506145697E-002
         277   3.0546549295344543E-002
         278   3.9867623429447080E-002
         279   4.8237952843934492E-002
         280   5.5597904595105718E-002
         281   6.1581111942755999E-002
         282   6.6057700680891840E-002
         283   6.8816709344772686E-002
         284   6.9770297804530881E-002
         285   6.8816709344772631E-002
         286   6.6057700680891743E-002
         287   6.1581111942755874E-002
         288   5.5597904595105621E-002
         289   4.8237952843934256E-002
         290   3.9867623429446844E-002
         291   3.0546549295344359E-002
         292   2.0852725506145538E-002
         293   1.0369079940999414E-002
         294   5.6089290603767109E-003
         295   1.4149451569989030E-002
         296   2.2744021663786102E-002
         297   3.0956455174327720E-002
         298   3.8539565107287045E-002
         299   4.5172904313462554E-002
         300   5.0593239247083324E-002
         301   5.4654726325145495E-002
         302   5.7149525315497524E-002
         303   5.8006686971983898E-002
         304   5.7149525315497482E-002
         305   5.4654726325145335E-002
         306   5.0593239247083095E-002
         307   4.5172904313462395E-002
         308   3.8539565107286858E-002
         309   3.0956455174327484E-002
         310   2.2744021663786002E-002
         311   1.4149451569989023E-002
         312   5.6089290603766910E-003
         313   6.6079721785264178E-003
         314   1.4312241211181541E-002
         315   2.1385910285532404E-002
         316   2.7905153122656103E-002
         317   3.3670969071452651E-002
         318   3.8407476499530441E-002
         319   4.1986108974627678E-002
         320   4.4372409141845870E-002
         321   4.5204907451482090E-002
         322   4.4372409141845842E-002
         323   4.1986108974627706E-002
         324   3.8407476499530385E-002
         325   3.3670969071452353E-002
         326   2.7905153122655839E-002
         327   2.1385910285532245E-002
         328   1.4312241211181541E-002
         329   6.6079721785265444E-003
         330   5.7284833010783631E-003
         331   1.0733233984222731E-002
         332   1.6663708320148272E-002
         333   2.1830613917918434E-002
         334   2.5625219456446198E-002
         335   2.8744909300687380E-002
         336   3.0957479242275827E-002
         337   3.1860807734790782E-002
         338   3.0957479242275730E-002
         339   2.8744909300687148E-002
         340   2.5625219456446080E-002
         341   2.1830613917918091E-002
         342   1.6663708320147769E-002
         343   1.0733233984222561E-002
         344   5.7284833010784525E-003
         345   6.1297044449793473E-003
         346   9.8407957325827317E-003
         347   1.1893498924359178E-002
         348   1.4133970916398092E-002
         349   1.7496581118880025E-002
         350   1.9037991300927731E-002
         351   1.7496581118879678E-002
         352   1.4133970916397690E-002
         353   1.1893498924358724E-002
         354   9.8407957325823622E-003
         355   6.1297044449788556E-003
         356   5.8384984452527766E-003
         357   7.8718448702836501E-003
         358   5.8384984452527480E-003
 ------------------------------------------------------
 Eigenvalue #           1   23.723165811087885     
           0  -9.0939268722317731E-004
           1   6.7898161051904715E-017
           2   9.0939268722322122E-004
           3  -6.8873895425777456E-003
           4  -9.4241328391862899E-003
           5  -8.7548023718108034E-003
           6  -6.7758101324910253E-003
           7  -3.9060239849394835E-003
           8   1.9244588561617704E-017
           9   3.9060239849395828E-003
          10   6.7758101324910452E-003
          11   8.7548023718107167E-003
          12   9.4241328391861372E-003
          13   6.8873895425777395E-003
          14  -8.8021950261759335E-003
          15  -1.4897295651603354E-002
          16  -1.9906430610752351E-002
          17  -2.1659060310650482E-002
          18  -1.9512206903182325E-002
          19  -1.4663662819091081E-002
          20  -7.8386342682524330E-003
          21   8.1206742719164282E-017
          22   7.8386342682524798E-003
          23   1.4663662819091166E-002
          24   1.9512206903182422E-002
          25   2.1659060310650378E-002
          26   1.9906430610752306E-002
          27   1.4897295651603420E-002
          28   8.8021950261760080E-003
          29  -1.1380902246348671E-002
          30  -2.2894552692617282E-002
          31  -3.0793382608941829E-002
          32  -3.4844635632777211E-002
          33  -3.4722574756814367E-002
          34  -3.0407230795159702E-002
          35  -2.2454298536464610E-002
          36  -1.1922684239782856E-002
          37   1.4045839144549710E-016
          38   1.1922684239783109E-002
          39   2.2454298536464908E-002
          40   3.0407230795159890E-002
          41   3.4722574756814346E-002
          42   3.4844635632777156E-002
          43   3.0793382608941787E-002
          44   2.2894552692617389E-002
          45   1.1380902246348868E-002
          46  -1.0555958175638478E-002
          47  -2.5303972389167980E-002
          48  -3.7710777580668826E-002
          49  -4.6170594511396199E-002
          50  -4.9808130317103516E-002
          51  -4.8187291145982275E-002
          52  -4.1431509178901926E-002
          53  -3.0306742894867244E-002
          54  -1.5984156874810761E-002
          55   1.7618285302889447E-016
          56   1.5984156874810855E-002
          57   3.0306742894867428E-002
          58   4.1431509178902155E-002
          59   4.8187291145982046E-002
          60   4.9808130317103169E-002
          61   4.6170594511395997E-002
          62   3.7710777580669035E-002
          63   2.5303972389168213E-002
          64   1.0555958175638709E-002
          65  -2.0103314648451366E-002
          66  -3.8494410246372866E-002
          67  -5.2185671648400211E-002
          68  -6.1212427589413317E-002
          69  -6.4157298817166336E-002
          70  -6.1019426220764290E-002
          71  -5.1885450157007233E-002
          72  -3.7715203844931579E-002
          73  -1.9827716529314861E-002
          74   1.0896231833479320E-016
          75   1.9827716529315205E-002
          76   3.7715203844931808E-002
          77   5.1885450157007358E-002
          78   6.1019426220763950E-002
          79   6.4157298817166086E-002
          80   6.1212427589413247E-002
          81   5.2185671648400482E-002
          82   3.8494410246373303E-002
          83   2.0103314648451668E-002
          84  -1.1918571537123383E-002
          85  -3.1595556204137884E-002
          86  -5.0703072249639491E-002
          87  -6.5561160264887203E-002
          88  -7.4699209653437196E-002
          89  -7.7195987941586358E-002
          90  -7.2636905049401068E-002
          91  -6.1377780472189947E-002
          92  -4.4409061946383742E-002
          93  -2.3292970628554590E-002
          94   2.8883145875013838E-016
          95   2.3292970628555058E-002
          96   4.4409061946384040E-002
          97   6.1377780472190183E-002
          98   7.2636905049400999E-002
          99   7.7195987941586261E-002
         100   7.4699209653437335E-002
         101   6.5561160264887675E-002
         102   5.0703072249640081E-002
         103   3.1595556204138245E-002
         104   1.1918571537123479E-002
         105  -1.9057350697076342E-002
         106  -4.1356431832204117E-002
         107  -6.1189990796232843E-002
         108  -7.6904557553592753E-002
         109  -8.6188211105946266E-002
         110  -8.8161758694182815E-002
         111  -8.2371005475926115E-002
         112  -6.9304518400285967E-002
         113  -4.9994890272010449E-002
         114  -2.6189366215067192E-002
         115   2.8026626158750290E-016
         116   2.6189366215067584E-002
         117   4.9994890272010845E-002
         118   6.9304518400286369E-002
         119   8.2371005475926476E-002
         120   8.8161758694182857E-002
         121   8.6188211105946308E-002
         122   7.6904557553593197E-002
         123   6.1189990796233405E-002
         124   4.1356431832204603E-002
         125   1.9057350697076623E-002
         126  -2.2534666722225597E-002
         127  -4.7805371539750070E-002
         128  -6.9076806112278302E-002
         129  -8.5460676600751531E-002
         130  -9.4841643591894176E-002
         131  -9.6458324907863324E-002
         132  -8.9760020507786434E-002
         133  -7.5315675137222274E-002
         134  -5.4232666741470925E-002
         135  -2.8377159870952347E-002
         136   2.1965936014556320E-016
         137   2.8377159870952722E-002
         138   5.4232666741471210E-002
         139   7.5315675137222454E-002
         140   8.9760020507786573E-002
         141   9.6458324907863338E-002
         142   9.4841643591894259E-002
         143   8.5460676600751878E-002
         144   6.9076806112278677E-002
         145   4.7805371539750473E-002
         146   2.2534666722225920E-002
         147  -2.5309289782977883E-002
         148  -5.1917110329107286E-002
         149  -7.3920679376862183E-002
         150  -9.0792131544174939E-002
         151 -0.10027907611501896     
         152 -0.10162472150446086     
         153  -9.4340852751906720E-002
         154  -7.9035930701551835E-002
         155  -5.6853198474419629E-002
         156  -2.9735204555343557E-002
         157   7.9038338374193273E-017
         158   2.9735204555343578E-002
         159   5.6853198474419595E-002
         160   7.9035930701551779E-002
         161   9.4340852751906679E-002
         162  0.10162472150446079     
         163  0.10027907611501917     
         164   9.0792131544175328E-002
         165   7.3920679376862586E-002
         166   5.1917110329107750E-002
         167   2.5309289782978084E-002
         168  -5.9355562561578369E-003
         169  -2.7476481530455132E-002
         170  -5.3233916811230748E-002
         171  -7.5640137000210550E-002
         172  -9.2562536736197104E-002
         173 -0.10210955793846650     
         174 -0.10336903479663645     
         175  -9.5920140882901544E-002
         176  -8.0309352594569255E-002
         177  -5.7758176769558189E-002
         178  -3.0196547531280114E-002
         179  -1.1113072267976420E-016
         180   3.0196547531279840E-002
         181   5.7758176769557995E-002
         182   8.0309352594569061E-002
         183   9.5920140882901378E-002
         184  0.10336903479663639     
         185  0.10210955793846666     
         186   9.2562536736197645E-002
         187   7.5640137000211244E-002
         188   5.3233916811231317E-002
         189   2.7476481530455427E-002
         190   5.9355562561578925E-003
         191  -2.5309289782977733E-002
         192  -5.1917110329107063E-002
         193  -7.3920679376861975E-002
         194  -9.0792131544174953E-002
         195 -0.10027907611501911     
         196 -0.10162472150446102     
         197  -9.4340852751907081E-002
         198  -7.9035930701552209E-002
         199  -5.6853198474419969E-002
         200  -2.9735204555343914E-002
         201  -3.2732063587337379E-016
         202   2.9735204555343276E-002
         203   5.6853198474419497E-002
         204   7.9035930701551835E-002
         205   9.4340852751906748E-002
         206  0.10162472150446093     
         207  0.10027907611501936     
         208   9.0792131544175564E-002
         209   7.3920679376862905E-002
         210   5.1917110329107730E-002
         211   2.5309289782977959E-002
         212  -2.2534666722225601E-002
         213  -4.7805371539749994E-002
         214  -6.9076806112278066E-002
         215  -8.5460676600751226E-002
         216  -9.4841643591894079E-002
         217  -9.6458324907863505E-002
         218  -8.9760020507786920E-002
         219  -7.5315675137222954E-002
         220  -5.4232666741471695E-002
         221  -2.8377159870953128E-002
         222  -5.1250236693389795E-016
         223   2.8377159870952094E-002
         224   5.4232666741470835E-002
         225   7.5315675137222315E-002
         226   8.9760020507786614E-002
         227   9.6458324907863505E-002
         228   9.4841643591894800E-002
         229   8.5460676600752267E-002
         230   6.9076806112279121E-002
         231   4.7805371539750618E-002
         232   2.2534666722225694E-002
         233  -1.9057350697076422E-002
         234  -4.1356431832204187E-002
         235  -6.1189990796232760E-002
         236  -7.6904557553592476E-002
         237  -8.6188211105945933E-002
         238  -8.8161758694182871E-002
         239  -8.2371005475926795E-002
         240  -6.9304518400286785E-002
         241  -4.9994890272011275E-002
         242  -2.6189366215068021E-002
         243  -5.2486227170023270E-016
         244   2.6189366215066949E-002
         245   4.9994890272010539E-002
         246   6.9304518400286286E-002
         247   8.2371005475926642E-002
         248   8.8161758694183356E-002
         249   8.6188211105946960E-002
         250   7.6904557553593683E-002
         251   6.1189990796233794E-002
         252   4.1356431832204846E-002
         253   1.9057350697076585E-002
         254  -1.1918571537123442E-002
         255  -3.1595556204138002E-002
         256  -5.0703072249639547E-002
         257  -6.5561160264887106E-002
         258  -7.4699209653436918E-002
         259  -7.7195987941586289E-002
         260  -7.2636905049401290E-002
         261  -6.1377780472190405E-002
         262  -4.4409061946384262E-002
         263  -2.3292970628555267E-002
         264  -3.2656169435263394E-016
         265   2.3292970628554687E-002
         266   4.4409061946383936E-002
         267   6.1377780472190412E-002
         268   7.2636905049401582E-002
         269   7.7195987941587066E-002
         270   7.4699209653438250E-002
         271   6.5561160264888230E-002
         272   5.0703072249640414E-002
         273   3.1595556204138571E-002
         274   1.1918571537123562E-002
         275  -2.0103314648451543E-002
         276  -3.8494410246372894E-002
         277  -5.2185671648400087E-002
         278  -6.1212427589413088E-002
         279  -6.4157298817166128E-002
         280  -6.1019426220764061E-002
         281  -5.1885450157007455E-002
         282  -3.7715203844931794E-002
         283  -1.9827716529315219E-002
         284  -1.2902005852577503E-016
         285   1.9827716529315299E-002
         286   3.7715203844932078E-002
         287   5.1885450157007740E-002
         288   6.1019426220765088E-002
         289   6.4157298817167085E-002
         290   6.1212427589414378E-002
         291   5.2185671648401405E-002
         292   3.8494410246373782E-002
         293   2.0103314648451762E-002
         294  -1.0555958175638775E-002
         295  -2.5303972389168011E-002
         296  -3.7710777580668389E-002
         297  -4.6170594511395449E-002
         298  -4.9808130317103232E-002
         299  -4.8187291145982039E-002
         300  -4.1431509178902017E-002
         301  -3.0306742894867192E-002
         302  -1.5984156874810633E-002
         303   2.9663771439203401E-016
         304   1.5984156874811105E-002
         305   3.0306742894867518E-002
         306   4.1431509178902350E-002
         307   4.8187291145982816E-002
         308   4.9808130317104168E-002
         309   4.6170594511396768E-002
         310   3.7710777580669590E-002
         311   2.5303972389168528E-002
         312   1.0555958175638820E-002
         313  -1.1380902246348638E-002
         314  -2.2894552692616723E-002
         315  -3.0793382608941263E-002
         316  -3.4844635632776885E-002
         317  -3.4722574756814360E-002
         318  -3.0407230795159498E-002
         319  -2.2454298536464329E-002
         320  -1.1922684239782594E-002
         321   2.6454533008646308E-016
         322   1.1922684239783298E-002
         323   2.2454298536464808E-002
         324   3.0407230795159633E-002
         325   3.4722574756814568E-002
         326   3.4844635632777503E-002
         327   3.0793382608942033E-002
         328   2.2894552692617563E-002
         329   1.1380902246348992E-002
         330  -8.8021950261758033E-003
         331  -1.4897295651603111E-002
         332  -1.9906430610752188E-002
         333  -2.1659060310650357E-002
         334  -1.9512206903182092E-002
         335  -1.4663662819090935E-002
         336  -7.8386342682521867E-003
         337   2.4806545706468341E-016
         338   7.8386342682527383E-003
         339   1.4663662819091278E-002
         340   1.9512206903182304E-002
         341   2.1659060310650562E-002
         342   1.9906430610752385E-002
         343   1.4897295651603604E-002
         344   8.8021950261760878E-003
         345  -6.8873895425777213E-003
         346  -9.4241328391861095E-003
         347  -8.7548023718106664E-003
         348  -6.7758101324910053E-003
         349  -3.9060239849395897E-003
         350   1.5092094240998222E-016
         351   3.9060239849397225E-003
         352   6.7758101324911293E-003
         353   8.7548023718107288E-003
         354   9.4241328391862153E-003
         355   6.8873895425778089E-003
         356  -9.0939268722320344E-004
         357  -3.9031278209478160E-018
         358   9.0939268722321450E-004
 ------------------------------------------------------
 Eigenvalue #           2   25.648297063195908     
           0  -1.2961192490255874E-002
           1  -1.7546481133601185E-002
           2  -1.2961192490255850E-002
           3  -1.2135922022283309E-002
           4  -1.9937150231082584E-002
           5  -2.4635574384242416E-002
           6  -2.9872650932057012E-002
           7  -3.7657004306975196E-002
           8  -4.1219824383153691E-002
           9  -3.7657004306975127E-002
          10  -2.9872650932057054E-002
          11  -2.4635574384242361E-002
          12  -1.9937150231082407E-002
          13  -1.2135922022283202E-002
          14  -9.9830728956906960E-003
          15  -1.9454976098395756E-002
          16  -3.1500237587058638E-002
          17  -4.2491427613645029E-002
          18  -5.1022105914601858E-002
          19  -5.8265454424750042E-002
          20  -6.3541482791562173E-002
          21  -6.5688170601115120E-002
          22  -6.3541482791562229E-002
          23  -5.8265454424749931E-002
          24  -5.1022105914601677E-002
          25  -4.2491427613644758E-002
          26  -3.1500237587058444E-002
          27  -1.9454976098395631E-002
          28  -9.9830728956905035E-003
          29  -1.0300937276142818E-002
          30  -2.3414717801906636E-002
          31  -3.6479890690256367E-002
          32  -4.9304123326450434E-002
          33  -6.1230137669206833E-002
          34  -7.1405888796853154E-002
          35  -7.9359693086926475E-002
          36  -8.4761451058346593E-002
          37  -8.6675301090664333E-002
          38  -8.4761451058346649E-002
          39  -7.9359693086926364E-002
          40  -7.1405888796852959E-002
          41  -6.1230137669206514E-002
          42  -4.9304123326450205E-002
          43  -3.6479890690256325E-002
          44  -2.3414717801906664E-002
          45  -1.0300937276142820E-002
          46  -7.5755599056364625E-003
          47  -2.0119086402187712E-002
          48  -3.3870508291632934E-002
          49  -4.7961324819041938E-002
          50  -6.1769010539421923E-002
          51  -7.4415366533751193E-002
          52  -8.5151140934457747E-002
          53  -9.3424535395418992E-002
          54  -9.8625030934258645E-002
          55 -0.10042579159208252     
          56  -9.8625030934258617E-002
          57  -9.3424535395418840E-002
          58  -8.5151140934457484E-002
          59  -7.4415366533750887E-002
          60  -6.1769010539421583E-002
          61  -4.7961324819041778E-002
          62  -3.3870508291632996E-002
          63  -2.0119086402187795E-002
          64  -7.5755599056366116E-003
          65  -1.2326096077813573E-002
          66  -2.5977400082154108E-002
          67  -3.9822178157666886E-002
          68  -5.4007545073591345E-002
          69  -6.7504581266145197E-002
          70  -7.9882714355441781E-002
          71  -9.0329760616906785E-002
          72  -9.8338487258241819E-002
          73 -0.10338198859333837     
          74 -0.10512849096565215     
          75 -0.10338198859333828     
          76  -9.8338487258241625E-002
          77  -9.0329760616906549E-002
          78  -7.9882714355441753E-002
          79  -6.7504581266145072E-002
          80  -5.4007545073591345E-002
          81  -3.9822178157667136E-002
          82  -2.5977400082154434E-002
          83  -1.2326096077813833E-002
          84  -5.1948462558929036E-003
          85  -1.5485253117569996E-002
          86  -2.7769957309346661E-002
          87  -4.0593793942352831E-002
          88  -5.3495793405196189E-002
          89  -6.5905333131572166E-002
          90  -7.7146225693669676E-002
          91  -8.6628483246896149E-002
          92  -9.3831775001608247E-002
          93  -9.8314893978866599E-002
          94  -9.9840120851435038E-002
          95  -9.8314893978866530E-002
          96  -9.3831775001608109E-002
          97  -8.6628483246896121E-002
          98  -7.7146225693669829E-002
          99  -6.5905333131572416E-002
         100  -5.3495793405196633E-002
         101  -4.0593793942353518E-002
         102  -2.7769957309347306E-002
         103  -1.5485253117570388E-002
         104  -5.1948462558930241E-003
         105  -6.6187442326752898E-003
         106  -1.5510185430134937E-002
         107  -2.5441555288593615E-002
         108  -3.6127912868359327E-002
         109  -4.6822794170468460E-002
         110  -5.7060604326803641E-002
         111  -6.6300590131673637E-002
         112  -7.4100052290288015E-002
         113  -7.9996063851210719E-002
         114  -8.3703970184420454E-002
         115  -8.4956198824325938E-002
         116  -8.3703970184420301E-002
         117  -7.9996063851210580E-002
         118  -7.4100052290288126E-002
         119  -6.6300590131673914E-002
         120  -5.7060604326804001E-002
         121  -4.6822794170469084E-002
         122  -3.6127912868360104E-002
         123  -2.5441555288594351E-002
         124  -1.5510185430135316E-002
         125  -6.6187442326753844E-003
         126  -5.3446146060875787E-003
         127  -1.2132685380218729E-002
         128  -1.9352177184858356E-002
         129  -2.6994445793055297E-002
         130  -3.4617991580049856E-002
         131  -4.1940910090582539E-002
         132  -4.8527474181752572E-002
         133  -5.4077075972272549E-002
         134  -5.8264141525963986E-002
         135  -6.0875381097631652E-002
         136  -6.1754514759295824E-002
         137  -6.0875381097631485E-002
         138  -5.8264141525963896E-002
         139  -5.4077075972272654E-002
         140  -4.8527474181752843E-002
         141  -4.1940910090582824E-002
         142  -3.4617991580050390E-002
         143  -2.6994445793055911E-002
         144  -1.9352177184858935E-002
         145  -1.2132685380219133E-002
         146  -5.3446146060878415E-003
         147  -2.9739132493364880E-003
         148  -6.6279129156502975E-003
         149  -1.0416364056040241E-002
         150  -1.4416655857442890E-002
         151  -1.8392850656274509E-002
         152  -2.2194263956707296E-002
         153  -2.5612720679886004E-002
         154  -2.8493227929924082E-002
         155  -3.0664227427290604E-002
         156  -3.2027330325679462E-002
         157  -3.2486023611199469E-002
         158  -3.2027330325679379E-002
         159  -3.0664227427290591E-002
         160  -2.8493227929924207E-002
         161  -2.5612720679886292E-002
         162  -2.2194263956707646E-002
         163  -1.8392850656274953E-002
         164  -1.4416655857443256E-002
         165  -1.0416364056040657E-002
         166  -6.6279129156508222E-003
         167  -2.9739132493369303E-003
         168   1.0842021724855044E-016
         169   3.2059858240396366E-016
         170   3.6732769603808890E-016
         171   1.7130394325270970E-016
         172  -5.7679555576228836E-017
         173  -3.5952144039619327E-016
         174  -6.9475675212871124E-016
         175  -1.3062467774105357E-015
         176  -1.7698516263653374E-015
         177  -2.0634535746744120E-015
         178  -2.4476948246032748E-015
         179  -2.4754504002189037E-015
         180  -2.4346843985334488E-015
         181  -2.1935578353726726E-015
         182  -1.8552867575571952E-015
         183  -1.5321945101565149E-015
         184  -1.0486403412279799E-015
         185  -7.9710543721134286E-016
         186  -3.8120548384590336E-016
         187  -1.1492543028346347E-016
         188   5.7245874707234634E-017
         189   4.1308102771697719E-017
         190   1.8160386389132199E-018
         191   2.9739132493368293E-003
         192   6.6279129156507277E-003
         193   1.0416364056040378E-002
         194   1.4416655857442739E-002
         195   1.8392850656273860E-002
         196   2.2194263956705821E-002
         197   2.5612720679883502E-002
         198   2.8493227929920643E-002
         199   3.0664227427286465E-002
         200   3.2027330325674702E-002
         201   3.2486023611194653E-002
         202   3.2027330325674716E-002
         203   3.0664227427286320E-002
         204   2.8493227929920525E-002
         205   2.5612720679883405E-002
         206   2.2194263956705686E-002
         207   1.8392850656273680E-002
         208   1.4416655857442544E-002
         209   1.0416364056040359E-002
         210   6.6279129156508482E-003
         211   2.9739132493369785E-003
         212   5.3446146060877244E-003
         213   1.2132685380218892E-002
         214   1.9352177184858516E-002
         215   2.6994445793055360E-002
         216   3.4617991580049183E-002
         217   4.1940910090580992E-002
         218   4.8527474181750116E-002
         219   5.4077075972269316E-002
         220   5.8264141525960017E-002
         221   6.0875381097627163E-002
         222   6.1754514759291314E-002
         223   6.0875381097627135E-002
         224   5.8264141525959871E-002
         225   5.4077075972269184E-002
         226   4.8527474181750282E-002
         227   4.1940910090581339E-002
         228   3.4617991580049384E-002
         229   2.6994445793055384E-002
         230   1.9352177184858654E-002
         231   1.2132685380219062E-002
         232   5.3446146060878285E-003
         233   6.6187442326752889E-003
         234   1.5510185430134977E-002
         235   2.5441555288593903E-002
         236   3.6127912868359362E-002
         237   4.6822794170467912E-002
         238   5.7060604326802142E-002
         239   6.6300590131671486E-002
         240   7.4100052290284990E-002
         241   7.9996063851207111E-002
         242   8.3703970184416526E-002
         243   8.4956198824321968E-002
         244   8.3703970184416540E-002
         245   7.9996063851207153E-002
         246   7.4100052290285143E-002
         247   6.6300590131671847E-002
         248   5.7060604326802641E-002
         249   4.6822794170468363E-002
         250   3.6127912868359667E-002
         251   2.5441555288594091E-002
         252   1.5510185430135113E-002
         253   6.6187442326753453E-003
         254   5.1948462558928758E-003
         255   1.5485253117569975E-002
         256   2.7769957309346643E-002
         257   4.0593793942352581E-002
         258   5.3495793405195245E-002
         259   6.5905333131570626E-002
         260   7.7146225693667553E-002
         261   8.6628483246893387E-002
         262   9.3831775001605194E-002
         263   9.8314893978863407E-002
         264   9.9840120851431957E-002
         265   9.8314893978863546E-002
         266   9.3831775001605430E-002
         267   8.6628483246893789E-002
         268   7.7146225693668052E-002
         269   6.5905333131571209E-002
         270   5.3495793405195918E-002
         271   4.0593793942353060E-002
         272   2.7769957309346970E-002
         273   1.5485253117570090E-002
         274   5.1948462558928758E-003
         275   1.2326096077813495E-002
         276   2.5977400082153820E-002
         277   3.9822178157666262E-002
         278   5.4007545073590117E-002
         279   6.7504581266143504E-002
         280   7.9882714355439768E-002
         281   9.0329760616904370E-002
         282   9.8338487258239154E-002
         283  0.10338198859333589     
         284  0.10512849096564973     
         285  0.10338198859333599     
         286   9.8338487258239404E-002
         287   9.0329760616904703E-002
         288   7.9882714355440240E-002
         289   6.7504581266144142E-002
         290   5.4007545073590880E-002
         291   3.9822178157666768E-002
         292   2.5977400082154111E-002
         293   1.2326096077813663E-002
         294   7.5755599056364573E-003
         295   2.0119086402187441E-002
         296   3.3870508291632281E-002
         297   4.7961324819040752E-002
         298   6.1769010539420403E-002
         299   7.4415366533749416E-002
         300   8.5151140934455805E-002
         301   9.3424535395416980E-002
         302   9.8625030934256439E-002
         303  0.10042579159208054     
         304   9.8625030934256466E-002
         305   9.3424535395416758E-002
         306   8.5151140934455763E-002
         307   7.4415366533749625E-002
         308   6.1769010539420806E-002
         309   4.7961324819041293E-002
         310   3.3870508291632663E-002
         311   2.0119086402187597E-002
         312   7.5755599056365900E-003
         313   1.0300937276142771E-002
         314   2.3414717801906272E-002
         315   3.6479890690255694E-002
         316   4.9304123326449581E-002
         317   6.1230137669205771E-002
         318   7.1405888796851891E-002
         319   7.9359693086925004E-002
         320   8.4761451058344789E-002
         321   8.6675301090662460E-002
         322   8.4761451058344706E-002
         323   7.9359693086924699E-002
         324   7.1405888796851419E-002
         325   6.1230137669205445E-002
         326   4.9304123326449636E-002
         327   3.6479890690255957E-002
         328   2.3414717801906435E-002
         329   1.0300937276142619E-002
         330   9.9830728956905469E-003
         331   1.9454976098395457E-002
         332   3.1500237587058305E-002
         333   4.2491427613644675E-002
         334   5.1022105914601282E-002
         335   5.8265454424749140E-002
         336   6.3541482791560994E-002
         337   6.5688170601113899E-002
         338   6.3541482791561035E-002
         339   5.8265454424748800E-002
         340   5.1022105914600699E-002
         341   4.2491427613644155E-002
         342   3.1500237587057958E-002
         343   1.9454976098395582E-002
         344   9.9830728956905018E-003
         345   1.2135922022283075E-002
         346   1.9937150231082511E-002
         347   2.4635574384242367E-002
         348   2.9872650932056710E-002
         349   3.7657004306974662E-002
         350   4.1219824383153220E-002
         351   3.7657004306974523E-002
         352   2.9872650932056322E-002
         353   2.4635574384241854E-002
         354   1.9937150231082029E-002
         355   1.2135922022282947E-002
         356   1.2961192490255707E-002
         357   1.7546481133601039E-002
         358   1.2961192490255643E-002
 ------------------------------------------------------
 Eigenvalue #           3   43.222569740276690     
           0  -2.2484096305648831E-003
           1  -4.8073524328007267E-016
           2   2.2484096305642968E-003
           3  -1.5583827142150831E-002
           4  -2.1771629394992876E-002
           5  -2.0598963307626131E-002
           6  -1.6151069388327215E-002
           7  -9.4131098035141799E-003
           8  -1.2122464490560425E-015
           9   9.4131098035122162E-003
          10   1.6151069388325997E-002
          11   2.0598963307625583E-002
          12   2.1771629394992716E-002
          13   1.5583827142150852E-002
          14  -1.7607806721932490E-002
          15  -3.0894010050067314E-002
          16  -4.2940438526193628E-002
          17  -4.8004662061453610E-002
          18  -4.4093076817603827E-002
          19  -3.3577713929701193E-002
          20  -1.8100118409188699E-002
          21  -1.6424578710982907E-015
          22   1.8100118409185916E-002
          23   3.3577713929699285E-002
          24   4.4093076817602841E-002
          25   4.8004662061453353E-002
          26   4.2940438526194127E-002
          27   3.0894010050068216E-002
          28   1.7607806721933111E-002
          29  -2.0385891021766977E-002
          30  -4.2943480045897868E-002
          31  -6.0062412232519513E-002
          32  -7.0197408221273863E-002
          33  -7.1808765469414657E-002
          34  -6.4105318521140237E-002
          35  -4.7977809218813290E-002
          36  -2.5677009088308181E-002
          37  -2.0002445880185071E-015
          38   2.5677009088304736E-002
          39   4.7977809218811070E-002
          40   6.4105318521138960E-002
          41   7.1808765469414587E-002
          42   7.0197408221275195E-002
          43   6.0062412232521484E-002
          44   4.2943480045899714E-002
          45   2.0385891021768014E-002
          46  -1.6407913069341706E-002
          47  -4.1310149714241233E-002
          48  -6.4328158920943374E-002
          49  -8.1712136290445297E-002
          50  -9.0930434011292610E-002
          51  -9.0173155372468061E-002
          52  -7.9005016594682634E-002
          53  -5.8552169552469786E-002
          54  -3.1121782100255475E-002
          55  -2.2978580843657781E-015
          56   3.1121782100251034E-002
          57   5.8552169552466796E-002
          58   7.9005016594681038E-002
          59   9.0173155372467742E-002
          60   9.0930434011294262E-002
          61   8.1712136290448045E-002
          62   6.4328158920946302E-002
          63   4.1310149714243516E-002
          64   1.6407913069342760E-002
          65  -2.7458115178314514E-002
          66  -5.5004813268154741E-002
          67  -7.7840781725091512E-002
          68  -9.4614545154013283E-002
          69 -0.10215687771994110     
          70  -9.9488311104951502E-002
          71  -8.6157451678335134E-002
          72  -6.3429789018849478E-002
          73  -3.3603871971450011E-002
          74  -2.8035299776130174E-015
          75   3.3603871971444980E-002
          76   6.3429789018845856E-002
          77   8.6157451678333233E-002
          78   9.9488311104951571E-002
          79  0.10215687771994331     
          80   9.4614545154016960E-002
          81   7.7840781725095481E-002
          82   5.5004813268158197E-002
          83   2.7458115178316485E-002
          84  -1.2417246950220803E-002
          85  -3.5569261568400574E-002
          86  -6.0274485131711811E-002
          87  -8.1253680991960911E-002
          88  -9.5870136562063266E-002
          89 -0.10196786912629319     
          90  -9.8197102026808619E-002
          91  -8.4457839032628254E-002
          92  -6.1879997452358532E-002
          93  -3.2697913516143449E-002
          94  -2.8724852357830954E-015
          95   3.2697913516138009E-002
          96   6.1879997452354479E-002
          97   8.4457839032626381E-002
          98   9.8197102026809188E-002
          99  0.10196786912629595     
         100   9.5870136562067901E-002
         101   8.1253680991966157E-002
         102   6.0274485131716508E-002
         103   3.5569261568403822E-002
         104   1.2417246950222045E-002
         105  -1.6073449077343902E-002
         106  -3.6369282265850220E-002
         107  -5.6307601904942960E-002
         108  -7.3637717859179538E-002
         109  -8.5375177729166182E-002
         110  -8.9801393316690736E-002
         111  -8.5823775531898641E-002
         112  -7.3470251312106355E-002
         113  -5.3657035844579357E-002
         114  -2.8313689307556233E-002
         115  -2.8759546827350491E-015
         116   2.8313689307550856E-002
         117   5.3657035844575603E-002
         118   7.3470251312104815E-002
         119   8.5823775531899668E-002
         120   8.9801393316694261E-002
         121   8.5375177729171747E-002
         122   7.3637717859185894E-002
         123   5.6307601904948733E-002
         124   3.6369282265854418E-002
         125   1.6073449077345911E-002
         126  -1.3147851598465902E-002
         127  -2.8840466347340141E-002
         128  -4.3403317121317335E-002
         129  -5.5733606626769600E-002
         130  -6.3909708585517255E-002
         131  -6.6802304328480541E-002
         132  -6.3562882715623770E-002
         133  -5.4250497070440315E-002
         134  -3.9541929325549230E-002
         135  -2.0839065377280745E-002
         136  -2.7755575615628914E-015
         137   2.0839065377275701E-002
         138   3.9541929325545865E-002
         139   5.4250497070439448E-002
         140   6.3562882715625324E-002
         141   6.6802304328484635E-002
         142   6.3909708585523500E-002
         143   5.5733606626776754E-002
         144   4.3403317121323816E-002
         145   2.8840466347344711E-002
         146   1.3147851598468163E-002
         147  -7.3661389457799625E-003
         148  -1.5874883364746184E-002
         149  -2.3546298823577238E-002
         150  -2.9990489024778119E-002
         151  -3.4203540977350684E-002
         152  -3.5605658388354701E-002
         153  -3.3787437467262670E-002
         154  -2.8787401534987062E-002
         155  -2.0958523276168251E-002
         156  -1.1040220307634879E-002
         157  -2.5643549783627151E-015
         158   1.1040220307630477E-002
         159   2.0958523276165562E-002
         160   2.8787401534986497E-002
         161   3.3787437467264668E-002
         162   3.5605658388359301E-002
         163   3.4203540977356901E-002
         164   2.9990489024785152E-002
         165   2.3546298823583875E-002
         166   1.5874883364751027E-002
         167   7.3661389457823747E-003
         168   3.6931991753003102E-016
         169   1.4437236128816977E-015
         170   2.6108672515623432E-015
         171   3.3779944987044619E-015
         172   3.5454495242448480E-015
         173   2.9495720102468148E-015
         174   1.8674298218890328E-015
         175   5.7115770446536374E-016
         176  -6.2883726004159257E-016
         177  -1.7165088794790506E-015
         178  -2.2774750835230506E-015
         179  -2.2416964118310290E-015
         180  -1.6414820891430537E-015
         181  -6.7892740041042288E-016
         182   4.2912721986976265E-016
         183   1.5365313188464569E-015
         184   2.5300941897121731E-015
         185   3.0497522909844754E-015
         186   3.1357295232625759E-015
         187   2.8299303005130394E-015
         188   2.2926539139378477E-015
         189   1.2671341840381212E-015
         190   2.1903594389638403E-016
         191   7.3661389457824961E-003
         192   1.5874883364751249E-002
         193   2.3546298823583861E-002
         194   2.9990489024785051E-002
         195   3.4203540977356332E-002
         196   3.5605658388358233E-002
         197   3.3787437467263648E-002
         198   2.8787401534985543E-002
         199   2.0958523276164948E-002
         200   1.1040220307630313E-002
         201  -2.0190012856025064E-015
         202  -1.1040220307633866E-002
         203  -2.0958523276167131E-002
         204  -2.8787401534985883E-002
         205  -3.3787437467261684E-002
         206  -3.5605658388354292E-002
         207  -3.4203540977350899E-002
         208  -2.9990489024778980E-002
         209  -2.3546298823578216E-002
         210  -1.5874883364746645E-002
         211  -7.3661389457800579E-003
         212   1.3147851598468173E-002
         213   2.8840466347344631E-002
         214   4.3403317121323434E-002
         215   5.5733606626776150E-002
         216   6.3909708585522709E-002
         217   6.6802304328483705E-002
         218   6.3562882715624450E-002
         219   5.4250497070438809E-002
         220   3.9541929325545823E-002
         221   2.0839065377275881E-002
         222  -2.0523947125150599E-015
         223  -2.0839065377279451E-002
         224  -3.9541929325547967E-002
         225  -5.4250497070439302E-002
         226  -6.3562882715622923E-002
         227  -6.6802304328480125E-002
         228  -6.3909708585517797E-002
         229  -5.5733606626770821E-002
         230  -4.3403317121318515E-002
         231  -2.8840466347340787E-002
         232  -1.3147851598466237E-002
         233   1.6073449077345873E-002
         234   3.6369282265854286E-002
         235   5.6307601904948372E-002
         236   7.3637717859185201E-002
         237   8.5375177729171040E-002
         238   8.9801393316693554E-002
         239   8.5823775531898974E-002
         240   7.3470251312104301E-002
         241   5.3657035844575526E-002
         242   2.8313689307551213E-002
         243  -2.2017977718835624E-015
         244  -2.8313689307554932E-002
         245  -5.3657035844577969E-002
         246  -7.3470251312105314E-002
         247  -8.5823775531898058E-002
         248  -8.9801393316690681E-002
         249  -8.5375177729166807E-002
         250  -7.3637717859180774E-002
         251  -5.6307601904944368E-002
         252  -3.6369282265851163E-002
         253  -1.6073449077344194E-002
         254   1.2417246950222045E-002
         255   3.5569261568403711E-002
         256   6.0274485131716231E-002
         257   8.1253680991965713E-002
         258   9.5870136562067249E-002
         259  0.10196786912629539     
         260   9.8197102026808827E-002
         261   8.4457839032626256E-002
         262   6.1879997452354688E-002
         263   3.2697913516138544E-002
         264  -2.1163626406917047E-015
         265  -3.2697913516142423E-002
         266  -6.1879997452357248E-002
         267  -8.4457839032627477E-002
         268  -9.8197102026808217E-002
         269 -0.10196786912629301     
         270  -9.5870136562063626E-002
         271  -8.1253680991962063E-002
         272  -6.0274485131713400E-002
         273  -3.5569261568401629E-002
         274  -1.2417246950220897E-002
         275   2.7458115178316474E-002
         276   5.5004813268158044E-002
         277   7.7840781725095273E-002
         278   9.4614545154016377E-002
         279  0.10215687771994272     
         280   9.9488311104951266E-002
         281   8.6157451678333358E-002
         282   6.3429789018846008E-002
         283   3.3603871971445681E-002
         284  -1.9103642279194588E-015
         285  -3.3603871971449269E-002
         286  -6.3429789018848673E-002
         287  -8.6157451678334759E-002
         288  -9.9488311104951377E-002
         289 -0.10215687771994107     
         290  -9.4614545154013338E-002
         291  -7.7840781725092373E-002
         292  -5.5004813268155928E-002
         293  -2.7458115178315270E-002
         294   1.6407913069342726E-002
         295   4.1310149714243335E-002
         296   6.4328158920946357E-002
         297   8.1712136290447629E-002
         298   9.0930434011293734E-002
         299   9.0173155372467589E-002
         300   7.9005016594681024E-002
         301   5.8552169552467129E-002
         302   3.1121782100251780E-002
         303  -1.8323016715005025E-015
         304  -3.1121782100255048E-002
         305  -5.8552169552469974E-002
         306  -7.9005016594683036E-002
         307  -9.0173155372468131E-002
         308  -9.0930434011292513E-002
         309  -8.1712136290445367E-002
         310  -6.4328158920943998E-002
         311  -4.1310149714242031E-002
         312  -1.6407913069342254E-002
         313   2.0385891021767900E-002
         314   4.2943480045899540E-002
         315   6.0062412232521185E-002
         316   7.0197408221274543E-002
         317   7.1808765469414101E-002
         318   6.4105318521138835E-002
         319   4.7977809218811417E-002
         320   2.5677009088305208E-002
         321  -1.5092094240998222E-015
         322  -2.5677009088308219E-002
         323  -4.7977809218814116E-002
         324  -6.4105318521140722E-002
         325  -7.1808765469414740E-002
         326  -7.0197408221273780E-002
         327  -6.0062412232519527E-002
         328  -4.2943480045898118E-002
         329  -2.0385891021767279E-002
         330   1.7607806721933138E-002
         331   3.0894010050068157E-002
         332   4.2940438526193780E-002
         333   4.8004662061452763E-002
         334   4.4093076817602564E-002
         335   3.3577713929699604E-002
         336   1.8100118409186353E-002
         337  -1.1449174941446927E-015
         338  -1.8100118409188612E-002
         339  -3.3577713929701547E-002
         340  -4.4093076817603952E-002
         341  -4.8004662061453346E-002
         342  -4.2940438526193600E-002
         343  -3.0894010050067353E-002
         344  -1.7607806721932476E-002
         345   1.5583827142150770E-002
         346   2.1771629394992359E-002
         347   2.0598963307625531E-002
         348   1.6151069388326257E-002
         349   9.4131098035125683E-003
         350  -7.3812483902813142E-016
         351  -9.4131098035139804E-003
         352  -1.6151069388327263E-002
         353  -2.0598963307626193E-002
         354  -2.1771629394992761E-002
         355  -1.5583827142150888E-002
         356   2.2484096305643696E-003
         357  -2.8189256484623115E-016
         358  -2.2484096305648545E-003
 ------------------------------------------------------
