           0  -5.0000000000000003E-002 -0.50000000000000000     
           1   0.0000000000000000      -0.50000000000000000     
           2   5.0000000000000003E-002 -0.50000000000000000     
           3 -0.25000000000000000      -0.45000000000000001     
           4 -0.20000000000000001      -0.45000000000000001     
           5 -0.15000000000000002      -0.45000000000000001     
           6 -0.10000000000000001      -0.45000000000000001     
           7  -5.0000000000000003E-002 -0.45000000000000001     
           8   0.0000000000000000      -0.45000000000000001     
           9   5.0000000000000003E-002 -0.45000000000000001     
          10  0.10000000000000001      -0.45000000000000001     
          11  0.15000000000000002      -0.45000000000000001     
          12  0.20000000000000001      -0.45000000000000001     
          13  0.25000000000000000      -0.45000000000000001     
          14 -0.35000000000000003      -0.40000000000000002     
          15 -0.30000000000000004      -0.40000000000000002     
          16 -0.25000000000000000      -0.40000000000000002     
          17 -0.20000000000000001      -0.40000000000000002     
          18 -0.15000000000000002      -0.40000000000000002     
          19 -0.10000000000000001      -0.40000000000000002     
          20  -5.0000000000000003E-002 -0.40000000000000002     
          21   0.0000000000000000      -0.40000000000000002     
          22   5.0000000000000003E-002 -0.40000000000000002     
          23  0.10000000000000001      -0.40000000000000002     
          24  0.15000000000000002      -0.40000000000000002     
          25  0.20000000000000001      -0.40000000000000002     
          26  0.25000000000000000      -0.40000000000000002     
          27  0.30000000000000004      -0.40000000000000002     
          28  0.35000000000000003      -0.40000000000000002     
          29 -0.40000000000000002      -0.35000000000000003     
          30 -0.35000000000000003      -0.35000000000000003     
          31 -0.30000000000000004      -0.35000000000000003     
          32 -0.25000000000000000      -0.35000000000000003     
          33 -0.20000000000000001      -0.35000000000000003     
          34 -0.15000000000000002      -0.35000000000000003     
          35 -0.10000000000000001      -0.35000000000000003     
          36  -5.0000000000000003E-002 -0.35000000000000003     
          37   0.0000000000000000      -0.35000000000000003     
          38   5.0000000000000003E-002 -0.35000000000000003     
          39  0.10000000000000001      -0.35000000000000003     
          40  0.15000000000000002      -0.35000000000000003     
          41  0.20000000000000001      -0.35000000000000003     
          42  0.25000000000000000      -0.35000000000000003     
          43  0.30000000000000004      -0.35000000000000003     
          44  0.35000000000000003      -0.35000000000000003     
          45  0.40000000000000002      -0.35000000000000003     
          46 -0.45000000000000001      -0.30000000000000004     
          47 -0.40000000000000002      -0.30000000000000004     
          48 -0.35000000000000003      -0.30000000000000004     
          49 -0.30000000000000004      -0.30000000000000004     
          50 -0.25000000000000000      -0.30000000000000004     
          51 -0.20000000000000001      -0.30000000000000004     
          52 -0.15000000000000002      -0.30000000000000004     
          53 -0.10000000000000001      -0.30000000000000004     
          54  -5.0000000000000003E-002 -0.30000000000000004     
          55   0.0000000000000000      -0.30000000000000004     
          56   5.0000000000000003E-002 -0.30000000000000004     
          57  0.10000000000000001      -0.30000000000000004     
          58  0.15000000000000002      -0.30000000000000004     
          59  0.20000000000000001      -0.30000000000000004     
          60  0.25000000000000000      -0.30000000000000004     
          61  0.30000000000000004      -0.30000000000000004     
          62  0.35000000000000003      -0.30000000000000004     
          63  0.40000000000000002      -0.30000000000000004     
          64  0.45000000000000001      -0.30000000000000004     
          65 -0.45000000000000001      -0.25000000000000000     
          66 -0.40000000000000002      -0.25000000000000000     
          67 -0.35000000000000003      -0.25000000000000000     
          68 -0.30000000000000004      -0.25000000000000000     
          69 -0.25000000000000000      -0.25000000000000000     
          70 -0.20000000000000001      -0.25000000000000000     
          71 -0.15000000000000002      -0.25000000000000000     
          72 -0.10000000000000001      -0.25000000000000000     
          73  -5.0000000000000003E-002 -0.25000000000000000     
          74   0.0000000000000000      -0.25000000000000000     
          75   5.0000000000000003E-002 -0.25000000000000000     
          76  0.10000000000000001      -0.25000000000000000     
          77  0.15000000000000002      -0.25000000000000000     
          78  0.20000000000000001      -0.25000000000000000     
          79  0.25000000000000000      -0.25000000000000000     
          80  0.30000000000000004      -0.25000000000000000     
          81  0.35000000000000003      -0.25000000000000000     
          82  0.40000000000000002      -0.25000000000000000     
          83  0.45000000000000001      -0.25000000000000000     
          84 -0.50000000000000000      -0.20000000000000001     
          85 -0.45000000000000001      -0.20000000000000001     
          86 -0.40000000000000002      -0.20000000000000001     
          87 -0.35000000000000003      -0.20000000000000001     
          88 -0.30000000000000004      -0.20000000000000001     
          89 -0.25000000000000000      -0.20000000000000001     
          90 -0.20000000000000001      -0.20000000000000001     
          91 -0.15000000000000002      -0.20000000000000001     
          92 -0.10000000000000001      -0.20000000000000001     
          93  -5.0000000000000003E-002 -0.20000000000000001     
          94   0.0000000000000000      -0.20000000000000001     
          95   5.0000000000000003E-002 -0.20000000000000001     
          96  0.10000000000000001      -0.20000000000000001     
          97  0.15000000000000002      -0.20000000000000001     
          98  0.20000000000000001      -0.20000000000000001     
          99  0.25000000000000000      -0.20000000000000001     
         100  0.30000000000000004      -0.20000000000000001     
         101  0.35000000000000003      -0.20000000000000001     
         102  0.40000000000000002      -0.20000000000000001     
         103  0.45000000000000001      -0.20000000000000001     
         104  0.50000000000000000      -0.20000000000000001     
         105 -0.50000000000000000      -0.15000000000000002     
         106 -0.45000000000000001      -0.15000000000000002     
         107 -0.40000000000000002      -0.15000000000000002     
         108 -0.35000000000000003      -0.15000000000000002     
         109 -0.30000000000000004      -0.15000000000000002     
         110 -0.25000000000000000      -0.15000000000000002     
         111 -0.20000000000000001      -0.15000000000000002     
         112 -0.15000000000000002      -0.15000000000000002     
         113 -0.10000000000000001      -0.15000000000000002     
         114  -5.0000000000000003E-002 -0.15000000000000002     
         115   0.0000000000000000      -0.15000000000000002     
         116   5.0000000000000003E-002 -0.15000000000000002     
         117  0.10000000000000001      -0.15000000000000002     
         118  0.15000000000000002      -0.15000000000000002     
         119  0.20000000000000001      -0.15000000000000002     
         120  0.25000000000000000      -0.15000000000000002     
         121  0.30000000000000004      -0.15000000000000002     
         122  0.35000000000000003      -0.15000000000000002     
         123  0.40000000000000002      -0.15000000000000002     
         124  0.45000000000000001      -0.15000000000000002     
         125  0.50000000000000000      -0.15000000000000002     
         126 -0.50000000000000000      -0.10000000000000001     
         127 -0.45000000000000001      -0.10000000000000001     
         128 -0.40000000000000002      -0.10000000000000001     
         129 -0.35000000000000003      -0.10000000000000001     
         130 -0.30000000000000004      -0.10000000000000001     
         131 -0.25000000000000000      -0.10000000000000001     
         132 -0.20000000000000001      -0.10000000000000001     
         133 -0.15000000000000002      -0.10000000000000001     
         134 -0.10000000000000001      -0.10000000000000001     
         135  -5.0000000000000003E-002 -0.10000000000000001     
         136   0.0000000000000000      -0.10000000000000001     
         137   5.0000000000000003E-002 -0.10000000000000001     
         138  0.10000000000000001      -0.10000000000000001     
         139  0.15000000000000002      -0.10000000000000001     
         140  0.20000000000000001      -0.10000000000000001     
         141  0.25000000000000000      -0.10000000000000001     
         142  0.30000000000000004      -0.10000000000000001     
         143  0.35000000000000003      -0.10000000000000001     
         144  0.40000000000000002      -0.10000000000000001     
         145  0.45000000000000001      -0.10000000000000001     
         146  0.50000000000000000      -0.10000000000000001     
         147 -0.50000000000000000       -5.0000000000000003E-002
         148 -0.45000000000000001       -5.0000000000000003E-002
         149 -0.40000000000000002       -5.0000000000000003E-002
         150 -0.35000000000000003       -5.0000000000000003E-002
         151 -0.30000000000000004       -5.0000000000000003E-002
         152 -0.25000000000000000       -5.0000000000000003E-002
         153 -0.20000000000000001       -5.0000000000000003E-002
         154 -0.15000000000000002       -5.0000000000000003E-002
         155 -0.10000000000000001       -5.0000000000000003E-002
         156  -5.0000000000000003E-002  -5.0000000000000003E-002
         157   0.0000000000000000       -5.0000000000000003E-002
         158   5.0000000000000003E-002  -5.0000000000000003E-002
         159  0.10000000000000001       -5.0000000000000003E-002
         160  0.15000000000000002       -5.0000000000000003E-002
         161  0.20000000000000001       -5.0000000000000003E-002
         162  0.25000000000000000       -5.0000000000000003E-002
         163  0.30000000000000004       -5.0000000000000003E-002
         164  0.35000000000000003       -5.0000000000000003E-002
         165  0.40000000000000002       -5.0000000000000003E-002
         166  0.45000000000000001       -5.0000000000000003E-002
         167  0.50000000000000000       -5.0000000000000003E-002
         168 -0.55000000000000004        0.0000000000000000     
         169 -0.50000000000000000        0.0000000000000000     
         170 -0.45000000000000001        0.0000000000000000     
         171 -0.40000000000000002        0.0000000000000000     
         172 -0.35000000000000003        0.0000000000000000     
         173 -0.30000000000000004        0.0000000000000000     
         174 -0.25000000000000000        0.0000000000000000     
         175 -0.20000000000000001        0.0000000000000000     
         176 -0.15000000000000002        0.0000000000000000     
         177 -0.10000000000000001        0.0000000000000000     
         178  -5.0000000000000003E-002   0.0000000000000000     
         179   0.0000000000000000        0.0000000000000000     
         180   5.0000000000000003E-002   0.0000000000000000     
         181  0.10000000000000001        0.0000000000000000     
         182  0.15000000000000002        0.0000000000000000     
         183  0.20000000000000001        0.0000000000000000     
         184  0.25000000000000000        0.0000000000000000     
         185  0.30000000000000004        0.0000000000000000     
         186  0.35000000000000003        0.0000000000000000     
         187  0.40000000000000002        0.0000000000000000     
         188  0.45000000000000001        0.0000000000000000     
         189  0.50000000000000000        0.0000000000000000     
         190  0.55000000000000004        0.0000000000000000     
         191 -0.50000000000000000        5.0000000000000003E-002
         192 -0.45000000000000001        5.0000000000000003E-002
         193 -0.40000000000000002        5.0000000000000003E-002
         194 -0.35000000000000003        5.0000000000000003E-002
         195 -0.30000000000000004        5.0000000000000003E-002
         196 -0.25000000000000000        5.0000000000000003E-002
         197 -0.20000000000000001        5.0000000000000003E-002
         198 -0.15000000000000002        5.0000000000000003E-002
         199 -0.10000000000000001        5.0000000000000003E-002
         200  -5.0000000000000003E-002   5.0000000000000003E-002
         201   0.0000000000000000        5.0000000000000003E-002
         202   5.0000000000000003E-002   5.0000000000000003E-002
         203  0.10000000000000001        5.0000000000000003E-002
         204  0.15000000000000002        5.0000000000000003E-002
         205  0.20000000000000001        5.0000000000000003E-002
         206  0.25000000000000000        5.0000000000000003E-002
         207  0.30000000000000004        5.0000000000000003E-002
         208  0.35000000000000003        5.0000000000000003E-002
         209  0.40000000000000002        5.0000000000000003E-002
         210  0.45000000000000001        5.0000000000000003E-002
         211  0.50000000000000000        5.0000000000000003E-002
         212 -0.50000000000000000       0.10000000000000001     
         213 -0.45000000000000001       0.10000000000000001     
         214 -0.40000000000000002       0.10000000000000001     
         215 -0.35000000000000003       0.10000000000000001     
         216 -0.30000000000000004       0.10000000000000001     
         217 -0.25000000000000000       0.10000000000000001     
         218 -0.20000000000000001       0.10000000000000001     
         219 -0.15000000000000002       0.10000000000000001     
         220 -0.10000000000000001       0.10000000000000001     
         221  -5.0000000000000003E-002  0.10000000000000001     
         222   0.0000000000000000       0.10000000000000001     
         223   5.0000000000000003E-002  0.10000000000000001     
         224  0.10000000000000001       0.10000000000000001     
         225  0.15000000000000002       0.10000000000000001     
         226  0.20000000000000001       0.10000000000000001     
         227  0.25000000000000000       0.10000000000000001     
         228  0.30000000000000004       0.10000000000000001     
         229  0.35000000000000003       0.10000000000000001     
         230  0.40000000000000002       0.10000000000000001     
         231  0.45000000000000001       0.10000000000000001     
         232  0.50000000000000000       0.10000000000000001     
         233 -0.50000000000000000       0.15000000000000002     
         234 -0.45000000000000001       0.15000000000000002     
         235 -0.40000000000000002       0.15000000000000002     
         236 -0.35000000000000003       0.15000000000000002     
         237 -0.30000000000000004       0.15000000000000002     
         238 -0.25000000000000000       0.15000000000000002     
         239 -0.20000000000000001       0.15000000000000002     
         240 -0.15000000000000002       0.15000000000000002     
         241 -0.10000000000000001       0.15000000000000002     
         242  -5.0000000000000003E-002  0.15000000000000002     
         243   0.0000000000000000       0.15000000000000002     
         244   5.0000000000000003E-002  0.15000000000000002     
         245  0.10000000000000001       0.15000000000000002     
         246  0.15000000000000002       0.15000000000000002     
         247  0.20000000000000001       0.15000000000000002     
         248  0.25000000000000000       0.15000000000000002     
         249  0.30000000000000004       0.15000000000000002     
         250  0.35000000000000003       0.15000000000000002     
         251  0.40000000000000002       0.15000000000000002     
         252  0.45000000000000001       0.15000000000000002     
         253  0.50000000000000000       0.15000000000000002     
         254 -0.50000000000000000       0.20000000000000001     
         255 -0.45000000000000001       0.20000000000000001     
         256 -0.40000000000000002       0.20000000000000001     
         257 -0.35000000000000003       0.20000000000000001     
         258 -0.30000000000000004       0.20000000000000001     
         259 -0.25000000000000000       0.20000000000000001     
         260 -0.20000000000000001       0.20000000000000001     
         261 -0.15000000000000002       0.20000000000000001     
         262 -0.10000000000000001       0.20000000000000001     
         263  -5.0000000000000003E-002  0.20000000000000001     
         264   0.0000000000000000       0.20000000000000001     
         265   5.0000000000000003E-002  0.20000000000000001     
         266  0.10000000000000001       0.20000000000000001     
         267  0.15000000000000002       0.20000000000000001     
         268  0.20000000000000001       0.20000000000000001     
         269  0.25000000000000000       0.20000000000000001     
         270  0.30000000000000004       0.20000000000000001     
         271  0.35000000000000003       0.20000000000000001     
         272  0.40000000000000002       0.20000000000000001     
         273  0.45000000000000001       0.20000000000000001     
         274  0.50000000000000000       0.20000000000000001     
         275 -0.45000000000000001       0.25000000000000000     
         276 -0.40000000000000002       0.25000000000000000     
         277 -0.35000000000000003       0.25000000000000000     
         278 -0.30000000000000004       0.25000000000000000     
         279 -0.25000000000000000       0.25000000000000000     
         280 -0.20000000000000001       0.25000000000000000     
         281 -0.15000000000000002       0.25000000000000000     
         282 -0.10000000000000001       0.25000000000000000     
         283  -5.0000000000000003E-002  0.25000000000000000     
         284   0.0000000000000000       0.25000000000000000     
         285   5.0000000000000003E-002  0.25000000000000000     
         286  0.10000000000000001       0.25000000000000000     
         287  0.15000000000000002       0.25000000000000000     
         288  0.20000000000000001       0.25000000000000000     
         289  0.25000000000000000       0.25000000000000000     
         290  0.30000000000000004       0.25000000000000000     
         291  0.35000000000000003       0.25000000000000000     
         292  0.40000000000000002       0.25000000000000000     
         293  0.45000000000000001       0.25000000000000000     
         294 -0.45000000000000001       0.30000000000000004     
         295 -0.40000000000000002       0.30000000000000004     
         296 -0.35000000000000003       0.30000000000000004     
         297 -0.30000000000000004       0.30000000000000004     
         298 -0.25000000000000000       0.30000000000000004     
         299 -0.20000000000000001       0.30000000000000004     
         300 -0.15000000000000002       0.30000000000000004     
         301 -0.10000000000000001       0.30000000000000004     
         302  -5.0000000000000003E-002  0.30000000000000004     
         303   0.0000000000000000       0.30000000000000004     
         304   5.0000000000000003E-002  0.30000000000000004     
         305  0.10000000000000001       0.30000000000000004     
         306  0.15000000000000002       0.30000000000000004     
         307  0.20000000000000001       0.30000000000000004     
         308  0.25000000000000000       0.30000000000000004     
         309  0.30000000000000004       0.30000000000000004     
         310  0.35000000000000003       0.30000000000000004     
         311  0.40000000000000002       0.30000000000000004     
         312  0.45000000000000001       0.30000000000000004     
         313 -0.40000000000000002       0.35000000000000003     
         314 -0.35000000000000003       0.35000000000000003     
         315 -0.30000000000000004       0.35000000000000003     
         316 -0.25000000000000000       0.35000000000000003     
         317 -0.20000000000000001       0.35000000000000003     
         318 -0.15000000000000002       0.35000000000000003     
         319 -0.10000000000000001       0.35000000000000003     
         320  -5.0000000000000003E-002  0.35000000000000003     
         321   0.0000000000000000       0.35000000000000003     
         322   5.0000000000000003E-002  0.35000000000000003     
         323  0.10000000000000001       0.35000000000000003     
         324  0.15000000000000002       0.35000000000000003     
         325  0.20000000000000001       0.35000000000000003     
         326  0.25000000000000000       0.35000000000000003     
         327  0.30000000000000004       0.35000000000000003     
         328  0.35000000000000003       0.35000000000000003     
         329  0.40000000000000002       0.35000000000000003     
         330 -0.35000000000000003       0.40000000000000002     
         331 -0.30000000000000004       0.40000000000000002     
         332 -0.25000000000000000       0.40000000000000002     
         333 -0.20000000000000001       0.40000000000000002     
         334 -0.15000000000000002       0.40000000000000002     
         335 -0.10000000000000001       0.40000000000000002     
         336  -5.0000000000000003E-002  0.40000000000000002     
         337   0.0000000000000000       0.40000000000000002     
         338   5.0000000000000003E-002  0.40000000000000002     
         339  0.10000000000000001       0.40000000000000002     
         340  0.15000000000000002       0.40000000000000002     
         341  0.20000000000000001       0.40000000000000002     
         342  0.25000000000000000       0.40000000000000002     
         343  0.30000000000000004       0.40000000000000002     
         344  0.35000000000000003       0.40000000000000002     
         345 -0.25000000000000000       0.45000000000000001     
         346 -0.20000000000000001       0.45000000000000001     
         347 -0.15000000000000002       0.45000000000000001     
         348 -0.10000000000000001       0.45000000000000001     
         349  -5.0000000000000003E-002  0.45000000000000001     
         350   0.0000000000000000       0.45000000000000001     
         351   5.0000000000000003E-002  0.45000000000000001     
         352  0.10000000000000001       0.45000000000000001     
         353  0.15000000000000002       0.45000000000000001     
         354  0.20000000000000001       0.45000000000000001     
         355  0.25000000000000000       0.45000000000000001     
         356  -5.0000000000000003E-002  0.50000000000000000     
         357   0.0000000000000000       0.50000000000000000     
         358   5.0000000000000003E-002  0.50000000000000000     
