           0  -5.0000000000000003E-002 -0.50000000000000000        5.8384984452525667E-003
           1   0.0000000000000000      -0.50000000000000000        7.8718448702833326E-003
           2   5.0000000000000003E-002 -0.50000000000000000        5.8384984452525832E-003

           3 -0.25000000000000000      -0.45000000000000001        6.1297044449788686E-003
           4 -0.20000000000000001      -0.45000000000000001        9.8407957325821627E-003
           5 -0.15000000000000002      -0.45000000000000001        1.1893498924358453E-002
           6 -0.10000000000000001      -0.45000000000000001        1.4133970916397297E-002
           7  -5.0000000000000003E-002 -0.45000000000000001        1.7496581118879213E-002
           8   0.0000000000000000      -0.45000000000000001        1.9037991300927017E-002
           9   5.0000000000000003E-002 -0.45000000000000001        1.7496581118879306E-002
          10  0.10000000000000001      -0.45000000000000001        1.4133970916397474E-002
          11  0.15000000000000002      -0.45000000000000001        1.1893498924358535E-002
          12  0.20000000000000001      -0.45000000000000001        9.8407957325821072E-003
          13  0.25000000000000000      -0.45000000000000001        6.1297044449788217E-003

          14 -0.35000000000000003      -0.40000000000000002        5.7284833010784108E-003
          15 -0.30000000000000004      -0.40000000000000002        1.0733233984222372E-002
          16 -0.25000000000000000      -0.40000000000000002        1.6663708320147512E-002
          17 -0.20000000000000001      -0.40000000000000002        2.1830613917917543E-002
          18 -0.15000000000000002      -0.40000000000000002        2.5625219456444942E-002
          19 -0.10000000000000001      -0.40000000000000002        2.8744909300686159E-002
          20  -5.0000000000000003E-002 -0.40000000000000002        3.0957479242274835E-002
          21   0.0000000000000000      -0.40000000000000002        3.1860807734790032E-002
          22   5.0000000000000003E-002 -0.40000000000000002        3.0957479242274957E-002
          23  0.10000000000000001      -0.40000000000000002        2.8744909300686329E-002
          24  0.15000000000000002      -0.40000000000000002        2.5625219456445053E-002
          25  0.20000000000000001      -0.40000000000000002        2.1830613917917449E-002
          26  0.25000000000000000      -0.40000000000000002        1.6663708320147432E-002
          27  0.30000000000000004      -0.40000000000000002        1.0733233984222285E-002
          28  0.35000000000000003      -0.40000000000000002        5.7284833010782755E-003

          29 -0.40000000000000002      -0.35000000000000003        6.6079721785261662E-003
          30 -0.35000000000000003      -0.35000000000000003        1.4312241211181046E-002
          31 -0.30000000000000004      -0.35000000000000003        2.1385910285531669E-002
          32 -0.25000000000000000      -0.35000000000000003        2.7905153122655159E-002
          33 -0.20000000000000001      -0.35000000000000003        3.3670969071451347E-002
          34 -0.15000000000000002      -0.35000000000000003        3.8407476499528893E-002
          35 -0.10000000000000001      -0.35000000000000003        4.1986108974626075E-002
          36  -5.0000000000000003E-002 -0.35000000000000003        4.4372409141844545E-002
          37   0.0000000000000000      -0.35000000000000003        4.5204907451480821E-002
          38   5.0000000000000003E-002 -0.35000000000000003        4.4372409141844517E-002
          39  0.10000000000000001      -0.35000000000000003        4.1986108974626124E-002
          40  0.15000000000000002      -0.35000000000000003        3.8407476499528893E-002
          41  0.20000000000000001      -0.35000000000000003        3.3670969071451118E-002
          42  0.25000000000000000      -0.35000000000000003        2.7905153122654954E-002
          43  0.30000000000000004      -0.35000000000000003        2.1385910285531620E-002
          44  0.35000000000000003      -0.35000000000000003        1.4312241211181012E-002
          45  0.40000000000000002      -0.35000000000000003        6.6079721785261159E-003

          46 -0.45000000000000001      -0.30000000000000004        5.6089290603764507E-003
          47 -0.40000000000000002      -0.30000000000000004        1.4149451569988356E-002
          48 -0.35000000000000003      -0.30000000000000004        2.2744021663785200E-002
          49 -0.30000000000000004      -0.30000000000000004        3.0956455174326623E-002
          50 -0.25000000000000000      -0.30000000000000004        3.8539565107285796E-002
          51 -0.20000000000000001      -0.30000000000000004        4.5172904313460979E-002
          52 -0.15000000000000002      -0.30000000000000004        5.0593239247081333E-002
          53 -0.10000000000000001      -0.30000000000000004        5.4654726325143399E-002
          54  -5.0000000000000003E-002 -0.30000000000000004        5.7149525315495484E-002
          55   0.0000000000000000      -0.30000000000000004        5.8006686971981844E-002
          56   5.0000000000000003E-002 -0.30000000000000004        5.7149525315495345E-002
          57  0.10000000000000001      -0.30000000000000004        5.4654726325143239E-002
          58  0.15000000000000002      -0.30000000000000004        5.0593239247081111E-002
          59  0.20000000000000001      -0.30000000000000004        4.5172904313460598E-002
          60  0.25000000000000000      -0.30000000000000004        3.8539565107285463E-002
          61  0.30000000000000004      -0.30000000000000004        3.0956455174326408E-002
          62  0.35000000000000003      -0.30000000000000004        2.2744021663785221E-002
          63  0.40000000000000002      -0.30000000000000004        1.4149451569988409E-002
          64  0.45000000000000001      -0.30000000000000004        5.6089290603764481E-003

          65 -0.45000000000000001      -0.25000000000000000        1.0369079940998928E-002
          66 -0.40000000000000002      -0.25000000000000000        2.0852725506144625E-002
          67 -0.35000000000000003      -0.25000000000000000        3.0546549295343242E-002
          68 -0.30000000000000004      -0.25000000000000000        3.9867623429445553E-002
          69 -0.25000000000000000      -0.25000000000000000        4.8237952843932598E-002
          70 -0.20000000000000001      -0.25000000000000000        5.5597904595103748E-002
          71 -0.15000000000000002      -0.25000000000000000        6.1581111942753758E-002
          72 -0.10000000000000001      -0.25000000000000000        6.6057700680889356E-002
          73  -5.0000000000000003E-002 -0.25000000000000000        6.8816709344770008E-002
          74   0.0000000000000000      -0.25000000000000000        6.9770297804528231E-002
          75   5.0000000000000003E-002 -0.25000000000000000        6.8816709344769855E-002
          76  0.10000000000000001      -0.25000000000000000        6.6057700680888981E-002
          77  0.15000000000000002      -0.25000000000000000        6.1581111942753272E-002
          78  0.20000000000000001      -0.25000000000000000        5.5597904595103345E-002
          79  0.25000000000000000      -0.25000000000000000        4.8237952843932307E-002
          80  0.30000000000000004      -0.25000000000000000        3.9867623429445401E-002
          81  0.35000000000000003      -0.25000000000000000        3.0546549295343232E-002
          82  0.40000000000000002      -0.25000000000000000        2.0852725506144792E-002
          83  0.45000000000000001      -0.25000000000000000        1.0369079940999081E-002

          84 -0.50000000000000000      -0.20000000000000001        5.7424168958280352E-003
          85 -0.45000000000000001      -0.20000000000000001        1.5797244075149555E-002
          86 -0.40000000000000002      -0.20000000000000001        2.6770290959892841E-002
          87 -0.35000000000000003      -0.20000000000000001        3.7439428218328352E-002
          88 -0.30000000000000004      -0.20000000000000001        4.7512659459266179E-002
          89 -0.25000000000000000      -0.20000000000000001        5.6713966631942607E-002
          90 -0.20000000000000001      -0.20000000000000001        6.4696728141090745E-002
          91 -0.15000000000000002      -0.20000000000000001        7.1210675437774762E-002
          92 -0.10000000000000001      -0.20000000000000001        7.6031182428530922E-002
          93  -5.0000000000000003E-002 -0.20000000000000001        7.8982200611248873E-002
          94   0.0000000000000000      -0.20000000000000001        7.9975233519880284E-002
          95   5.0000000000000003E-002 -0.20000000000000001        7.8982200611248596E-002
          96  0.10000000000000001      -0.20000000000000001        7.6031182428530436E-002
          97  0.15000000000000002      -0.20000000000000001        7.1210675437774276E-002
          98  0.20000000000000001      -0.20000000000000001        6.4696728141090343E-002
          99  0.25000000000000000      -0.20000000000000001        5.6713966631942385E-002
         100  0.30000000000000004      -0.20000000000000001        4.7512659459266318E-002
         101  0.35000000000000003      -0.20000000000000001        3.7439428218328519E-002
         102  0.40000000000000002      -0.20000000000000001        2.6770290959893129E-002
         103  0.45000000000000001      -0.20000000000000001        1.5797244075149822E-002
         104  0.50000000000000000      -0.20000000000000001        5.7424168958281185E-003

         105 -0.50000000000000000      -0.15000000000000002        9.0410850065310092E-003
         106 -0.45000000000000001      -0.15000000000000002        2.0265030566607823E-002
         107 -0.40000000000000002      -0.15000000000000002        3.1674935042305327E-002
         108 -0.35000000000000003      -0.15000000000000002        4.3099809908404001E-002
         109 -0.30000000000000004      -0.15000000000000002        5.3837496399497808E-002
         110 -0.25000000000000000      -0.15000000000000002        6.3625186565050618E-002
         111 -0.20000000000000001      -0.15000000000000002        7.2088814077070115E-002
         112 -0.15000000000000002      -0.15000000000000002        7.9012536178241763E-002
         113 -0.10000000000000001      -0.15000000000000002        8.4111797825341908E-002
         114  -5.0000000000000003E-002 -0.15000000000000002        8.7273203860412540E-002
         115   0.0000000000000000      -0.15000000000000002        8.8326703416816740E-002
         116   5.0000000000000003E-002 -0.15000000000000002        8.7273203860412207E-002
         117  0.10000000000000001      -0.15000000000000002        8.4111797825341450E-002
         118  0.15000000000000002      -0.15000000000000002        7.9012536178241430E-002
         119  0.20000000000000001      -0.15000000000000002        7.2088814077069852E-002
         120  0.25000000000000000      -0.15000000000000002        6.3625186565050507E-002
         121  0.30000000000000004      -0.15000000000000002        5.3837496399498135E-002
         122  0.35000000000000003      -0.15000000000000002        4.3099809908404521E-002
         123  0.40000000000000002      -0.15000000000000002        3.1674935042305619E-002
         124  0.45000000000000001      -0.15000000000000002        2.0265030566607816E-002
         125  0.50000000000000000      -0.15000000000000002        9.0410850065309311E-003

         126 -0.50000000000000000      -0.10000000000000001        1.0555943687647939E-002
         127 -0.45000000000000001      -0.10000000000000001        2.3112141042944425E-002
         128 -0.40000000000000002      -0.10000000000000001        3.5281512895169675E-002
         129 -0.35000000000000003      -0.10000000000000001        4.7266241810366531E-002
         130 -0.30000000000000004      -0.10000000000000001        5.8483296631185129E-002
         131 -0.25000000000000000      -0.10000000000000001        6.8744226224550786E-002
         132 -0.20000000000000001      -0.10000000000000001        7.7590638044924026E-002
         133 -0.15000000000000002      -0.10000000000000001        8.4820277537715635E-002
         134 -0.10000000000000001      -0.10000000000000001        9.0135617191939507E-002
         135  -5.0000000000000003E-002 -0.10000000000000001        9.3406604728380235E-002
         136   0.0000000000000000      -0.10000000000000001        9.4492438141859939E-002
         137   5.0000000000000003E-002 -0.10000000000000001        9.3406604728379888E-002
         138  0.10000000000000001      -0.10000000000000001        9.0135617191939021E-002
         139  0.15000000000000002      -0.10000000000000001        8.4820277537715288E-002
         140  0.20000000000000001      -0.10000000000000001        7.7590638044923832E-002
         141  0.25000000000000000      -0.10000000000000001        6.8744226224550758E-002
         142  0.30000000000000004      -0.10000000000000001        5.8483296631185420E-002
         143  0.35000000000000003      -0.10000000000000001        4.7266241810366913E-002
         144  0.40000000000000002      -0.10000000000000001        3.5281512895169807E-002
         145  0.45000000000000001      -0.10000000000000001        2.3112141042944418E-002
         146  0.50000000000000000      -0.10000000000000001        1.0555943687647775E-002

         147 -0.50000000000000000       -5.0000000000000003E-002   1.1759295830433605E-002
         148 -0.45000000000000001       -5.0000000000000003E-002   2.4900828379326653E-002
         149 -0.40000000000000002       -5.0000000000000003E-002   3.7455834319745258E-002
         150 -0.35000000000000003       -5.0000000000000003E-002   4.9827074075363895E-002
         151 -0.30000000000000004       -5.0000000000000003E-002   6.1369941867037488E-002
         152 -0.25000000000000000       -5.0000000000000003E-002   7.1883950957469814E-002
         153 -0.20000000000000001       -5.0000000000000003E-002   8.0947326544162465E-002
         154 -0.15000000000000002       -5.0000000000000003E-002   8.8356524953339621E-002
         155 -0.10000000000000001       -5.0000000000000003E-002   9.3800283415180929E-002
         156  -5.0000000000000003E-002  -5.0000000000000003E-002   9.7172904431928525E-002
         157   0.0000000000000000       -5.0000000000000003E-002   9.8292342212878331E-002
         158   5.0000000000000003E-002  -5.0000000000000003E-002   9.7172904431928261E-002
         159  0.10000000000000001       -5.0000000000000003E-002   9.3800283415180555E-002
         160  0.15000000000000002       -5.0000000000000003E-002   8.8356524953339260E-002
         161  0.20000000000000001       -5.0000000000000003E-002   8.0947326544162146E-002
         162  0.25000000000000000       -5.0000000000000003E-002   7.1883950957469619E-002
         163  0.30000000000000004       -5.0000000000000003E-002   6.1369941867037626E-002
         164  0.35000000000000003       -5.0000000000000003E-002   4.9827074075364103E-002
         165  0.40000000000000002       -5.0000000000000003E-002   3.7455834319745328E-002
         166  0.45000000000000001       -5.0000000000000003E-002   2.4900828379326636E-002
         167  0.50000000000000000       -5.0000000000000003E-002   1.1759295830433739E-002

         168 -0.55000000000000004        0.0000000000000000        2.6979949889217917E-003
         169 -0.50000000000000000        0.0000000000000000        1.2712554871174109E-002
         170 -0.45000000000000001        0.0000000000000000        2.5459365681910009E-002
         171 -0.40000000000000002        0.0000000000000000        3.8226686676881956E-002
         172 -0.35000000000000003        0.0000000000000000        5.0667535723567345E-002
         173 -0.30000000000000004        0.0000000000000000        6.2328078777120675E-002
         174 -0.25000000000000000        0.0000000000000000        7.2938805732036413E-002
         175 -0.20000000000000001        0.0000000000000000        8.2102410988574903E-002
         176 -0.15000000000000002        0.0000000000000000        8.9566851562794411E-002
         177 -0.10000000000000001        0.0000000000000000        9.5066672827248580E-002
         178  -5.0000000000000003E-002   0.0000000000000000        9.8438752885319503E-002
         179   0.0000000000000000        0.0000000000000000        9.9567539474657019E-002
         180   5.0000000000000003E-002   0.0000000000000000        9.8438752885319322E-002
         181  0.10000000000000001        0.0000000000000000        9.5066672827248275E-002
         182  0.15000000000000002        0.0000000000000000        8.9566851562794050E-002
         183  0.20000000000000001        0.0000000000000000        8.2102410988574528E-002
         184  0.25000000000000000        0.0000000000000000        7.2938805732036205E-002
         185  0.30000000000000004        0.0000000000000000        6.2328078777120523E-002
         186  0.35000000000000003        0.0000000000000000        5.0667535723567352E-002
         187  0.40000000000000002        0.0000000000000000        3.8226686676882067E-002
         188  0.45000000000000001        0.0000000000000000        2.5459365681910134E-002
         189  0.50000000000000000        0.0000000000000000        1.2712554871174177E-002
         190  0.55000000000000004        0.0000000000000000        2.6979949889218841E-003

         191 -0.50000000000000000        5.0000000000000003E-002   1.1759295830434134E-002
         192 -0.45000000000000001        5.0000000000000003E-002   2.4900828379327257E-002
         193 -0.40000000000000002        5.0000000000000003E-002   3.7455834319746112E-002
         194 -0.35000000000000003        5.0000000000000003E-002   4.9827074075364929E-002
         195 -0.30000000000000004        5.0000000000000003E-002   6.1369941867038529E-002
         196 -0.25000000000000000        5.0000000000000003E-002   7.1883950957470771E-002
         197 -0.20000000000000001        5.0000000000000003E-002   8.0947326544163645E-002
         198 -0.15000000000000002        5.0000000000000003E-002   8.8356524953340787E-002
         199 -0.10000000000000001        5.0000000000000003E-002   9.3800283415182137E-002
         200  -5.0000000000000003E-002   5.0000000000000003E-002   9.7172904431929760E-002
         201   0.0000000000000000        5.0000000000000003E-002   9.8292342212879566E-002
         202   5.0000000000000003E-002   5.0000000000000003E-002   9.7172904431929524E-002
         203  0.10000000000000001        5.0000000000000003E-002   9.3800283415181790E-002
         204  0.15000000000000002        5.0000000000000003E-002   8.8356524953340468E-002
         205  0.20000000000000001        5.0000000000000003E-002   8.0947326544163284E-002
         206  0.25000000000000000        5.0000000000000003E-002   7.1883950957470549E-002
         207  0.30000000000000004        5.0000000000000003E-002   6.1369941867038431E-002
         208  0.35000000000000003        5.0000000000000003E-002   4.9827074075364831E-002
         209  0.40000000000000002        5.0000000000000003E-002   3.7455834319746084E-002
         210  0.45000000000000001        5.0000000000000003E-002   2.4900828379327250E-002
         211  0.50000000000000000        5.0000000000000003E-002   1.1759295830434068E-002

         212 -0.50000000000000000       0.10000000000000001        1.0555943687648379E-002
         213 -0.45000000000000001       0.10000000000000001        2.3112141042945643E-002
         214 -0.40000000000000002       0.10000000000000001        3.5281512895171153E-002
         215 -0.35000000000000003       0.10000000000000001        4.7266241810368377E-002
         216 -0.30000000000000004       0.10000000000000001        5.8483296631187114E-002
         217 -0.25000000000000000       0.10000000000000001        6.8744226224552854E-002
         218 -0.20000000000000001       0.10000000000000001        7.7590638044926052E-002
         219 -0.15000000000000002       0.10000000000000001        8.4820277537717773E-002
         220 -0.10000000000000001       0.10000000000000001        9.0135617191941533E-002
         221  -5.0000000000000003E-002  0.10000000000000001        9.3406604728382331E-002
         222   0.0000000000000000       0.10000000000000001        9.4492438141862145E-002
         223   5.0000000000000003E-002  0.10000000000000001        9.3406604728382206E-002
         224  0.10000000000000001       0.10000000000000001        9.0135617191941256E-002
         225  0.15000000000000002       0.10000000000000001        8.4820277537717370E-002
         226  0.20000000000000001       0.10000000000000001        7.7590638044925719E-002
         227  0.25000000000000000       0.10000000000000001        6.8744226224552507E-002
         228  0.30000000000000004       0.10000000000000001        5.8483296631186926E-002
         229  0.35000000000000003       0.10000000000000001        4.7266241810368224E-002
         230  0.40000000000000002       0.10000000000000001        3.5281512895170924E-002
         231  0.45000000000000001       0.10000000000000001        2.3112141042945344E-002
         232  0.50000000000000000       0.10000000000000001        1.0555943687648244E-002

         233 -0.50000000000000000       0.15000000000000002        9.0410850065314671E-003
         234 -0.45000000000000001       0.15000000000000002        2.0265030566608923E-002
         235 -0.40000000000000002       0.15000000000000002        3.1674935042307083E-002
         236 -0.35000000000000003       0.15000000000000002        4.3099809908406270E-002
         237 -0.30000000000000004       0.15000000000000002        5.3837496399500258E-002
         238 -0.25000000000000000       0.15000000000000002        6.3625186565053060E-002
         239 -0.20000000000000001       0.15000000000000002        7.2088814077072710E-002
         240 -0.15000000000000002       0.15000000000000002        7.9012536178244358E-002
         241 -0.10000000000000001       0.15000000000000002        8.4111797825344350E-002
         242  -5.0000000000000003E-002  0.15000000000000002        8.7273203860415108E-002
         243   0.0000000000000000       0.15000000000000002        8.8326703416819474E-002
         244   5.0000000000000003E-002  0.15000000000000002        8.7273203860415066E-002
         245  0.10000000000000001       0.15000000000000002        8.4111797825344184E-002
         246  0.15000000000000002       0.15000000000000002        7.9012536178244108E-002
         247  0.20000000000000001       0.15000000000000002        7.2088814077072405E-002
         248  0.25000000000000000       0.15000000000000002        6.3625186565052824E-002
         249  0.30000000000000004       0.15000000000000002        5.3837496399500036E-002
         250  0.35000000000000003       0.15000000000000002        4.3099809908405971E-002
         251  0.40000000000000002       0.15000000000000002        3.1674935042306784E-002
         252  0.45000000000000001       0.15000000000000002        2.0265030566608722E-002
         253  0.50000000000000000       0.15000000000000002        9.0410850065313787E-003

         254 -0.50000000000000000       0.20000000000000001        5.7424168958283830E-003
         255 -0.45000000000000001       0.20000000000000001        1.5797244075150547E-002
         256 -0.40000000000000002       0.20000000000000001        2.6770290959894312E-002
         257 -0.35000000000000003       0.20000000000000001        3.7439428218330212E-002
         258 -0.30000000000000004       0.20000000000000001        4.7512659459268365E-002
         259 -0.25000000000000000       0.20000000000000001        5.6713966631944987E-002
         260 -0.20000000000000001       0.20000000000000001        6.4696728141093285E-002
         261 -0.15000000000000002       0.20000000000000001        7.1210675437777232E-002
         262 -0.10000000000000001       0.20000000000000001        7.6031182428533503E-002
         263  -5.0000000000000003E-002  0.20000000000000001        7.8982200611251649E-002
         264   0.0000000000000000       0.20000000000000001        7.9975233519883213E-002
         265   5.0000000000000003E-002  0.20000000000000001        7.8982200611251691E-002
         266  0.10000000000000001       0.20000000000000001        7.6031182428533503E-002
         267  0.15000000000000002       0.20000000000000001        7.1210675437777080E-002
         268  0.20000000000000001       0.20000000000000001        6.4696728141093035E-002
         269  0.25000000000000000       0.20000000000000001        5.6713966631944703E-002
         270  0.30000000000000004       0.20000000000000001        4.7512659459268164E-002
         271  0.35000000000000003       0.20000000000000001        3.7439428218329955E-002
         272  0.40000000000000002       0.20000000000000001        2.6770290959894086E-002
         273  0.45000000000000001       0.20000000000000001        1.5797244075150447E-002
         274  0.50000000000000000       0.20000000000000001        5.7424168958283006E-003

         275 -0.45000000000000001       0.25000000000000000        1.0369079940999452E-002
         276 -0.40000000000000002       0.25000000000000000        2.0852725506145697E-002
         277 -0.35000000000000003       0.25000000000000000        3.0546549295344543E-002
         278 -0.30000000000000004       0.25000000000000000        3.9867623429447080E-002
         279 -0.25000000000000000       0.25000000000000000        4.8237952843934492E-002
         280 -0.20000000000000001       0.25000000000000000        5.5597904595105718E-002
         281 -0.15000000000000002       0.25000000000000000        6.1581111942755999E-002
         282 -0.10000000000000001       0.25000000000000000        6.6057700680891840E-002
         283  -5.0000000000000003E-002  0.25000000000000000        6.8816709344772686E-002
         284   0.0000000000000000       0.25000000000000000        6.9770297804530881E-002
         285   5.0000000000000003E-002  0.25000000000000000        6.8816709344772631E-002
         286  0.10000000000000001       0.25000000000000000        6.6057700680891743E-002
         287  0.15000000000000002       0.25000000000000000        6.1581111942755874E-002
         288  0.20000000000000001       0.25000000000000000        5.5597904595105621E-002
         289  0.25000000000000000       0.25000000000000000        4.8237952843934256E-002
         290  0.30000000000000004       0.25000000000000000        3.9867623429446844E-002
         291  0.35000000000000003       0.25000000000000000        3.0546549295344359E-002
         292  0.40000000000000002       0.25000000000000000        2.0852725506145538E-002
         293  0.45000000000000001       0.25000000000000000        1.0369079940999414E-002

         294 -0.45000000000000001       0.30000000000000004        5.6089290603767109E-003
         295 -0.40000000000000002       0.30000000000000004        1.4149451569989030E-002
         296 -0.35000000000000003       0.30000000000000004        2.2744021663786102E-002
         297 -0.30000000000000004       0.30000000000000004        3.0956455174327720E-002
         298 -0.25000000000000000       0.30000000000000004        3.8539565107287045E-002
         299 -0.20000000000000001       0.30000000000000004        4.5172904313462554E-002
         300 -0.15000000000000002       0.30000000000000004        5.0593239247083324E-002
         301 -0.10000000000000001       0.30000000000000004        5.4654726325145495E-002
         302  -5.0000000000000003E-002  0.30000000000000004        5.7149525315497524E-002
         303   0.0000000000000000       0.30000000000000004        5.8006686971983898E-002
         304   5.0000000000000003E-002  0.30000000000000004        5.7149525315497482E-002
         305  0.10000000000000001       0.30000000000000004        5.4654726325145335E-002
         306  0.15000000000000002       0.30000000000000004        5.0593239247083095E-002
         307  0.20000000000000001       0.30000000000000004        4.5172904313462395E-002
         308  0.25000000000000000       0.30000000000000004        3.8539565107286858E-002
         309  0.30000000000000004       0.30000000000000004        3.0956455174327484E-002
         310  0.35000000000000003       0.30000000000000004        2.2744021663786002E-002
         311  0.40000000000000002       0.30000000000000004        1.4149451569989023E-002
         312  0.45000000000000001       0.30000000000000004        5.6089290603766910E-003

         313 -0.40000000000000002       0.35000000000000003        6.6079721785264178E-003
         314 -0.35000000000000003       0.35000000000000003        1.4312241211181541E-002
         315 -0.30000000000000004       0.35000000000000003        2.1385910285532404E-002
         316 -0.25000000000000000       0.35000000000000003        2.7905153122656103E-002
         317 -0.20000000000000001       0.35000000000000003        3.3670969071452651E-002
         318 -0.15000000000000002       0.35000000000000003        3.8407476499530441E-002
         319 -0.10000000000000001       0.35000000000000003        4.1986108974627678E-002
         320  -5.0000000000000003E-002  0.35000000000000003        4.4372409141845870E-002
         321   0.0000000000000000       0.35000000000000003        4.5204907451482090E-002
         322   5.0000000000000003E-002  0.35000000000000003        4.4372409141845842E-002
         323  0.10000000000000001       0.35000000000000003        4.1986108974627706E-002
         324  0.15000000000000002       0.35000000000000003        3.8407476499530385E-002
         325  0.20000000000000001       0.35000000000000003        3.3670969071452353E-002
         326  0.25000000000000000       0.35000000000000003        2.7905153122655839E-002
         327  0.30000000000000004       0.35000000000000003        2.1385910285532245E-002
         328  0.35000000000000003       0.35000000000000003        1.4312241211181541E-002
         329  0.40000000000000002       0.35000000000000003        6.6079721785265444E-003

         330 -0.35000000000000003       0.40000000000000002        5.7284833010783631E-003
         331 -0.30000000000000004       0.40000000000000002        1.0733233984222731E-002
         332 -0.25000000000000000       0.40000000000000002        1.6663708320148272E-002
         333 -0.20000000000000001       0.40000000000000002        2.1830613917918434E-002
         334 -0.15000000000000002       0.40000000000000002        2.5625219456446198E-002
         335 -0.10000000000000001       0.40000000000000002        2.8744909300687380E-002
         336  -5.0000000000000003E-002  0.40000000000000002        3.0957479242275827E-002
         337   0.0000000000000000       0.40000000000000002        3.1860807734790782E-002
         338   5.0000000000000003E-002  0.40000000000000002        3.0957479242275730E-002
         339  0.10000000000000001       0.40000000000000002        2.8744909300687148E-002
         340  0.15000000000000002       0.40000000000000002        2.5625219456446080E-002
         341  0.20000000000000001       0.40000000000000002        2.1830613917918091E-002
         342  0.25000000000000000       0.40000000000000002        1.6663708320147769E-002
         343  0.30000000000000004       0.40000000000000002        1.0733233984222561E-002
         344  0.35000000000000003       0.40000000000000002        5.7284833010784525E-003

         345 -0.25000000000000000       0.45000000000000001        6.1297044449793473E-003
         346 -0.20000000000000001       0.45000000000000001        9.8407957325827317E-003
         347 -0.15000000000000002       0.45000000000000001        1.1893498924359178E-002
         348 -0.10000000000000001       0.45000000000000001        1.4133970916398092E-002
         349  -5.0000000000000003E-002  0.45000000000000001        1.7496581118880025E-002
         350   0.0000000000000000       0.45000000000000001        1.9037991300927731E-002
         351   5.0000000000000003E-002  0.45000000000000001        1.7496581118879678E-002
         352  0.10000000000000001       0.45000000000000001        1.4133970916397690E-002
         353  0.15000000000000002       0.45000000000000001        1.1893498924358724E-002
         354  0.20000000000000001       0.45000000000000001        9.8407957325823622E-003
         355  0.25000000000000000       0.45000000000000001        6.1297044449788556E-003

         356  -5.0000000000000003E-002  0.50000000000000000        5.8384984452527766E-003
         357   0.0000000000000000       0.50000000000000000        7.8718448702836501E-003
