           0 -0.50000000000000000     
           1 -0.45000000000000001     
           2 -0.40000000000000002     
           3 -0.35000000000000003     
           4 -0.30000000000000004     
           5 -0.25000000000000000     
           6 -0.20000000000000001     
           7 -0.15000000000000002     
           8 -0.10000000000000001     
           9  -5.0000000000000003E-002
          10   0.0000000000000000     
          11   5.0000000000000003E-002
          12  0.10000000000000001     
          13  0.15000000000000002     
          14  0.20000000000000001     
          15  0.25000000000000000     
          16  0.30000000000000004     
          17  0.35000000000000003     
          18  0.40000000000000002     
          19  0.45000000000000001     
          20  0.50000000000000000     
