           0  -10.000000000000000     
           1  -9.5000000000000000     
           2  -9.0000000000000000     
           3  -8.5000000000000000     
           4  -8.0000000000000000     
           5  -7.5000000000000000     
           6  -7.0000000000000000     
           7  -6.5000000000000000     
           8  -6.0000000000000000     
           9  -5.5000000000000000     
          10  -5.0000000000000000     
          11  -4.5000000000000000     
          12  -4.0000000000000000     
          13  -3.5000000000000000     
          14  -3.0000000000000000     
          15  -2.5000000000000000     
          16  -2.0000000000000000     
          17  -1.5000000000000000     
          18  -1.0000000000000000     
          19 -0.50000000000000000     
          20   0.0000000000000000     
          21  0.50000000000000000     
          22   1.0000000000000000     
          23   1.5000000000000000     
          24   2.0000000000000000     
          25   2.5000000000000000     
          26   3.0000000000000000     
          27   3.5000000000000000     
          28   4.0000000000000000     
          29   4.5000000000000000     
          30   5.0000000000000000     
          31   5.5000000000000000     
          32   6.0000000000000000     
          33   6.5000000000000000     
          34   7.0000000000000000     
          35   7.5000000000000000     
          36   8.0000000000000000     
          37   8.5000000000000000     
          38   9.0000000000000000     
          39   9.5000000000000000     
          40   10.000000000000000     
