           0   4.5000000000000000     
           1   4.3512500000000003     
           2   4.2050000000000010     
           3   4.0612500000000002     
           4   3.9200000000000008     
           5   3.7812500000000000     
           6   3.6450000000000005     
           7   3.5112500000000009     
           8   3.3800000000000003     
           9   3.2512500000000006     
          10   3.1250000000000000     
          11   3.0012500000000006     
          12   2.8800000000000008     
          13   2.7612500000000004     
          14   2.6450000000000005     
          15   2.5312500000000000     
          16   2.4200000000000004     
          17   2.3112499999999998     
          18   2.2050000000000001     
          19   2.1012500000000007     
          20   2.0000000000000000     
          21   1.9012500000000003     
          22   1.8050000000000002     
          23   1.7112500000000002     
          24   1.6200000000000001     
          25   1.5312500000000000     
          26   1.4450000000000003     
          27   1.3612500000000003     
          28   1.2800000000000002     
          29   1.2012500000000002     
          30   1.1250000000000000     
          31   1.0512500000000002     
          32  0.98000000000000020     
          33  0.91125000000000012     
          34  0.84500000000000008     
          35  0.78125000000000000     
          36  0.72000000000000020     
          37  0.66125000000000012     
          38  0.60500000000000009     
          39  0.55125000000000002     
          40  0.50000000000000000     
          41  0.45125000000000004     
          42  0.40500000000000003     
          43  0.36125000000000007     
          44  0.32000000000000006     
          45  0.28125000000000000     
          46  0.24500000000000005     
          47  0.21125000000000002     
          48  0.18000000000000005     
          49  0.15125000000000002     
          50  0.12500000000000000     
          51  0.10125000000000001     
          52   8.0000000000000016E-002
          53   6.1250000000000013E-002
          54   4.5000000000000012E-002
          55   3.1250000000000000E-002
          56   2.0000000000000004E-002
          57   1.1250000000000003E-002
          58   5.0000000000000010E-003
          59   1.2500000000000002E-003
          60   0.0000000000000000     
          61   1.2500000000000002E-003
          62   5.0000000000000010E-003
          63   1.1250000000000003E-002
          64   2.0000000000000004E-002
          65   3.1250000000000000E-002
          66   4.5000000000000012E-002
          67   6.1250000000000013E-002
          68   8.0000000000000016E-002
          69  0.10125000000000001     
          70  0.12500000000000000     
          71  0.15125000000000002     
          72  0.18000000000000005     
          73  0.21125000000000002     
          74  0.24500000000000005     
          75  0.28125000000000000     
          76  0.32000000000000006     
          77  0.36125000000000007     
          78  0.40500000000000003     
          79  0.45125000000000004     
          80  0.50000000000000000     
          81  0.55125000000000002     
          82  0.60500000000000009     
          83  0.66125000000000012     
          84  0.72000000000000020     
          85  0.78125000000000000     
          86  0.84500000000000008     
          87  0.91125000000000012     
          88  0.98000000000000020     
          89   1.0512500000000002     
          90   1.1250000000000000     
          91   1.2012500000000002     
          92   1.2800000000000002     
          93   1.3612500000000003     
          94   1.4450000000000003     
          95   1.5312500000000000     
          96   1.6200000000000001     
          97   1.7112500000000002     
          98   1.8050000000000002     
          99   1.9012500000000003     
         100   2.0000000000000000     
         101   2.1012500000000007     
         102   2.2050000000000001     
         103   2.3112499999999998     
         104   2.4200000000000004     
         105   2.5312500000000000     
         106   2.6450000000000005     
         107   2.7612500000000004     
         108   2.8800000000000008     
         109   3.0012500000000006     
         110   3.1250000000000000     
         111   3.2512500000000006     
         112   3.3800000000000003     
         113   3.5112500000000009     
         114   3.6450000000000005     
         115   3.7812500000000000     
         116   3.9200000000000008     
         117   4.0612500000000002     
         118   4.2050000000000010     
         119   4.3512500000000003     
         120   4.5000000000000000     
