           0  -6.0000000000000000     
           1  -5.5000000000000000     
           2  -5.0000000000000000     
           3  -4.5000000000000000     
           4  -4.0000000000000000     
           5  -3.5000000000000000     
           6  -3.0000000000000000     
           7  -2.5000000000000000     
           8  -2.0000000000000000     
           9  -1.5000000000000000     
          10  -1.0000000000000000     
          11 -0.50000000000000000     
          12   0.0000000000000000     
          13  0.50000000000000000     
          14   1.0000000000000000     
          15   1.5000000000000000     
          16   2.0000000000000000     
          17   2.5000000000000000     
          18   3.0000000000000000     
          19   3.5000000000000000     
          20   4.0000000000000000     
          21   4.5000000000000000     
          22   5.0000000000000000     
          23   5.5000000000000000     
          24   6.0000000000000000     
