           0  -9.9000000000000004     
           1  -9.8000000000000007     
           2  -9.6999999999999993     
           3  -9.5999999999999996     
           4  -9.5000000000000000     
           5  -9.4000000000000004     
           6  -9.3000000000000007     
           7  -9.1999999999999993     
           8  -9.0999999999999996     
           9  -9.0000000000000000     
          10  -8.9000000000000004     
          11  -8.8000000000000007     
          12  -8.6999999999999993     
          13  -8.5999999999999996     
          14  -8.5000000000000000     
          15  -8.4000000000000004     
          16  -8.3000000000000007     
          17  -8.1999999999999993     
          18  -8.0999999999999996     
          19  -8.0000000000000000     
          20  -7.9000000000000004     
          21  -7.7999999999999998     
          22  -7.6999999999999993     
          23  -7.5999999999999996     
          24  -7.5000000000000000     
          25  -7.4000000000000004     
          26  -7.2999999999999998     
          27  -7.1999999999999993     
          28  -7.0999999999999996     
          29  -7.0000000000000000     
          30  -6.9000000000000004     
          31  -6.7999999999999998     
          32  -6.6999999999999993     
          33  -6.5999999999999996     
          34  -6.5000000000000000     
          35  -6.4000000000000004     
          36  -6.2999999999999998     
          37  -6.1999999999999993     
          38  -6.0999999999999996     
          39  -6.0000000000000000     
          40  -5.8999999999999995     
          41  -5.7999999999999998     
          42  -5.7000000000000002     
          43  -5.5999999999999996     
          44  -5.5000000000000000     
          45  -5.3999999999999995     
          46  -5.2999999999999998     
          47  -5.1999999999999993     
          48  -5.0999999999999996     
          49  -5.0000000000000000     
          50  -4.8999999999999995     
          51  -4.7999999999999998     
          52  -4.6999999999999993     
          53  -4.5999999999999996     
          54  -4.5000000000000000     
          55  -4.3999999999999995     
          56  -4.2999999999999998     
          57  -4.1999999999999993     
          58  -4.0999999999999996     
          59  -4.0000000000000000     
          60  -3.8999999999999995     
          61  -3.7999999999999998     
          62  -3.6999999999999993     
          63  -3.5999999999999996     
          64  -3.5000000000000000     
          65  -3.3999999999999995     
          66  -3.2999999999999998     
          67  -3.1999999999999993     
          68  -3.0999999999999996     
          69  -3.0000000000000000     
          70  -2.8999999999999995     
          71  -2.7999999999999998     
          72  -2.6999999999999993     
          73  -2.5999999999999996     
          74  -2.5000000000000000     
          75  -2.3999999999999995     
          76  -2.2999999999999998     
          77  -2.1999999999999993     
          78  -2.0999999999999996     
          79  -2.0000000000000000     
          80  -1.9000000000000004     
          81  -1.7999999999999989     
          82  -1.6999999999999993     
          83  -1.5999999999999996     
          84  -1.5000000000000000     
          85  -1.4000000000000004     
          86  -1.2999999999999989     
          87  -1.1999999999999993     
          88  -1.0999999999999996     
          89  -1.0000000000000000     
          90 -0.90000000000000036     
          91 -0.79999999999999893     
          92 -0.69999999999999929     
          93 -0.59999999999999964     
          94 -0.50000000000000000     
          95 -0.39999999999999858     
          96 -0.29999999999999893     
          97 -0.19999999999999929     
          98  -9.9999999999999645E-002
          99   0.0000000000000000     
         100  0.10000000000000142     
         101  0.20000000000000107     
         102  0.30000000000000071     
         103  0.40000000000000036     
         104  0.50000000000000000     
         105  0.60000000000000142     
         106  0.70000000000000107     
         107  0.80000000000000071     
         108  0.90000000000000036     
         109   1.0000000000000000     
         110   1.1000000000000014     
         111   1.2000000000000011     
         112   1.3000000000000007     
         113   1.4000000000000004     
         114   1.5000000000000000     
         115   1.6000000000000014     
         116   1.7000000000000011     
         117   1.8000000000000007     
         118   1.9000000000000004     
         119   2.0000000000000000     
         120   2.1000000000000014     
         121   2.2000000000000011     
         122   2.3000000000000007     
         123   2.4000000000000004     
         124   2.5000000000000000     
         125   2.6000000000000014     
         126   2.7000000000000011     
         127   2.8000000000000007     
         128   2.9000000000000004     
         129   3.0000000000000000     
         130   3.1000000000000014     
         131   3.2000000000000011     
         132   3.3000000000000007     
         133   3.4000000000000004     
         134   3.5000000000000000     
         135   3.6000000000000014     
         136   3.7000000000000011     
         137   3.8000000000000007     
         138   3.9000000000000004     
         139   4.0000000000000000     
         140   4.1000000000000014     
         141   4.2000000000000011     
         142   4.3000000000000007     
         143   4.4000000000000004     
         144   4.5000000000000000     
         145   4.6000000000000014     
         146   4.7000000000000011     
         147   4.8000000000000007     
         148   4.9000000000000004     
         149   5.0000000000000000     
         150   5.1000000000000014     
         151   5.2000000000000011     
         152   5.3000000000000007     
         153   5.4000000000000004     
         154   5.5000000000000000     
         155   5.6000000000000014     
         156   5.7000000000000011     
         157   5.8000000000000007     
         158   5.9000000000000004     
         159   6.0000000000000000     
         160   6.1000000000000014     
         161   6.1999999999999993     
         162   6.3000000000000007     
         163   6.4000000000000021     
         164   6.5000000000000000     
         165   6.6000000000000014     
         166   6.6999999999999993     
         167   6.8000000000000007     
         168   6.9000000000000021     
         169   7.0000000000000000     
         170   7.1000000000000014     
         171   7.1999999999999993     
         172   7.3000000000000007     
         173   7.4000000000000021     
         174   7.5000000000000000     
         175   7.6000000000000014     
         176   7.6999999999999993     
         177   7.8000000000000007     
         178   7.9000000000000021     
         179   8.0000000000000000     
         180   8.1000000000000014     
         181   8.1999999999999993     
         182   8.3000000000000007     
         183   8.4000000000000021     
         184   8.5000000000000000     
         185   8.6000000000000014     
         186   8.6999999999999993     
         187   8.8000000000000007     
         188   8.9000000000000021     
         189   9.0000000000000000     
         190   9.1000000000000014     
         191   9.2000000000000028     
         192   9.3000000000000007     
         193   9.4000000000000021     
         194   9.5000000000000000     
         195   9.6000000000000014     
         196   9.7000000000000028     
         197   9.8000000000000007     
         198   9.9000000000000021     
