           0  -4.2999999999999998     
           1  -4.1999999999999993     
           2  -4.0999999999999996     
           3  -4.0000000000000000     
           4  -3.8999999999999995     
           5  -3.7999999999999998     
           6  -3.6999999999999993     
           7  -3.5999999999999996     
           8  -3.5000000000000000     
           9  -3.3999999999999995     
          10  -3.2999999999999998     
          11  -3.1999999999999993     
          12  -3.0999999999999996     
          13  -3.0000000000000000     
          14  -2.8999999999999995     
          15  -2.7999999999999998     
          16  -2.6999999999999993     
          17  -2.5999999999999996     
          18  -2.5000000000000000     
          19  -2.3999999999999995     
          20  -2.2999999999999998     
          21  -2.1999999999999993     
          22  -2.0999999999999996     
          23  -2.0000000000000000     
          24  -1.9000000000000004     
          25  -1.7999999999999989     
          26  -1.6999999999999993     
          27  -1.5999999999999996     
          28  -1.5000000000000000     
          29  -1.4000000000000004     
          30  -1.2999999999999989     
          31  -1.1999999999999993     
          32  -1.0999999999999996     
          33  -1.0000000000000000     
          34 -0.90000000000000036     
          35 -0.79999999999999893     
          36 -0.69999999999999929     
          37 -0.59999999999999964     
          38 -0.50000000000000000     
          39 -0.39999999999999858     
          40 -0.29999999999999893     
          41 -0.19999999999999929     
          42  -9.9999999999999645E-002
          43   0.0000000000000000     
          44  0.10000000000000142     
          45  0.20000000000000107     
          46  0.30000000000000071     
          47  0.40000000000000036     
          48  0.50000000000000000     
          49  0.60000000000000142     
          50  0.70000000000000107     
          51  0.80000000000000071     
          52  0.90000000000000036     
          53   1.0000000000000000     
          54   1.1000000000000014     
          55   1.2000000000000011     
          56   1.3000000000000007     
          57   1.4000000000000004     
          58   1.5000000000000000     
          59   1.6000000000000014     
          60   1.7000000000000011     
          61   1.8000000000000007     
          62   1.9000000000000004     
          63   2.0000000000000000     
          64   2.1000000000000014     
          65   2.2000000000000011     
          66   2.3000000000000007     
          67   2.4000000000000004     
          68   2.5000000000000000     
          69   2.6000000000000014     
          70   2.7000000000000011     
          71   2.8000000000000007     
          72   2.9000000000000004     
          73   3.0000000000000000     
          74   3.1000000000000014     
          75   3.2000000000000011     
          76   3.3000000000000007     
          77   3.4000000000000004     
          78   3.5000000000000000     
          79   3.6000000000000014     
          80   3.7000000000000011     
          81   3.8000000000000007     
          82   3.9000000000000004     
          83   4.0000000000000000     
          84   4.1000000000000014     
          85   4.2000000000000011     
          86   4.3000000000000007     
