           0  -4.2999999999999998       -56.450113556912491     
           1  -4.1999999999999993       -56.452247779124455     
           2  -4.0999999999999996       -56.454263207027232     
           3  -4.0000000000000000       -56.456160066007556     
           4  -3.8999999999999995       -56.457938890280879     
           5  -3.7999999999999998       -56.459600529126149     
           6  -3.6999999999999993       -56.461146151660230     
           7  -3.5999999999999996       -56.462577249932941     
           8  -3.5000000000000000       -56.463895640270245     
           9  -3.3999999999999995       -56.465103462747273     
          10  -3.2999999999999998       -56.466203178645507     
          11  -3.1999999999999993       -56.467197565813144     
          12  -3.0999999999999996       -56.468089711857836     
          13  -3.0000000000000000       -56.468883005085445     
          14  -2.8999999999999995       -56.469581123144366     
          15  -2.7999999999999998       -56.470188019360982     
          16  -2.6999999999999993       -56.470707906764368     
          17  -2.5999999999999996       -56.471145239816551     
          18  -2.5000000000000000       -56.471504693927464     
          19  -2.3999999999999995       -56.471791142801870     
          20  -2.2999999999999998       -56.472009633753004     
          21  -2.1999999999999993       -56.472165361109525     
          22  -2.0999999999999996       -56.472263637860408     
          23  -2.0000000000000000       -56.472309865733656     
          24  -1.9000000000000004       -56.472309503896966     
          25  -1.7999999999999989       -56.472268036533457     
          26  -1.6999999999999993       -56.472190939494006     
          27  -1.5999999999999996       -56.472083646302700     
          28  -1.5000000000000000       -56.471951513787033     
          29  -1.4000000000000004       -56.471799787613357     
          30  -1.2999999999999989       -56.471633567982600     
          31  -1.1999999999999993       -56.471457775836285     
          32  -1.0999999999999996       -56.471277119812271     
          33  -1.0000000000000000       -56.471096064263861     
          34 -0.90000000000000036       -56.470918798625974     
          35 -0.79999999999999893       -56.470749208407170     
          36 -0.69999999999999929       -56.470590848059970     
          37 -0.59999999999999964       -56.470446915992262     
          38 -0.50000000000000000       -56.470320231936491     
          39 -0.39999999999999858       -56.470213216904462     
          40 -0.29999999999999893       -56.470127875881943     
          41 -0.19999999999999929       -56.470065783476088     
          42  -9.9999999999999645E-002  -56.470028072578280     
          43   0.0000000000000000       -56.470015426209727     
          44  0.10000000000000142       -56.470028072578287     
          45  0.20000000000000107       -56.470065783476137     
          46  0.30000000000000071       -56.470127875882092     
          47  0.40000000000000036       -56.470213216904583     
          48  0.50000000000000000       -56.470320231936363     
          49  0.60000000000000142       -56.470446915991850     
          50  0.70000000000000107       -56.470590848059892     
          51  0.80000000000000071       -56.470749208407071     
          52  0.90000000000000036       -56.470918798626094     
          53   1.0000000000000000       -56.471096064263939     
          54   1.1000000000000014       -56.471277119812150     
          55   1.2000000000000011       -56.471457775836058     
          56   1.3000000000000007       -56.471633567982508     
          57   1.4000000000000004       -56.471799787613165     
          58   1.5000000000000000       -56.471951513787261     
          59   1.6000000000000014       -56.472083646302870     
          60   1.7000000000000011       -56.472190939493821     
          61   1.8000000000000007       -56.472268036533450     
          62   1.9000000000000004       -56.472309503896966     
          63   2.0000000000000000       -56.472309865733585     
          64   2.1000000000000014       -56.472263637860600     
          65   2.2000000000000011       -56.472165361109468     
          66   2.3000000000000007       -56.472009633752869     
          67   2.4000000000000004       -56.471791142801955     
          68   2.5000000000000000       -56.471504693927230     
          69   2.6000000000000014       -56.471145239816707     
          70   2.7000000000000011       -56.470707906764574     
          71   2.8000000000000007       -56.470188019361032     
          72   2.9000000000000004       -56.469581123144501     
          73   3.0000000000000000       -56.468883005085488     
          74   3.1000000000000014       -56.468089711857957     
          75   3.2000000000000011       -56.467197565813201     
          76   3.3000000000000007       -56.466203178645536     
          77   3.4000000000000004       -56.465103462747479     
          78   3.5000000000000000       -56.463895640270252     
          79   3.6000000000000014       -56.462577249932785     
          80   3.7000000000000011       -56.461146151660323     
          81   3.8000000000000007       -56.459600529126114     
          82   3.9000000000000004       -56.457938890280886     
          83   4.0000000000000000       -56.456160066007591     
          84   4.1000000000000014       -56.454263207027225     
          85   4.2000000000000011       -56.452247779124491     
          86   4.3000000000000007       -56.450113556912505     
