           0  -9.9000000000000004       -56.212241883196597     
           1  -9.8000000000000007       -56.216969660321077     
           2  -9.6999999999999993       -56.221727620523623     
           3  -9.5999999999999996       -56.226514064398927     
           4  -9.5000000000000000       -56.231327199737478     
           5  -9.4000000000000004       -56.236165142709815     
           6  -9.3000000000000007       -56.241025919095414     
           7  -9.1999999999999993       -56.245907465682265     
           8  -9.0999999999999996       -56.250807631655547     
           9  -9.0000000000000000       -56.255724180016117     
          10  -8.9000000000000004       -56.260654789020961     
          11  -8.8000000000000007       -56.265597053614016     
          12  -8.6999999999999993       -56.270548486821440     
          13  -8.5999999999999996       -56.275506521358061     
          14  -8.5000000000000000       -56.280468511027081     
          15  -8.4000000000000004       -56.285431732388560     
          16  -8.3000000000000007       -56.290393386452301     
          17  -8.1999999999999993       -56.295350600501465     
          18  -8.0999999999999996       -56.300300430073442     
          19  -8.0000000000000000       -56.305239861131057     
          20  -7.9000000000000004       -56.310165812405650     
          21  -7.7999999999999998       -56.315075138100894     
          22  -7.6999999999999993       -56.319964630558538     
          23  -7.5999999999999996       -56.324831023580685     
          24  -7.5000000000000000       -56.329670995899022     
          25  -7.4000000000000004       -56.334481174758039     
          26  -7.2999999999999998       -56.339258140260618     
          27  -7.1999999999999993       -56.343998429771730     
          28  -7.0999999999999996       -56.348698542860618     
          29  -7.0000000000000000       -56.353354946617316     
          30  -6.9000000000000004       -56.357964081429337     
          31  -6.7999999999999998       -56.362522367206694     
          32  -6.6999999999999993       -56.367026210131314     
          33  -6.5999999999999996       -56.371472009862231     
          34  -6.5000000000000000       -56.375856167317068     
          35  -6.4000000000000004       -56.380175092965224     
          36  -6.2999999999999998       -56.384425215701199     
          37  -6.1999999999999993       -56.388602992285577     
          38  -6.0999999999999996       -56.392704917336339     
          39  -6.0000000000000000       -56.396727533921791     
          40  -5.8999999999999995       -56.400667444688651     
          41  -5.7999999999999998       -56.404521323530425     
          42  -5.7000000000000002       -56.408285927824544     
          43  -5.5999999999999996       -56.411958111017029     
          44  -5.5000000000000000       -56.415534835763097     
          45  -5.3999999999999995       -56.419013187378198     
          46  -5.2999999999999998       -56.422390387606235     
          47  -5.1999999999999993       -56.425663808616051     
          48  -5.0999999999999996       -56.428830987153830     
          49  -5.0000000000000000       -56.431889638761682     
          50  -4.8999999999999995       -56.434837671967621     
          51  -4.7999999999999998       -56.437673202330529     
          52  -4.6999999999999993       -56.440394566268601     
          53  -4.5999999999999996       -56.443000334534446     
          54  -4.5000000000000000       -56.445489325224109     
          55  -4.3999999999999995       -56.447860616218151     
          56  -4.2999999999999998       -56.450113556912491     
          57  -4.1999999999999993       -56.452247779124455     
          58  -4.0999999999999996       -56.454263207027232     
          59  -4.0000000000000000       -56.456160066007556     
          60  -3.8999999999999995       -56.457938890280879     
          61  -3.7999999999999998       -56.459600529126149     
          62  -3.6999999999999993       -56.461146151660230     
          63  -3.5999999999999996       -56.462577249932941     
          64  -3.5000000000000000       -56.463895640270245     
          65  -3.3999999999999995       -56.465103462747273     
          66  -3.2999999999999998       -56.466203178645507     
          67  -3.1999999999999993       -56.467197565813144     
          68  -3.0999999999999996       -56.468089711857836     
          69  -3.0000000000000000       -56.468883005085445     
          70  -2.8999999999999995       -56.469581123144366     
          71  -2.7999999999999998       -56.470188019360982     
          72  -2.6999999999999993       -56.470707906764368     
          73  -2.5999999999999996       -56.471145239816551     
          74  -2.5000000000000000       -56.471504693927464     
          75  -2.3999999999999995       -56.471791142801870     
          76  -2.2999999999999998       -56.472009633753004     
          77  -2.1999999999999993       -56.472165361109525     
          78  -2.0999999999999996       -56.472263637860408     
          79  -2.0000000000000000       -56.472309865733656     
          80  -1.9000000000000004       -56.472309503896966     
          81  -1.7999999999999989       -56.472268036533457     
          82  -1.6999999999999993       -56.472190939494006     
          83  -1.5999999999999996       -56.472083646302700     
          84  -1.5000000000000000       -56.471951513787033     
          85  -1.4000000000000004       -56.471799787613357     
          86  -1.2999999999999989       -56.471633567982600     
          87  -1.1999999999999993       -56.471457775836285     
          88  -1.0999999999999996       -56.471277119812271     
          89  -1.0000000000000000       -56.471096064263861     
          90 -0.90000000000000036       -56.470918798625974     
          91 -0.79999999999999893       -56.470749208407170     
          92 -0.69999999999999929       -56.470590848059970     
          93 -0.59999999999999964       -56.470446915992262     
          94 -0.50000000000000000       -56.470320231936491     
          95 -0.39999999999999858       -56.470213216904462     
          96 -0.29999999999999893       -56.470127875881943     
          97 -0.19999999999999929       -56.470065783476088     
          98  -9.9999999999999645E-002  -56.470028072578280     
          99   0.0000000000000000       -56.470015426209727     
         100  0.10000000000000142       -56.470028072578287     
         101  0.20000000000000107       -56.470065783476137     
         102  0.30000000000000071       -56.470127875882092     
         103  0.40000000000000036       -56.470213216904583     
         104  0.50000000000000000       -56.470320231936363     
         105  0.60000000000000142       -56.470446915991850     
         106  0.70000000000000107       -56.470590848059892     
         107  0.80000000000000071       -56.470749208407071     
         108  0.90000000000000036       -56.470918798626094     
         109   1.0000000000000000       -56.471096064263939     
         110   1.1000000000000014       -56.471277119812150     
         111   1.2000000000000011       -56.471457775836058     
         112   1.3000000000000007       -56.471633567982508     
         113   1.4000000000000004       -56.471799787613165     
         114   1.5000000000000000       -56.471951513787261     
         115   1.6000000000000014       -56.472083646302870     
         116   1.7000000000000011       -56.472190939493821     
         117   1.8000000000000007       -56.472268036533450     
         118   1.9000000000000004       -56.472309503896966     
         119   2.0000000000000000       -56.472309865733585     
         120   2.1000000000000014       -56.472263637860600     
         121   2.2000000000000011       -56.472165361109468     
         122   2.3000000000000007       -56.472009633752869     
         123   2.4000000000000004       -56.471791142801955     
         124   2.5000000000000000       -56.471504693927230     
         125   2.6000000000000014       -56.471145239816707     
         126   2.7000000000000011       -56.470707906764574     
         127   2.8000000000000007       -56.470188019361032     
         128   2.9000000000000004       -56.469581123144501     
         129   3.0000000000000000       -56.468883005085488     
         130   3.1000000000000014       -56.468089711857957     
         131   3.2000000000000011       -56.467197565813201     
         132   3.3000000000000007       -56.466203178645536     
         133   3.4000000000000004       -56.465103462747479     
         134   3.5000000000000000       -56.463895640270252     
         135   3.6000000000000014       -56.462577249932785     
         136   3.7000000000000011       -56.461146151660323     
         137   3.8000000000000007       -56.459600529126114     
         138   3.9000000000000004       -56.457938890280886     
         139   4.0000000000000000       -56.456160066007591     
         140   4.1000000000000014       -56.454263207027225     
         141   4.2000000000000011       -56.452247779124491     
         142   4.3000000000000007       -56.450113556912505     
         143   4.4000000000000004       -56.447860616218243     
         144   4.5000000000000000       -56.445489325224116     
         145   4.6000000000000014       -56.443000334534432     
         146   4.7000000000000011       -56.440394566268594     
         147   4.8000000000000007       -56.437673202330231     
         148   4.9000000000000004       -56.434837671967827     
         149   5.0000000000000000       -56.431889638761788     
         150   5.1000000000000014       -56.428830987153816     
         151   5.2000000000000011       -56.425663808615987     
         152   5.3000000000000007       -56.422390387606328     
         153   5.4000000000000004       -56.419013187377963     
         154   5.5000000000000000       -56.415534835763360     
         155   5.6000000000000014       -56.411958111016844     
         156   5.7000000000000011       -56.408285927824764     
         157   5.8000000000000007       -56.404521323530517     
         158   5.9000000000000004       -56.400667444688530     
         159   6.0000000000000000       -56.396727533921862     
         160   6.1000000000000014       -56.392704917336467     
         161   6.1999999999999993       -56.388602992285549     
         162   6.3000000000000007       -56.384425215701278     
         163   6.4000000000000021       -56.380175092965139     
         164   6.5000000000000000       -56.375856167317110     
         165   6.6000000000000014       -56.371472009861911     
         166   6.6999999999999993       -56.367026210131449     
         167   6.8000000000000007       -56.362522367206587     
         168   6.9000000000000021       -56.357964081429280     
         169   7.0000000000000000       -56.353354946617451     
         170   7.1000000000000014       -56.348698542860532     
         171   7.1999999999999993       -56.343998429771723     
         172   7.3000000000000007       -56.339258140260746     
         173   7.4000000000000021       -56.334481174758082     
         174   7.5000000000000000       -56.329670995898873     
         175   7.6000000000000014       -56.324831023580572     
         176   7.6999999999999993       -56.319964630558509     
         177   7.8000000000000007       -56.315075138100823     
         178   7.9000000000000021       -56.310165812405600     
         179   8.0000000000000000       -56.305239861130929     
         180   8.1000000000000014       -56.300300430073278     
         181   8.1999999999999993       -56.295350600501500     
         182   8.3000000000000007       -56.290393386452358     
         183   8.4000000000000021       -56.285431732388524     
         184   8.5000000000000000       -56.280468511026925     
         185   8.6000000000000014       -56.275506521357968     
         186   8.6999999999999993       -56.270548486821617     
         187   8.8000000000000007       -56.265597053614115     
         188   8.9000000000000021       -56.260654789020947     
         189   9.0000000000000000       -56.255724180016209     
         190   9.1000000000000014       -56.250807631655697     
         191   9.2000000000000028       -56.245907465682166     
         192   9.3000000000000007       -56.241025919095584     
         193   9.4000000000000021       -56.236165142709773     
         194   9.5000000000000000       -56.231327199737365     
         195   9.6000000000000014       -56.226514064398863     
         196   9.7000000000000028       -56.221727620523474     
         197   9.8000000000000007       -56.216969660320956     
         198   9.9000000000000021       -56.212241883196647     
