00001 -56.212241883196597
00002 -56.216969660321077
00003 -56.221727620523623
00004 -56.226514064398927
00005 -56.231327199737478
00006 -56.236165142709815
00007 -56.241025919095414
00008 -56.245907465682265
00009 -56.250807631655547
00010 -56.255724180016117
00011 -56.260654789020961
00012 -56.265597053614016
00013 -56.270548486821440
00014 -56.275506521358061
00015 -56.280468511027081
00016 -56.285431732388560
00017 -56.290393386452301
00018 -56.295350600501465
00019 -56.300300430073442
00020 -56.305239861131057
00021 -56.310165812405650
00022 -56.315075138100894
00023 -56.319964630558538
00024 -56.324831023580685
00025 -56.329670995899022
00026 -56.334481174758039
00027 -56.339258140260618
00028 -56.343998429771730
00029 -56.348698542860618
00030 -56.353354946617316
00031 -56.357964081429337
00032 -56.362522367206694
00033 -56.367026210131314
00034 -56.371472009862231
00035 -56.375856167317068
00036 -56.380175092965224
00037 -56.384425215701199
00038 -56.388602992285577
00039 -56.392704917336339
00040 -56.396727533921791
00041 -56.400667444688651
00042 -56.404521323530425
00043 -56.408285927824544
00044 -56.411958111017029
00045 -56.415534835763097
00046 -56.419013187378198
00047 -56.422390387606235
00048 -56.425663808616051
00049 -56.428830987153830
00050 -56.431889638761682
00051 -56.434837671967621
00052 -56.437673202330529
00053 -56.440394566268601
00054 -56.443000334534446
00055 -56.445489325224109
00056 -56.447860616218151
00057 -56.450113556912491
00058 -56.452247779124455
00059 -56.454263207027232
00060 -56.456160066007556
00061 -56.457938890280879
00062 -56.459600529126149
00063 -56.461146151660230
00064 -56.462577249932941
00065 -56.463895640270245
00066 -56.465103462747273
00067 -56.466203178645507
00068 -56.467197565813144
00069 -56.468089711857836
00070 -56.468883005085445
00071 -56.469581123144366
00072 -56.470188019360982
00073 -56.470707906764368
00074 -56.471145239816551
00075 -56.471504693927464
00076 -56.471791142801870
00077 -56.472009633753004
00078 -56.472165361109525
00079 -56.472263637860408
00080 -56.472309865733656
00081 -56.472309503896966
00082 -56.472268036533457
00083 -56.472190939494006
00084 -56.472083646302700
00085 -56.471951513787033
00086 -56.471799787613357
00087 -56.471633567982600
00088 -56.471457775836285
00089 -56.471277119812271
00090 -56.471096064263861
00091 -56.470918798625974
00092 -56.470749208407170
00093 -56.470590848059970
00094 -56.470446915992262
00095 -56.470320231936491
00096 -56.470213216904462
00097 -56.470127875881943
00098 -56.470065783476088
00099 -56.470028072578280
00100 -56.470015426209727
00101 -56.470028072578287
00102 -56.470065783476137
00103 -56.470127875882092
00104 -56.470213216904583
00105 -56.470320231936363
00106 -56.470446915991850
00107 -56.470590848059892
00108 -56.470749208407071
00109 -56.470918798626094
00110 -56.471096064263939
00111 -56.471277119812150
00112 -56.471457775836058
00113 -56.471633567982508
00114 -56.471799787613165
00115 -56.471951513787261
00116 -56.472083646302870
00117 -56.472190939493821
00118 -56.472268036533450
00119 -56.472309503896966
00120 -56.472309865733585
00121 -56.472263637860600
00122 -56.472165361109468
00123 -56.472009633752869
00124 -56.471791142801955
00125 -56.471504693927230
00126 -56.471145239816707
00127 -56.470707906764574
00128 -56.470188019361032
00129 -56.469581123144501
00130 -56.468883005085488
00131 -56.468089711857957
00132 -56.467197565813201
00133 -56.466203178645536
00134 -56.465103462747479
00135 -56.463895640270252
00136 -56.462577249932785
00137 -56.461146151660323
00138 -56.459600529126114
00139 -56.457938890280886
00140 -56.456160066007591
00141 -56.454263207027225
00142 -56.452247779124491
00143 -56.450113556912505
00144 -56.447860616218243
00145 -56.445489325224116
00146 -56.443000334534432
00147 -56.440394566268594
00148 -56.437673202330231
00149 -56.434837671967827
00150 -56.431889638761788
00151 -56.428830987153816
00152 -56.425663808615987
00153 -56.422390387606328
00154 -56.419013187377963
00155 -56.415534835763360
00156 -56.411958111016844
00157 -56.408285927824764
00158 -56.404521323530517
00159 -56.400667444688530
00160 -56.396727533921862
00161 -56.392704917336467
00162 -56.388602992285549
00163 -56.384425215701278
00164 -56.380175092965139
00165 -56.375856167317110
00166 -56.371472009861911
00167 -56.367026210131449
00168 -56.362522367206587
00169 -56.357964081429280
00170 -56.353354946617451
00171 -56.348698542860532
00172 -56.343998429771723
00173 -56.339258140260746
00174 -56.334481174758082
00175 -56.329670995898873
00176 -56.324831023580572
00177 -56.319964630558509
00178 -56.315075138100823
00179 -56.310165812405600
00180 -56.305239861130929
00181 -56.300300430073278
00182 -56.295350600501500
00183 -56.290393386452358
00184 -56.285431732388524
00185 -56.280468511026925
00186 -56.275506521357968
00187 -56.270548486821617
00188 -56.265597053614115
00189 -56.260654789020947
00190 -56.255724180016209
00191 -56.250807631655697
00192 -56.245907465682166
00193 -56.241025919095584
00194 -56.236165142709773
00195 -56.231327199737365
00196 -56.226514064398863
00197 -56.221727620523474
00198 -56.216969660320956
00199 -56.212241883196647
