           0   3.1104877758314754E-002
           1   6.2209755516629509E-002
           2   9.3314633274944270E-002
           3  0.12441951103325902     
           4  0.15552438879157376     
           5  0.18662926654988854     
           6  0.21773414430820329     
           7  0.24883902206651803     
           8  0.27994389982483281     
           9  0.31104877758314753     
          10  0.34215365534146230     
          11  0.37325853309977708     
          12  0.40436341085809180     
          13  0.43546828861640657     
          14  0.46657316637472129     
          15  0.49767804413303607     
          16  0.52878292189135079     
          17  0.55988779964966562     
          18  0.59099267740798034     
          19  0.62209755516629506     
          20  0.65320243292460989     
          21  0.68430731068292461     
          22  0.71541218844123933     
          23  0.74651706619955416     
          24  0.77762194395786888     
          25  0.80872682171618360     
          26  0.83983169947449832     
          27  0.87093657723281315     
          28  0.90204145499112787     
          29  0.93314633274944259     
          30  0.96425121050775742     
          31  0.99535608826607214     
          32   1.0264609660243869     
          33   1.0575658437827016     
          34   1.0886707215410163     
          35   1.1197755992993312     
          36   1.1508804770576460     
          37   1.1819853548159607     
          38   1.2130902325742754     
          39   1.2441951103325901     
          40   1.2752999880909048     
          41   1.3064048658492198     
          42   1.3375097436075345     
          43   1.3686146213658492     
          44   1.3997194991241639     
          45   1.4308243768824787     
          46   1.4619292546407934     
          47   1.4930341323991083     
          48   1.5241390101574230     
          49   1.5552438879157378     
          50   1.5863487656740525     
          51   1.6174536434323672     
          52   1.6485585211906819     
          53   1.6796633989489966     
          54   1.7107682767073116     
          55   1.7418731544656263     
          56   1.7729780322239410     
          57   1.8040829099822557     
          58   1.8351877877405705     
          59   1.8662926654988852     
          60   1.8973975432572001     
          61   1.9285024210155148     
          62   1.9596072987738296     
          63   1.9907121765321443     
          64   2.0218170542904592     
          65   2.0529219320487737     
          66   2.0840268098070887     
          67   2.1151316875654032     
          68   2.1462365653237181     
          69   2.1773414430820326     
          70   2.2084463208403475     
          71   2.2395511985986625     
          72   2.2706560763569770     
          73   2.3017609541152919     
          74   2.3328658318736064     
          75   2.3639707096319214     
          76   2.3950755873902363     
          77   2.4261804651485508     
          78   2.4572853429068657     
          79   2.4883902206651802     
          80   2.5194950984234952     
          81   2.5505999761818097     
          82   2.5817048539401246     
          83   2.6128097316984396     
          84   2.6439146094567541     
          85   2.6750194872150690     
          86   2.7061243649733835     
          87   2.7372292427316984     
          88   2.7683341204900129     
          89   2.7994389982483279     
          90   2.8305438760066428     
          91   2.8616487537649573     
          92   2.8927536315232723     
          93   2.9238585092815867     
          94   2.9549633870399017     
          95   2.9860682647982166     
          96   3.0171731425565311     
          97   3.0482780203148461     
          98   3.0793828980731606     
          99   3.1104877758314755     
