           0  0.43546828861640657       -56.219964422212016     
           1  0.46657316637472129       -56.246914722791416     
           2  0.49767804413303607       -56.272465340994266     
           3  0.52878292189135079       -56.296362826385497     
           4  0.55988779964966562       -56.318498446030667     
           5  0.59099267740798034       -56.338856628066267     
           6  0.62209755516629506       -56.357476583871360     
           7  0.65320243292460989       -56.374426912327436     
           8  0.68430731068292461       -56.389789891858243     
           9  0.71541218844123933       -56.403652240946180     
          10  0.74651706619955416       -56.416099974267311     
          11  0.77762194395786888       -56.427215787442748     
          12  0.80872682171618360       -56.437077986513138     
          13  0.83983169947449832       -56.445760357601635     
          14  0.87093657723281315       -56.453332602462751     
          15  0.90204145499112787       -56.459861097549108     
          16  0.93314633274944259       -56.465409807309108     
          17  0.96425121050775742       -56.470041226692153     
          18  0.99535608826607214       -56.473817265991855     
          19   1.0264609660243869       -56.476800034632760     
          20   1.0575658437827016       -56.479052523381590     
          21   1.0886707215410163       -56.480639200341997     
          22   1.1197755992993312       -56.481626505622778     
          23   1.1508804770576460       -56.482083175053248     
          24   1.1819853548159607       -56.482080295352525     
          25   1.2130902325742754       -56.481691018232851     
          26   1.2441951103325901       -56.480989919935865     
          27   1.2752999880909048       -56.480052049227851     
          28   1.3064048658492198       -56.478951740148908     
          29   1.3375097436075345       -56.477761274115551     
          30   1.3686146213658492       -56.476549468962155     
          31   1.3997194991241639       -56.475380261178863     
          32   1.4308243768824787       -56.474311338844551     
          33   1.4619292546407934       -56.473392877354733     
          34   1.4930341323991083       -56.472666424737675     
          35   1.5241390101574230       -56.472163975128545     
          36   1.5552438879157378       -56.471907257812667     
          37   1.5863487656740525       -56.471907257812511     
          38   1.6174536434323672       -56.472163975128581     
          39   1.6485585211906819       -56.472666424737675     
          40   1.6796633989489966       -56.473392877355003     
          41   1.7107682767073116       -56.474311338844743     
          42   1.7418731544656263       -56.475380261179140     
          43   1.7729780322239410       -56.476549468961963     
          44   1.8040829099822557       -56.477761274115487     
          45   1.8351877877405705       -56.478951740148915     
          46   1.8662926654988852       -56.480052049227986     
          47   1.8973975432572001       -56.480989919936071     
          48   1.9285024210155148       -56.481691018232816     
          49   1.9596072987738296       -56.482080295352525     
          50   1.9907121765321443       -56.482083175052914     
          51   2.0218170542904592       -56.481626505622955     
          52   2.0529219320487737       -56.480639200342075     
          53   2.0840268098070887       -56.479052523381725     
          54   2.1151316875654032       -56.476800034632802     
          55   2.1462365653237181       -56.473817265991720     
          56   2.1773414430820326       -56.470041226692111     
          57   2.2084463208403475       -56.465409807309193     
          58   2.2395511985986625       -56.459861097549215     
          59   2.2706560763569770       -56.453332602462865     
          60   2.3017609541152919       -56.445760357601479     
          61   2.3328658318736064       -56.437077986513067     
          62   2.3639707096319214       -56.427215787442904     
          63   2.3950755873902363       -56.416099974266935     
          64   2.4261804651485508       -56.403652240946251     
          65   2.4572853429068657       -56.389789891858292     
          66   2.4883902206651802       -56.374426912327252     
          67   2.5194950984234952       -56.357476583871325     
          68   2.5505999761818097       -56.338856628066132     
          69   2.5817048539401246       -56.318498446030695     
          70   2.6128097316984396       -56.296362826385639     
          71   2.6439146094567541       -56.272465340994188     
          72   2.6750194872150690       -56.246914722791473     
          73   2.7061243649733835       -56.219964422212023     
