           0  0.43546828861640657     
           1  0.46657316637472129     
           2  0.49767804413303607     
           3  0.52878292189135079     
           4  0.55988779964966562     
           5  0.59099267740798034     
           6  0.62209755516629506     
           7  0.65320243292460989     
           8  0.68430731068292461     
           9  0.71541218844123933     
          10  0.74651706619955416     
          11  0.77762194395786888     
          12  0.80872682171618360     
          13  0.83983169947449832     
          14  0.87093657723281315     
          15  0.90204145499112787     
          16  0.93314633274944259     
          17  0.96425121050775742     
          18  0.99535608826607214     
          19   1.0264609660243869     
          20   1.0575658437827016     
          21   1.0886707215410163     
          22   1.1197755992993312     
          23   1.1508804770576460     
          24   1.1819853548159607     
          25   1.2130902325742754     
          26   1.2441951103325901     
          27   1.2752999880909048     
          28   1.3064048658492198     
          29   1.3375097436075345     
          30   1.3686146213658492     
          31   1.3997194991241639     
          32   1.4308243768824787     
          33   1.4619292546407934     
          34   1.4930341323991083     
          35   1.5241390101574230     
          36   1.5552438879157378     
          37   1.5863487656740525     
          38   1.6174536434323672     
          39   1.6485585211906819     
          40   1.6796633989489966     
          41   1.7107682767073116     
          42   1.7418731544656263     
          43   1.7729780322239410     
          44   1.8040829099822557     
          45   1.8351877877405705     
          46   1.8662926654988852     
          47   1.8973975432572001     
          48   1.9285024210155148     
          49   1.9596072987738296     
          50   1.9907121765321443     
          51   2.0218170542904592     
          52   2.0529219320487737     
          53   2.0840268098070887     
          54   2.1151316875654032     
          55   2.1462365653237181     
          56   2.1773414430820326     
          57   2.2084463208403475     
          58   2.2395511985986625     
          59   2.2706560763569770     
          60   2.3017609541152919     
          61   2.3328658318736064     
          62   2.3639707096319214     
          63   2.3950755873902363     
          64   2.4261804651485508     
          65   2.4572853429068657     
          66   2.4883902206651802     
          67   2.5194950984234952     
          68   2.5505999761818097     
          69   2.5817048539401246     
          70   2.6128097316984396     
          71   2.6439146094567541     
          72   2.6750194872150690     
          73   2.7061243649733835     
