           0 -0.75000000000000000      -0.75000000000000000        5.3218393553301638E-003
           1 -0.70000000000000007      -0.75000000000000000        7.7881158141567281E-003
           2 -0.65000000000000002      -0.75000000000000000        8.2966063231825309E-003
           3 -0.60000000000000009      -0.75000000000000000        8.0802183644673436E-003
           4 -0.55000000000000004      -0.75000000000000000        7.1967294753295333E-003
           5 -0.50000000000000000      -0.75000000000000000        5.8873464832155551E-003
           6 -0.45000000000000001      -0.75000000000000000        4.1882371614557516E-003
           7 -0.40000000000000002      -0.75000000000000000        2.2584910205084574E-003
           8 -0.35000000000000003      -0.75000000000000000        1.7123133447046666E-004
           9 -0.30000000000000004      -0.75000000000000000       -1.9271286261316953E-003
          10 -0.25000000000000000      -0.75000000000000000       -3.9484436896068944E-003
          11 -0.20000000000000001      -0.75000000000000000       -5.7625807554691280E-003
          12 -0.15000000000000002      -0.75000000000000000       -7.2923838878505920E-003
          13 -0.10000000000000001      -0.75000000000000000       -8.4393120408067183E-003
          14  -5.0000000000000003E-002 -0.75000000000000000       -9.1590564887861457E-003
          15   0.0000000000000000      -0.75000000000000000       -9.3981204849229640E-003
          16   5.0000000000000003E-002 -0.75000000000000000       -9.1590564887864961E-003
          17  0.10000000000000001      -0.75000000000000000       -8.4393120408072283E-003
          18  0.15000000000000002      -0.75000000000000000       -7.2923838878510422E-003
          19  0.20000000000000001      -0.75000000000000000       -5.7625807554694715E-003
          20  0.25000000000000000      -0.75000000000000000       -3.9484436896069942E-003
          21  0.30000000000000004      -0.75000000000000000       -1.9271286261318729E-003
          22  0.35000000000000003      -0.75000000000000000        1.7123133447020521E-004
          23  0.40000000000000002      -0.75000000000000000        2.2584910205080883E-003
          24  0.45000000000000001      -0.75000000000000000        4.1882371614553708E-003
          25  0.50000000000000000      -0.75000000000000000        5.8873464832153981E-003
          26  0.55000000000000004      -0.75000000000000000        7.1967294753296730E-003
          27  0.60000000000000009      -0.75000000000000000        8.0802183644672464E-003
          28  0.65000000000000002      -0.75000000000000000        8.2966063231823765E-003
          29  0.70000000000000007      -0.75000000000000000        7.7881158141568764E-003
          30  0.75000000000000000      -0.75000000000000000        5.3218393553304518E-003

          31  -1.0000000000000000      -0.70000000000000007        2.0475991196085997E-003
          32 -0.95000000000000007      -0.70000000000000007        4.3914980679633361E-003
          33 -0.90000000000000002      -0.70000000000000007        6.5731061118602394E-003
          34 -0.85000000000000009      -0.70000000000000007        8.6757500458953668E-003
          35 -0.80000000000000004      -0.70000000000000007        1.1134597885148442E-002
          36 -0.75000000000000000      -0.70000000000000007        1.4942323423230696E-002
          37 -0.70000000000000007      -0.70000000000000007        1.7472025645012126E-002
          38 -0.65000000000000002      -0.70000000000000007        1.8149184739176899E-002
          39 -0.60000000000000009      -0.70000000000000007        1.7421884155881476E-002
          40 -0.55000000000000004      -0.70000000000000007        1.5506337255662405E-002
          41 -0.50000000000000000      -0.70000000000000007        1.2636765407295251E-002
          42 -0.45000000000000001      -0.70000000000000007        9.0064127585906539E-003
          43 -0.40000000000000002      -0.70000000000000007        4.8472126824404028E-003
          44 -0.35000000000000003      -0.70000000000000007        3.8865960858988586E-004
          45 -0.30000000000000004      -0.70000000000000007       -4.1191302268230572E-003
          46 -0.25000000000000000      -0.70000000000000007       -8.4370927211761364E-003
          47 -0.20000000000000001      -0.70000000000000007       -1.2331353312448015E-002
          48 -0.15000000000000002      -0.70000000000000007       -1.5597939230465223E-002
          49 -0.10000000000000001      -0.70000000000000007       -1.8061687808909124E-002
          50  -5.0000000000000003E-002 -0.70000000000000007       -1.9594699867136713E-002
          51   0.0000000000000000      -0.70000000000000007       -2.0114190910711680E-002
          52   5.0000000000000003E-002 -0.70000000000000007       -1.9594699867137123E-002
          53  0.10000000000000001      -0.70000000000000007       -1.8061687808909849E-002
          54  0.15000000000000002      -0.70000000000000007       -1.5597939230466365E-002
          55  0.20000000000000001      -0.70000000000000007       -1.2331353312448936E-002
          56  0.25000000000000000      -0.70000000000000007       -8.4370927211767921E-003
          57  0.30000000000000004      -0.70000000000000007       -4.1191302268236861E-003
          58  0.35000000000000003      -0.70000000000000007        3.8865960858921453E-004
          59  0.40000000000000002      -0.70000000000000007        4.8472126824397549E-003
          60  0.45000000000000001      -0.70000000000000007        9.0064127585900381E-003
          61  0.50000000000000000      -0.70000000000000007        1.2636765407294965E-002
          62  0.55000000000000004      -0.70000000000000007        1.5506337255662271E-002
          63  0.60000000000000009      -0.70000000000000007        1.7421884155881303E-002
          64  0.65000000000000002      -0.70000000000000007        1.8149184739176958E-002
          65  0.70000000000000007      -0.70000000000000007        1.7472025645012598E-002
          66  0.75000000000000000      -0.70000000000000007        1.4942323423231547E-002
          67  0.80000000000000004      -0.70000000000000007        1.1134597885149301E-002
          68  0.85000000000000009      -0.70000000000000007        8.6757500458960312E-003
          69  0.90000000000000002      -0.70000000000000007        6.5731061118606236E-003
          70  0.95000000000000007      -0.70000000000000007        4.3914980679635356E-003
          71   1.0000000000000000      -0.70000000000000007        2.0475991196087047E-003

          72  -1.0000000000000000      -0.65000000000000002        4.3354971240919041E-003
          73 -0.95000000000000007      -0.65000000000000002        9.3002374992517470E-003
          74 -0.90000000000000002      -0.65000000000000002        1.3828505669555669E-002
          75 -0.85000000000000009      -0.65000000000000002        1.8050770066224516E-002
          76 -0.80000000000000004      -0.65000000000000002        2.1884757068173166E-002
          77 -0.75000000000000000      -0.65000000000000002        2.5097669247293026E-002
          78 -0.70000000000000007      -0.65000000000000002        2.7110212101830938E-002
          79 -0.65000000000000002      -0.65000000000000002        2.7461908051268354E-002
          80 -0.60000000000000009      -0.65000000000000002        2.6076149163945263E-002
          81 -0.55000000000000004      -0.65000000000000002        2.3119035233017820E-002
          82 -0.50000000000000000      -0.65000000000000002        1.8797346466299405E-002
          83 -0.45000000000000001      -0.65000000000000002        1.3396173999120364E-002
          84 -0.40000000000000002      -0.65000000000000002        7.2177659249666876E-003
          85 -0.35000000000000003      -0.65000000000000002        6.1430444668839155E-004
          86 -0.30000000000000004      -0.65000000000000002       -6.0641874141270811E-003
          87 -0.25000000000000000      -0.65000000000000002       -1.2452455530300544E-002
          88 -0.20000000000000001      -0.65000000000000002       -1.8217686906885251E-002
          89 -0.15000000000000002      -0.65000000000000002       -2.3048304727878617E-002
          90 -0.10000000000000001      -0.65000000000000002       -2.6695428090497620E-002
          91  -5.0000000000000003E-002 -0.65000000000000002       -2.8961067410242548E-002
          92   0.0000000000000000      -0.65000000000000002       -2.9731662274967124E-002
          93   5.0000000000000003E-002 -0.65000000000000002       -2.8961067410243103E-002
          94  0.10000000000000001      -0.65000000000000002       -2.6695428090498706E-002
          95  0.15000000000000002      -0.65000000000000002       -2.3048304727880563E-002
          96  0.20000000000000001      -0.65000000000000002       -1.8217686906887177E-002
          97  0.25000000000000000      -0.65000000000000002       -1.2452455530301951E-002
          98  0.30000000000000004      -0.65000000000000002       -6.0641874141282824E-003
          99  0.35000000000000003      -0.65000000000000002        6.1430444668746976E-004
         100  0.40000000000000002      -0.65000000000000002        7.2177659249659451E-003
         101  0.45000000000000001      -0.65000000000000002        1.3396173999119691E-002
         102  0.50000000000000000      -0.65000000000000002        1.8797346466298916E-002
         103  0.55000000000000004      -0.65000000000000002        2.3119035233017581E-002
         104  0.60000000000000009      -0.65000000000000002        2.6076149163945080E-002
         105  0.65000000000000002      -0.65000000000000002        2.7461908051268628E-002
         106  0.70000000000000007      -0.65000000000000002        2.7110212101831850E-002
         107  0.75000000000000000      -0.65000000000000002        2.5097669247294334E-002
         108  0.80000000000000004      -0.65000000000000002        2.1884757068174564E-002
         109  0.85000000000000009      -0.65000000000000002        1.8050770066225897E-002
         110  0.90000000000000002      -0.65000000000000002        1.3828505669556568E-002
         111  0.95000000000000007      -0.65000000000000002        9.3002374992524218E-003
         112   1.0000000000000000      -0.65000000000000002        4.3354971240922241E-003

         113  -1.0000000000000000      -0.60000000000000009        6.3156274595475856E-003
         114 -0.95000000000000007      -0.60000000000000009        1.3520349273227626E-002
         115 -0.90000000000000002      -0.60000000000000009        2.0003730823620600E-002
         116 -0.85000000000000009      -0.60000000000000009        2.5831384571573489E-002
         117 -0.80000000000000004      -0.60000000000000009        3.0633745891488692E-002
         118 -0.75000000000000000      -0.60000000000000009        3.4242923232652073E-002
         119 -0.70000000000000007      -0.60000000000000009        3.6148928854317988E-002
         120 -0.65000000000000002      -0.60000000000000009        3.6116043920773465E-002
         121 -0.60000000000000009      -0.60000000000000009        3.4048859225809899E-002
         122 -0.55000000000000004      -0.60000000000000009        3.0077369315788513E-002
         123 -0.50000000000000000      -0.60000000000000009        2.4412759523705852E-002
         124 -0.45000000000000001      -0.60000000000000009        1.7393239340707304E-002
         125 -0.40000000000000002      -0.60000000000000009        9.3919762125842677E-003
         126 -0.35000000000000003      -0.60000000000000009        8.5548009055069665E-004
         127 -0.30000000000000004      -0.60000000000000009       -7.7704800498837436E-003
         128 -0.25000000000000000      -0.60000000000000009       -1.6016879389696908E-002
         129 -0.20000000000000001      -0.60000000000000009       -2.3457046311697333E-002
         130 -0.15000000000000002      -0.60000000000000009       -2.9689524487072773E-002
         131 -0.10000000000000001      -0.60000000000000009       -3.4394807085183068E-002
         132  -5.0000000000000003E-002 -0.60000000000000009       -3.7317299568633389E-002
         133   0.0000000000000000      -0.60000000000000009       -3.8311506242068707E-002
         134   5.0000000000000003E-002 -0.60000000000000009       -3.7317299568634298E-002
         135  0.10000000000000001      -0.60000000000000009       -3.4394807085185025E-002
         136  0.15000000000000002      -0.60000000000000009       -2.9689524487075417E-002
         137  0.20000000000000001      -0.60000000000000009       -2.3457046311699991E-002
         138  0.25000000000000000      -0.60000000000000009       -1.6016879389699271E-002
         139  0.30000000000000004      -0.60000000000000009       -7.7704800498859111E-003
         140  0.35000000000000003      -0.60000000000000009        8.5548009054928014E-004
         141  0.40000000000000002      -0.60000000000000009        9.3919762125831106E-003
         142  0.45000000000000001      -0.60000000000000009        1.7393239340706471E-002
         143  0.50000000000000000      -0.60000000000000009        2.4412759523705356E-002
         144  0.55000000000000004      -0.60000000000000009        3.0077369315788270E-002
         145  0.60000000000000009      -0.60000000000000009        3.4048859225810101E-002
         146  0.65000000000000002      -0.60000000000000009        3.6116043920774457E-002
         147  0.70000000000000007      -0.60000000000000009        3.6148928854319785E-002
         148  0.75000000000000000      -0.60000000000000009        3.4242923232654141E-002
         149  0.80000000000000004      -0.60000000000000009        3.0633745891490715E-002
         150  0.85000000000000009      -0.60000000000000009        2.5831384571575459E-002
         151  0.90000000000000002      -0.60000000000000009        2.0003730823621970E-002
         152  0.95000000000000007      -0.60000000000000009        1.3520349273228600E-002
         153   1.0000000000000000      -0.60000000000000009        6.3156274595481451E-003

         154  -1.0000000000000000      -0.55000000000000004        7.9957319461607061E-003
         155 -0.95000000000000007      -0.55000000000000004        1.7088548693206581E-002
         156 -0.90000000000000002      -0.55000000000000004        2.5194274326694740E-002
         157 -0.85000000000000009      -0.55000000000000004        3.2339637448221166E-002
         158 -0.80000000000000004      -0.55000000000000004        3.8002885773941397E-002
         159 -0.75000000000000000      -0.55000000000000004        4.1935943442507832E-002
         160 -0.70000000000000007      -0.55000000000000004        4.3802158345976235E-002
         161 -0.65000000000000002      -0.55000000000000004        4.3446896973698079E-002
         162 -0.60000000000000009      -0.55000000000000004        4.0772059993050988E-002
         163 -0.55000000000000004      -0.55000000000000004        3.5921697217737067E-002
         164 -0.50000000000000000      -0.55000000000000004        2.9118121423883817E-002
         165 -0.45000000000000001      -0.55000000000000004        2.0746029804828994E-002
         166 -0.40000000000000002      -0.55000000000000004        1.1232623298800750E-002
         167 -0.35000000000000003      -0.55000000000000004        1.1006452618503337E-003
         168 -0.30000000000000004      -0.55000000000000004       -9.1286892845374168E-003
         169 -0.25000000000000000      -0.55000000000000004       -1.8901849117907286E-002
         170 -0.20000000000000001      -0.55000000000000004       -2.7717066881610460E-002
         171 -0.15000000000000002      -0.55000000000000004       -3.5099294582684369E-002
         172 -0.10000000000000001      -0.55000000000000004       -4.0672305211188559E-002
         173  -5.0000000000000003E-002 -0.55000000000000004       -4.4133067463838008E-002
         174   0.0000000000000000      -0.55000000000000004       -4.5310676449777022E-002
         175   5.0000000000000003E-002 -0.55000000000000004       -4.4133067463839354E-002
         176  0.10000000000000001      -0.55000000000000004       -4.0672305211191147E-002
         177  0.15000000000000002      -0.55000000000000004       -3.5099294582687617E-002
         178  0.20000000000000001      -0.55000000000000004       -2.7717066881613812E-002
         179  0.25000000000000000      -0.55000000000000004       -1.8901849117910523E-002
         180  0.30000000000000004      -0.55000000000000004       -9.1286892845403589E-003
         181  0.35000000000000003      -0.55000000000000004        1.1006452618480163E-003
         182  0.40000000000000002      -0.55000000000000004        1.1232623298798950E-002
         183  0.45000000000000001      -0.55000000000000004        2.0746029804827756E-002
         184  0.50000000000000000      -0.55000000000000004        2.9118121423883061E-002
         185  0.55000000000000004      -0.55000000000000004        3.5921697217736748E-002
         186  0.60000000000000009      -0.55000000000000004        4.0772059993051273E-002
         187  0.65000000000000002      -0.55000000000000004        4.3446896973699509E-002
         188  0.70000000000000007      -0.55000000000000004        4.3802158345978733E-002
         189  0.75000000000000000      -0.55000000000000004        4.1935943442510677E-002
         190  0.80000000000000004      -0.55000000000000004        3.8002885773944145E-002
         191  0.85000000000000009      -0.55000000000000004        3.2339637448223671E-002
         192  0.90000000000000002      -0.55000000000000004        2.5194274326696863E-002
         193  0.95000000000000007      -0.55000000000000004        1.7088548693208257E-002
         194   1.0000000000000000      -0.55000000000000004        7.9957319461616081E-003

         195  -1.0000000000000000      -0.50000000000000000        9.2702751789624158E-003
         196 -0.95000000000000007      -0.50000000000000000        1.9788784334754284E-002
         197 -0.90000000000000002      -0.50000000000000000        2.9109628875640808E-002
         198 -0.85000000000000009      -0.50000000000000000        3.7235078838047511E-002
         199 -0.80000000000000004      -0.50000000000000000        4.3552642374085258E-002
         200 -0.75000000000000000      -0.50000000000000000        4.7856883692916276E-002
         201 -0.70000000000000007      -0.50000000000000000        4.9761440576431795E-002
         202 -0.65000000000000002      -0.50000000000000000        4.9168801238393837E-002
         203 -0.60000000000000009      -0.50000000000000000        4.6015690296956520E-002
         204 -0.55000000000000004      -0.50000000000000000        4.0471391567060803E-002
         205 -0.50000000000000000      -0.50000000000000000        3.2779379107550570E-002
         206 -0.45000000000000001      -0.50000000000000000        2.3361491698971157E-002
         207 -0.40000000000000002      -0.50000000000000000        1.2687419499897256E-002
         208 -0.35000000000000003      -0.50000000000000000        1.3359512133235324E-003
         209 -0.30000000000000004      -0.50000000000000000       -1.0114882128519971E-002
         210 -0.25000000000000000      -0.50000000000000000       -2.1049118607323784E-002
         211 -0.20000000000000001      -0.50000000000000000       -3.0908411578891504E-002
         212 -0.15000000000000002      -0.50000000000000000       -3.9163061139125169E-002
         213 -0.10000000000000001      -0.50000000000000000       -4.5393942987849635E-002
         214  -5.0000000000000003E-002 -0.50000000000000000       -4.9262803146053163E-002
         215   0.0000000000000000      -0.50000000000000000       -5.0579319545150596E-002
         216   5.0000000000000003E-002 -0.50000000000000000       -4.9262803146054517E-002
         217  0.10000000000000001      -0.50000000000000000       -4.5393942987852695E-002
         218  0.15000000000000002      -0.50000000000000000       -3.9163061139129110E-002
         219  0.20000000000000001      -0.50000000000000000       -3.0908411578895536E-002
         220  0.25000000000000000      -0.50000000000000000       -2.1049118607327822E-002
         221  0.30000000000000004      -0.50000000000000000       -1.0114882128523699E-002
         222  0.35000000000000003      -0.50000000000000000        1.3359512133204576E-003
         223  0.40000000000000002      -0.50000000000000000        1.2687419499894954E-002
         224  0.45000000000000001      -0.50000000000000000        2.3361491698969377E-002
         225  0.50000000000000000      -0.50000000000000000        3.2779379107549383E-002
         226  0.55000000000000004      -0.50000000000000000        4.0471391567060283E-002
         227  0.60000000000000009      -0.50000000000000000        4.6015690296957061E-002
         228  0.65000000000000002      -0.50000000000000000        4.9168801238395461E-002
         229  0.70000000000000007      -0.50000000000000000        4.9761440576434626E-002
         230  0.75000000000000000      -0.50000000000000000        4.7856883692919676E-002
         231  0.80000000000000004      -0.50000000000000000        4.3552642374088506E-002
         232  0.85000000000000009      -0.50000000000000000        3.7235078838050259E-002
         233  0.90000000000000002      -0.50000000000000000        2.9109628875643292E-002
         234  0.95000000000000007      -0.50000000000000000        1.9788784334756105E-002
         235   1.0000000000000000      -0.50000000000000000        9.2702751789634739E-003

         236  -1.0000000000000000      -0.45000000000000001        1.0126657524732335E-002
         237 -0.95000000000000007      -0.45000000000000001        2.1600401657518278E-002
         238 -0.90000000000000002      -0.45000000000000001        3.1730699883784144E-002
         239 -0.85000000000000009      -0.45000000000000001        4.0509510582307402E-002
         240 -0.80000000000000004      -0.45000000000000001        4.7267858959349360E-002
         241 -0.75000000000000000      -0.45000000000000001        5.1772189171391474E-002
         242 -0.70000000000000007      -0.45000000000000001        5.3682892646117496E-002
         243 -0.65000000000000002      -0.45000000000000001        5.2926217605708044E-002
         244 -0.60000000000000009      -0.45000000000000001        4.9448989193627425E-002
         245 -0.55000000000000004      -0.45000000000000001        4.3444277477603994E-002
         246 -0.50000000000000000      -0.45000000000000001        3.5171832336660561E-002
         247 -0.45000000000000001      -0.45000000000000001        2.5080034018507426E-002
         248 -0.40000000000000002      -0.45000000000000001        1.3664749752051156E-002
         249 -0.35000000000000003      -0.45000000000000001        1.5399586222069200E-003
         250 -0.30000000000000004      -0.45000000000000001       -1.0682125729867624E-002
         251 -0.25000000000000000      -0.45000000000000001       -2.2346930130665875E-002
         252 -0.20000000000000001      -0.45000000000000001       -3.2861892697416371E-002
         253 -0.15000000000000002      -0.45000000000000001       -4.1663443228809750E-002
         254 -0.10000000000000001      -0.45000000000000001       -4.8306449958455747E-002
         255  -5.0000000000000003E-002 -0.45000000000000001       -5.2430693202726635E-002
         256   0.0000000000000000      -0.45000000000000001       -5.3834204096978817E-002
         257   5.0000000000000003E-002 -0.45000000000000001       -5.2430693202727925E-002
         258  0.10000000000000001      -0.45000000000000001       -4.8306449958458786E-002
         259  0.15000000000000002      -0.45000000000000001       -4.1663443228814032E-002
         260  0.20000000000000001      -0.45000000000000001       -3.2861892697421208E-002
         261  0.25000000000000000      -0.45000000000000001       -2.2346930130670694E-002
         262  0.30000000000000004      -0.45000000000000001       -1.0682125729872038E-002
         263  0.35000000000000003      -0.45000000000000001        1.5399586222031305E-003
         264  0.40000000000000002      -0.45000000000000001        1.3664749752048165E-002
         265  0.45000000000000001      -0.45000000000000001        2.5080034018505160E-002
         266  0.50000000000000000      -0.45000000000000001        3.5171832336659228E-002
         267  0.55000000000000004      -0.45000000000000001        4.3444277477603745E-002
         268  0.60000000000000009      -0.45000000000000001        4.9448989193628286E-002
         269  0.65000000000000002      -0.45000000000000001        5.2926217605710084E-002
         270  0.70000000000000007      -0.45000000000000001        5.3682892646120611E-002
         271  0.75000000000000000      -0.45000000000000001        5.1772189171395144E-002
         272  0.80000000000000004      -0.45000000000000001        4.7267858959352989E-002
         273  0.85000000000000009      -0.45000000000000001        4.0509510582310358E-002
         274  0.90000000000000002      -0.45000000000000001        3.1730699883786739E-002
         275  0.95000000000000007      -0.45000000000000001        2.1600401657520252E-002
         276   1.0000000000000000      -0.45000000000000001        1.0126657524733329E-002

         277  -1.0000000000000000      -0.40000000000000002        1.0524772895974541E-002
         278 -0.95000000000000007      -0.40000000000000002        2.2438467162148933E-002
         279 -0.90000000000000002      -0.40000000000000002        3.2933593320257311E-002
         280 -0.85000000000000009      -0.40000000000000002        4.1995108305978822E-002
         281 -0.80000000000000004      -0.40000000000000002        4.8930914772270455E-002
         282 -0.75000000000000000      -0.40000000000000002        5.3531339899491520E-002
         283 -0.70000000000000007      -0.40000000000000002        5.5432383742048834E-002
         284 -0.65000000000000002      -0.40000000000000002        5.4581663970703263E-002
         285 -0.60000000000000009      -0.40000000000000002        5.0945228668660476E-002
         286 -0.55000000000000004      -0.40000000000000002        4.4730617312169298E-002
         287 -0.50000000000000000      -0.40000000000000002        3.6207875488453389E-002
         288 -0.45000000000000001      -0.40000000000000002        2.5836540613564059E-002
         289 -0.40000000000000002      -0.40000000000000002        1.4122562856059253E-002
         290 -0.35000000000000003      -0.40000000000000002        1.6923584600134112E-003
         291 -0.30000000000000004      -0.40000000000000002       -1.0829899187544758E-002
         292 -0.25000000000000000      -0.40000000000000002       -2.2776174472750443E-002
         293 -0.20000000000000001      -0.40000000000000002       -3.3541918393443032E-002
         294 -0.15000000000000002      -0.40000000000000002       -4.2551617499617458E-002
         295 -0.10000000000000001      -0.40000000000000002       -4.9350944314484439E-002
         296  -5.0000000000000003E-002 -0.40000000000000002       -5.3571861675790207E-002
         297   0.0000000000000000      -0.40000000000000002       -5.5008267797719168E-002
         298   5.0000000000000003E-002 -0.40000000000000002       -5.3571861675791498E-002
         299  0.10000000000000001      -0.40000000000000002       -4.9350944314487076E-002
         300  0.15000000000000002      -0.40000000000000002       -4.2551617499621365E-002
         301  0.20000000000000001      -0.40000000000000002       -3.3541918393447806E-002
         302  0.25000000000000000      -0.40000000000000002       -2.2776174472755713E-002
         303  0.30000000000000004      -0.40000000000000002       -1.0829899187549705E-002
         304  0.35000000000000003      -0.40000000000000002        1.6923584600092561E-003
         305  0.40000000000000002      -0.40000000000000002        1.4122562856055900E-002
         306  0.45000000000000001      -0.40000000000000002        2.5836540613561717E-002
         307  0.50000000000000000      -0.40000000000000002        3.6207875488452140E-002
         308  0.55000000000000004      -0.40000000000000002        4.4730617312169450E-002
         309  0.60000000000000009      -0.40000000000000002        5.0945228668661829E-002
         310  0.65000000000000002      -0.40000000000000002        5.4581663970705775E-002
         311  0.70000000000000007      -0.40000000000000002        5.5432383742052317E-002
         312  0.75000000000000000      -0.40000000000000002        5.3531339899495510E-002
         313  0.80000000000000004      -0.40000000000000002        4.8930914772274417E-002
         314  0.85000000000000009      -0.40000000000000002        4.1995108305982333E-002
         315  0.90000000000000002      -0.40000000000000002        3.2933593320260350E-002
         316  0.95000000000000007      -0.40000000000000002        2.2438467162151154E-002
         317   1.0000000000000000      -0.40000000000000002        1.0524772895975705E-002

         318  -1.0000000000000000      -0.35000000000000003        1.0470212505582329E-002
         319 -0.95000000000000007      -0.35000000000000003        2.2315322426996215E-002
         320 -0.90000000000000002      -0.35000000000000003        3.2735537602256976E-002
         321 -0.85000000000000009      -0.35000000000000003        4.1713666022821512E-002
         322 -0.80000000000000004      -0.35000000000000003        4.8562603714504680E-002
         323 -0.75000000000000000      -0.35000000000000003        5.3066777237591851E-002
         324 -0.70000000000000007      -0.35000000000000003        5.4897418630455788E-002
         325 -0.65000000000000002      -0.35000000000000003        5.4012276537140483E-002
         326 -0.60000000000000009      -0.35000000000000003        5.0383052332596004E-002
         327 -0.55000000000000004      -0.35000000000000003        4.4221688801016484E-002
         328 -0.50000000000000000      -0.35000000000000003        3.5796939426219213E-002
         329 -0.45000000000000001      -0.35000000000000003        2.5562853063896038E-002
         330 -0.40000000000000002      -0.35000000000000003        1.4016457892038160E-002
         331 -0.35000000000000003      -0.35000000000000003        1.7732374093562247E-003
         332 -0.30000000000000004      -0.35000000000000003       -1.0554631225632228E-002
         333 -0.25000000000000000      -0.35000000000000003       -2.2311264983795626E-002
         334 -0.20000000000000001      -0.35000000000000003       -3.2903682451723301E-002
         335 -0.15000000000000002      -0.35000000000000003       -4.1766754712029022E-002
         336 -0.10000000000000001      -0.35000000000000003       -4.8454785996483077E-002
         337  -5.0000000000000003E-002 -0.35000000000000003       -5.2606245152585045E-002
         338   0.0000000000000000      -0.35000000000000003       -5.4019038945012594E-002
         339   5.0000000000000003E-002 -0.35000000000000003       -5.2606245152586238E-002
         340  0.10000000000000001      -0.35000000000000003       -4.8454785996485623E-002
         341  0.15000000000000002      -0.35000000000000003       -4.1766754712032748E-002
         342  0.20000000000000001      -0.35000000000000003       -3.2903682451728034E-002
         343  0.25000000000000000      -0.35000000000000003       -2.2311264983801121E-002
         344  0.30000000000000004      -0.35000000000000003       -1.0554631225637552E-002
         345  0.35000000000000003      -0.35000000000000003        1.7732374093516778E-003
         346  0.40000000000000002      -0.35000000000000003        1.4016457892034604E-002
         347  0.45000000000000001      -0.35000000000000003        2.5562853063893727E-002
         348  0.50000000000000000      -0.35000000000000003        3.5796939426218324E-002
         349  0.55000000000000004      -0.35000000000000003        4.4221688801017053E-002
         350  0.60000000000000009      -0.35000000000000003        5.0383052332597933E-002
         351  0.65000000000000002      -0.35000000000000003        5.4012276537143446E-002
         352  0.70000000000000007      -0.35000000000000003        5.4897418630459521E-002
         353  0.75000000000000000      -0.35000000000000003        5.3066777237596160E-002
         354  0.80000000000000004      -0.35000000000000003        4.8562603714508948E-002
         355  0.85000000000000009      -0.35000000000000003        4.1713666022825516E-002
         356  0.90000000000000002      -0.35000000000000003        3.2735537602260500E-002
         357  0.95000000000000007      -0.35000000000000003        2.2315322426998806E-002
