           0  -5.7999999999999998        96.344960000000015     
           1  -5.7000000000000002        89.315010000000015     
           2  -5.5999999999999996        82.664959999999994     
           3  -5.5000000000000000        76.381250000000009     
           4  -5.3999999999999995        70.450559999999982     
           5  -5.2999999999999998        64.859809999999996     
           6  -5.1999999999999993        59.596159999999969     
           7  -5.0999999999999996        54.647009999999995     
           8  -5.0000000000000000        50.000000000000000     
           9  -4.8999999999999995        45.643009999999983     
          10  -4.7999999999999998        41.564160000000001     
          11  -4.6999999999999993        37.751809999999978     
          12  -4.5999999999999996        34.194559999999989     
          13  -4.5000000000000000        30.881250000000001     
          14  -4.3999999999999995        27.800959999999982     
          15  -4.2999999999999998        24.943010000000001     
          16  -4.1999999999999993        22.296959999999981     
          17  -4.0999999999999996        19.852609999999991     
          18  -4.0000000000000000        17.600000000000001     
          19  -3.8999999999999995        15.529409999999991     
          20  -3.7999999999999998        13.631360000000001     
          21  -3.6999999999999993        11.896609999999990     
          22  -3.5999999999999996        10.316159999999998     
          23  -3.5000000000000000        8.8812500000000014     
          24  -3.3999999999999995        7.5833599999999945     
          25  -3.2999999999999998        6.4142099999999980     
          26  -3.1999999999999993        5.3657599999999945     
          27  -3.0999999999999996        4.4302099999999980     
          28  -3.0000000000000000        3.5999999999999996     
          29  -2.8999999999999995        2.8678099999999960     
          30  -2.7999999999999998        2.2265599999999997     
          31  -2.6999999999999993        1.6694099999999970     
          32  -2.5999999999999996        1.1897599999999988     
          33  -2.5000000000000000       0.78125000000000000     
          34  -2.3999999999999995       0.43775999999999859     
          35  -2.2999999999999998       0.15340999999999960     
          36  -2.1999999999999993       -7.7440000000001508E-002
          37  -2.0999999999999996      -0.26019000000000059     
          38  -2.0000000000000000      -0.39999999999999991     
          39  -1.9000000000000004      -0.50178999999999951     
          40  -1.7999999999999989      -0.57024000000000052     
          41  -1.6999999999999993      -0.60979000000000005     
          42  -1.5999999999999996      -0.62463999999999986     
          43  -1.5000000000000000      -0.61875000000000002     
          44  -1.4000000000000004      -0.59584000000000015     
          45  -1.2999999999999989      -0.55938999999999961     
          46  -1.1999999999999993      -0.51263999999999965     
          47  -1.0999999999999996      -0.45858999999999983     
          48  -1.0000000000000000      -0.40000000000000002     
          49 -0.90000000000000036      -0.33939000000000019     
          50 -0.79999999999999893      -0.27903999999999940     
          51 -0.69999999999999929      -0.22098999999999958     
          52 -0.59999999999999964      -0.16703999999999983     
          53 -0.50000000000000000      -0.11874999999999999     
          54 -0.39999999999999858       -7.7439999999999468E-002
          55 -0.29999999999999893       -4.4189999999999688E-002
          56 -0.19999999999999929       -1.9839999999999861E-002
          57  -9.9999999999999645E-002  -4.9899999999999649E-003
          58   0.0000000000000000        0.0000000000000000     
          59  0.10000000000000142       -4.9900000000001419E-003
          60  0.20000000000000107       -1.9840000000000208E-002
          61  0.30000000000000071       -4.4190000000000208E-002
          62  0.40000000000000036       -7.7440000000000134E-002
          63  0.50000000000000000      -0.11874999999999999     
          64  0.60000000000000142      -0.16704000000000074     
          65  0.70000000000000107      -0.22099000000000060     
          66  0.80000000000000071      -0.27904000000000040     
          67  0.90000000000000036      -0.33939000000000019     
          68   1.0000000000000000      -0.40000000000000002     
          69   1.1000000000000014      -0.45859000000000077     
          70   1.2000000000000011      -0.51264000000000054     
          71   1.3000000000000007      -0.55939000000000028     
          72   1.4000000000000004      -0.59584000000000015     
          73   1.5000000000000000      -0.61875000000000002     
          74   1.6000000000000014      -0.62463999999999986     
          75   1.7000000000000011      -0.60978999999999961     
          76   1.8000000000000007      -0.57023999999999964     
          77   1.9000000000000004      -0.50178999999999951     
          78   2.0000000000000000      -0.39999999999999991     
          79   2.1000000000000014      -0.26018999999999770     
          80   2.2000000000000011       -7.7439999999997511E-002
          81   2.3000000000000007       0.15341000000000182     
          82   2.4000000000000004       0.43776000000000126     
          83   2.5000000000000000       0.78125000000000000     
          84   2.6000000000000014        1.1897600000000064     
          85   2.7000000000000011        1.6694100000000067     
          86   2.8000000000000007        2.2265600000000041     
          87   2.9000000000000004        2.8678100000000031     
          88   3.0000000000000000        3.5999999999999996     
          89   3.1000000000000014        4.4302100000000122     
          90   3.2000000000000011        5.3657600000000096     
          91   3.3000000000000007        6.4142100000000095     
          92   3.4000000000000004        7.5833600000000061     
          93   3.5000000000000000        8.8812500000000014     
          94   3.6000000000000014        10.316160000000021     
          95   3.7000000000000011        11.896610000000019     
          96   3.8000000000000007        13.631360000000015     
          97   3.9000000000000004        15.529410000000009     
          98   4.0000000000000000        17.600000000000001     
          99   4.1000000000000014        19.852610000000034     
         100   4.2000000000000011        22.296960000000031     
         101   4.3000000000000007        24.943010000000015     
         102   4.4000000000000004        27.800960000000011     
         103   4.5000000000000000        30.881250000000001     
         104   4.6000000000000014        34.194560000000052     
         105   4.7000000000000011        37.751810000000049     
         106   4.8000000000000007        41.564160000000030     
         107   4.9000000000000004        45.643010000000025     
         108   5.0000000000000000        50.000000000000000     
         109   5.1000000000000014        54.647010000000066     
         110   5.2000000000000011        59.596160000000062     
         111   5.3000000000000007        64.859810000000053     
         112   5.4000000000000004        70.450560000000038     
         113   5.5000000000000000        76.381250000000009     
         114   5.6000000000000014        82.664960000000093     
         115   5.7000000000000011        89.315010000000086     
         116   5.8000000000000007        96.344960000000057     
