           0  -5.7999999999999998     
           1  -5.7000000000000002     
           2  -5.5999999999999996     
           3  -5.5000000000000000     
           4  -5.3999999999999995     
           5  -5.2999999999999998     
           6  -5.1999999999999993     
           7  -5.0999999999999996     
           8  -5.0000000000000000     
           9  -4.8999999999999995     
          10  -4.7999999999999998     
          11  -4.6999999999999993     
          12  -4.5999999999999996     
          13  -4.5000000000000000     
          14  -4.3999999999999995     
          15  -4.2999999999999998     
          16  -4.1999999999999993     
          17  -4.0999999999999996     
          18  -4.0000000000000000     
          19  -3.8999999999999995     
          20  -3.7999999999999998     
          21  -3.6999999999999993     
          22  -3.5999999999999996     
          23  -3.5000000000000000     
          24  -3.3999999999999995     
          25  -3.2999999999999998     
          26  -3.1999999999999993     
          27  -3.0999999999999996     
          28  -3.0000000000000000     
          29  -2.8999999999999995     
          30  -2.7999999999999998     
          31  -2.6999999999999993     
          32  -2.5999999999999996     
          33  -2.5000000000000000     
          34  -2.3999999999999995     
          35  -2.2999999999999998     
          36  -2.1999999999999993     
          37  -2.0999999999999996     
          38  -2.0000000000000000     
          39  -1.9000000000000004     
          40  -1.7999999999999989     
          41  -1.6999999999999993     
          42  -1.5999999999999996     
          43  -1.5000000000000000     
          44  -1.4000000000000004     
          45  -1.2999999999999989     
          46  -1.1999999999999993     
          47  -1.0999999999999996     
          48  -1.0000000000000000     
          49 -0.90000000000000036     
          50 -0.79999999999999893     
          51 -0.69999999999999929     
          52 -0.59999999999999964     
          53 -0.50000000000000000     
          54 -0.39999999999999858     
          55 -0.29999999999999893     
          56 -0.19999999999999929     
          57  -9.9999999999999645E-002
          58   0.0000000000000000     
          59  0.10000000000000142     
          60  0.20000000000000107     
          61  0.30000000000000071     
          62  0.40000000000000036     
          63  0.50000000000000000     
          64  0.60000000000000142     
          65  0.70000000000000107     
          66  0.80000000000000071     
          67  0.90000000000000036     
          68   1.0000000000000000     
          69   1.1000000000000014     
          70   1.2000000000000011     
          71   1.3000000000000007     
          72   1.4000000000000004     
          73   1.5000000000000000     
          74   1.6000000000000014     
          75   1.7000000000000011     
          76   1.8000000000000007     
          77   1.9000000000000004     
          78   2.0000000000000000     
          79   2.1000000000000014     
          80   2.2000000000000011     
          81   2.3000000000000007     
          82   2.4000000000000004     
          83   2.5000000000000000     
          84   2.6000000000000014     
          85   2.7000000000000011     
          86   2.8000000000000007     
          87   2.9000000000000004     
          88   3.0000000000000000     
          89   3.1000000000000014     
          90   3.2000000000000011     
          91   3.3000000000000007     
          92   3.4000000000000004     
          93   3.5000000000000000     
          94   3.6000000000000014     
          95   3.7000000000000011     
          96   3.8000000000000007     
          97   3.9000000000000004     
          98   4.0000000000000000     
          99   4.1000000000000014     
         100   4.2000000000000011     
         101   4.3000000000000007     
         102   4.4000000000000004     
         103   4.5000000000000000     
         104   4.6000000000000014     
         105   4.7000000000000011     
         106   4.8000000000000007     
         107   4.9000000000000004     
         108   5.0000000000000000     
         109   5.1000000000000014     
         110   5.2000000000000011     
         111   5.3000000000000007     
         112   5.4000000000000004     
         113   5.5000000000000000     
         114   5.6000000000000014     
         115   5.7000000000000011     
         116   5.8000000000000007     
