           0  -9.9000000000000004        911.59101000000021     
           1  -9.8000000000000007        874.34816000000046     
           2  -9.6999999999999993        838.24780999999984     
           3  -9.5999999999999996        803.26655999999991     
           4  -9.5000000000000000        769.38125000000002     
           5  -9.4000000000000004        736.56896000000006     
           6  -9.3000000000000007        704.80701000000033     
           7  -9.1999999999999993        674.07295999999974     
           8  -9.0999999999999996        644.34460999999988     
           9  -9.0000000000000000        615.60000000000002     
          10  -8.9000000000000004        587.81741000000011     
          11  -8.8000000000000007        560.97536000000014     
          12  -8.6999999999999993        535.05260999999985     
          13  -8.5999999999999996        510.02815999999996     
          14  -8.5000000000000000        485.88125000000002     
          15  -8.4000000000000004        462.59136000000012     
          16  -8.3000000000000007        440.13821000000019     
          17  -8.1999999999999993        418.50175999999982     
          18  -8.0999999999999996        397.66220999999990     
          19  -8.0000000000000000        377.60000000000002     
          20  -7.9000000000000004        358.29581000000013     
          21  -7.7999999999999998        339.73055999999997     
          22  -7.6999999999999993        321.88540999999992     
          23  -7.5999999999999996        304.74176000000000     
          24  -7.5000000000000000        288.28125000000000     
          25  -7.4000000000000004        272.48576000000008     
          26  -7.2999999999999998        257.33741000000003     
          27  -7.1999999999999993        242.81855999999996     
          28  -7.0999999999999996        228.91180999999995     
          29  -7.0000000000000000        215.60000000000002     
          30  -6.9000000000000004        202.86621000000008     
          31  -6.7999999999999998        190.69375999999997     
          32  -6.6999999999999993        179.06620999999993     
          33  -6.5999999999999996        167.96735999999996     
          34  -6.5000000000000000        157.38125000000002     
          35  -6.4000000000000004        147.29216000000002     
          36  -6.2999999999999998        137.68460999999999     
          37  -6.1999999999999993        128.54335999999995     
          38  -6.0999999999999996        119.85340999999997     
          39  -6.0000000000000000        111.59999999999999     
          40  -5.8999999999999995        103.76860999999997     
          41  -5.7999999999999998        96.344960000000015     
          42  -5.7000000000000002        89.315010000000015     
          43  -5.5999999999999996        82.664959999999994     
          44  -5.5000000000000000        76.381250000000009     
          45  -5.3999999999999995        70.450559999999982     
          46  -5.2999999999999998        64.859809999999996     
          47  -5.1999999999999993        59.596159999999969     
          48  -5.0999999999999996        54.647009999999995     
          49  -5.0000000000000000        50.000000000000000     
          50  -4.8999999999999995        45.643009999999983     
          51  -4.7999999999999998        41.564160000000001     
          52  -4.6999999999999993        37.751809999999978     
          53  -4.5999999999999996        34.194559999999989     
          54  -4.5000000000000000        30.881250000000001     
          55  -4.3999999999999995        27.800959999999982     
          56  -4.2999999999999998        24.943010000000001     
          57  -4.1999999999999993        22.296959999999981     
          58  -4.0999999999999996        19.852609999999991     
          59  -4.0000000000000000        17.600000000000001     
          60  -3.8999999999999995        15.529409999999991     
          61  -3.7999999999999998        13.631360000000001     
          62  -3.6999999999999993        11.896609999999990     
          63  -3.5999999999999996        10.316159999999998     
          64  -3.5000000000000000        8.8812500000000014     
          65  -3.3999999999999995        7.5833599999999945     
          66  -3.2999999999999998        6.4142099999999980     
          67  -3.1999999999999993        5.3657599999999945     
          68  -3.0999999999999996        4.4302099999999980     
          69  -3.0000000000000000        3.5999999999999996     
          70  -2.8999999999999995        2.8678099999999960     
          71  -2.7999999999999998        2.2265599999999997     
          72  -2.6999999999999993        1.6694099999999970     
          73  -2.5999999999999996        1.1897599999999988     
          74  -2.5000000000000000       0.78125000000000000     
          75  -2.3999999999999995       0.43775999999999859     
          76  -2.2999999999999998       0.15340999999999960     
          77  -2.1999999999999993       -7.7440000000001508E-002
          78  -2.0999999999999996      -0.26019000000000059     
          79  -2.0000000000000000      -0.39999999999999991     
          80  -1.9000000000000004      -0.50178999999999951     
          81  -1.7999999999999989      -0.57024000000000052     
          82  -1.6999999999999993      -0.60979000000000005     
          83  -1.5999999999999996      -0.62463999999999986     
          84  -1.5000000000000000      -0.61875000000000002     
          85  -1.4000000000000004      -0.59584000000000015     
          86  -1.2999999999999989      -0.55938999999999961     
          87  -1.1999999999999993      -0.51263999999999965     
          88  -1.0999999999999996      -0.45858999999999983     
          89  -1.0000000000000000      -0.40000000000000002     
          90 -0.90000000000000036      -0.33939000000000019     
          91 -0.79999999999999893      -0.27903999999999940     
          92 -0.69999999999999929      -0.22098999999999958     
          93 -0.59999999999999964      -0.16703999999999983     
          94 -0.50000000000000000      -0.11874999999999999     
          95 -0.39999999999999858       -7.7439999999999468E-002
          96 -0.29999999999999893       -4.4189999999999688E-002
          97 -0.19999999999999929       -1.9839999999999861E-002
          98  -9.9999999999999645E-002  -4.9899999999999649E-003
          99   0.0000000000000000        0.0000000000000000     
         100  0.10000000000000142       -4.9900000000001419E-003
         101  0.20000000000000107       -1.9840000000000208E-002
         102  0.30000000000000071       -4.4190000000000208E-002
         103  0.40000000000000036       -7.7440000000000134E-002
         104  0.50000000000000000      -0.11874999999999999     
         105  0.60000000000000142      -0.16704000000000074     
         106  0.70000000000000107      -0.22099000000000060     
         107  0.80000000000000071      -0.27904000000000040     
         108  0.90000000000000036      -0.33939000000000019     
         109   1.0000000000000000      -0.40000000000000002     
         110   1.1000000000000014      -0.45859000000000077     
         111   1.2000000000000011      -0.51264000000000054     
         112   1.3000000000000007      -0.55939000000000028     
         113   1.4000000000000004      -0.59584000000000015     
         114   1.5000000000000000      -0.61875000000000002     
         115   1.6000000000000014      -0.62463999999999986     
         116   1.7000000000000011      -0.60978999999999961     
         117   1.8000000000000007      -0.57023999999999964     
         118   1.9000000000000004      -0.50178999999999951     
         119   2.0000000000000000      -0.39999999999999991     
         120   2.1000000000000014      -0.26018999999999770     
         121   2.2000000000000011       -7.7439999999997511E-002
         122   2.3000000000000007       0.15341000000000182     
         123   2.4000000000000004       0.43776000000000126     
         124   2.5000000000000000       0.78125000000000000     
         125   2.6000000000000014        1.1897600000000064     
         126   2.7000000000000011        1.6694100000000067     
         127   2.8000000000000007        2.2265600000000041     
         128   2.9000000000000004        2.8678100000000031     
         129   3.0000000000000000        3.5999999999999996     
         130   3.1000000000000014        4.4302100000000122     
         131   3.2000000000000011        5.3657600000000096     
         132   3.3000000000000007        6.4142100000000095     
         133   3.4000000000000004        7.5833600000000061     
         134   3.5000000000000000        8.8812500000000014     
         135   3.6000000000000014        10.316160000000021     
         136   3.7000000000000011        11.896610000000019     
         137   3.8000000000000007        13.631360000000015     
         138   3.9000000000000004        15.529410000000009     
         139   4.0000000000000000        17.600000000000001     
         140   4.1000000000000014        19.852610000000034     
         141   4.2000000000000011        22.296960000000031     
         142   4.3000000000000007        24.943010000000015     
         143   4.4000000000000004        27.800960000000011     
         144   4.5000000000000000        30.881250000000001     
         145   4.6000000000000014        34.194560000000052     
         146   4.7000000000000011        37.751810000000049     
         147   4.8000000000000007        41.564160000000030     
         148   4.9000000000000004        45.643010000000025     
         149   5.0000000000000000        50.000000000000000     
         150   5.1000000000000014        54.647010000000066     
         151   5.2000000000000011        59.596160000000062     
         152   5.3000000000000007        64.859810000000053     
         153   5.4000000000000004        70.450560000000038     
         154   5.5000000000000000        76.381250000000009     
         155   5.6000000000000014        82.664960000000093     
         156   5.7000000000000011        89.315010000000086     
         157   5.8000000000000007        96.344960000000057     
         158   5.9000000000000004        103.76861000000004     
         159   6.0000000000000000        111.59999999999999     
         160   6.1000000000000014        119.85341000000015     
         161   6.1999999999999993        128.54335999999995     
         162   6.3000000000000007        137.68461000000008     
         163   6.4000000000000021        147.29216000000019     
         164   6.5000000000000000        157.38125000000002     
         165   6.6000000000000014        167.96736000000018     
         166   6.6999999999999993        179.06620999999993     
         167   6.8000000000000007        190.69376000000011     
         168   6.9000000000000021        202.86621000000031     
         169   7.0000000000000000        215.60000000000002     
         170   7.1000000000000014        228.91181000000020     
         171   7.1999999999999993        242.81855999999996     
         172   7.3000000000000007        257.33741000000015     
         173   7.4000000000000021        272.48576000000037     
         174   7.5000000000000000        288.28125000000000     
         175   7.6000000000000014        304.74176000000028     
         176   7.6999999999999993        321.88540999999992     
         177   7.8000000000000007        339.73056000000014     
         178   7.9000000000000021        358.29581000000042     
         179   8.0000000000000000        377.60000000000002     
         180   8.1000000000000014        397.66221000000036     
         181   8.1999999999999993        418.50175999999982     
         182   8.3000000000000007        440.13821000000019     
         183   8.4000000000000021        462.59136000000052     
         184   8.5000000000000000        485.88125000000002     
         185   8.6000000000000014        510.02816000000030     
         186   8.6999999999999993        535.05260999999985     
         187   8.8000000000000007        560.97536000000014     
         188   8.9000000000000021        587.81741000000056     
         189   9.0000000000000000        615.60000000000002     
         190   9.1000000000000014        644.34461000000044     
         191   9.2000000000000028        674.07296000000088     
         192   9.3000000000000007        704.80701000000033     
         193   9.4000000000000021        736.56896000000074     
         194   9.5000000000000000        769.38125000000002     
         195   9.6000000000000014        803.26656000000048     
         196   9.7000000000000028        838.24781000000098     
         197   9.8000000000000007        874.34816000000046     
         198   9.9000000000000021        911.59101000000078     
