 Eigenvalue #           0   1.2071067811873006     
           0   1.5826442067924835E-007
           1   5.0419151389341499E-007
           2   1.2078014989675952E-006
           3   2.2573073258768533E-006
           4   3.2838887694436499E-006
           5   3.7214743789180244E-006
           6   3.2838887694987815E-006
           7   2.2573073258094160E-006
           8   1.2078014990004465E-006
           9   5.0419151384093960E-007
          10   1.5826442075123938E-007
          11   1.1227419050396210E-007
          12   5.8543291324170826E-007
          13   2.3370155123141317E-006
          14   7.2039817559335802E-006
          15   1.7281027698031869E-005
          16   3.2285552687369781E-005
          17   4.6974990232465878E-005
          18   5.3229798748377459E-005
          19   4.6974990232415137E-005
          20   3.2285552687302127E-005
          21   1.7281027697981996E-005
          22   7.2039817559973584E-006
          23   2.3370155123152159E-006
          24   5.8543291338737083E-007
          25   1.1227419043297396E-007
          26   2.0406081186787051E-008
          27   1.7521518041590254E-007
          28   1.1585283043518899E-006
          29   5.8872406547879740E-006
          30   2.3281940809736482E-005
          31   7.1713440672315637E-005
          32   1.7203162437398828E-004
          33   3.2139742086020971E-004
          34   4.6763046551574934E-004
          35   5.2989475800957475E-004
          36   4.6763046551572289E-004
          37   3.2139742086017263E-004
          38   1.7203162437401669E-004
          39   7.1713440672285496E-005
          40   2.3281940809869459E-005
          41   5.8872406548473883E-006
          42   1.1585283043993779E-006
          43   1.7521518044121866E-007
          44   2.0406081200664838E-008
          45   1.3336477562488763E-008
          46   1.4836441762861377E-007
          47   1.2428640882845799E-006
          48   8.1028191917912901E-006
          49   4.1149561503036106E-005
          50   1.6275138211838255E-004
          51   5.0130982884366440E-004
          52   1.2025797649607649E-003
          53   2.2467147901646303E-003
          54   3.2689507304843931E-003
          55   3.7042064633967145E-003
          56   3.2689507304845752E-003
          57   2.2467147901648909E-003
          58   1.2025797649607649E-003
          59   5.0130982884368197E-004
          60   1.6275138211844814E-004
          61   4.1149561503096930E-005
          62   8.1028191918509213E-006
          63   1.2428640882478255E-006
          64   1.4836441768347440E-007
          65   1.3336477523349065E-008
          66   6.6754677998433903E-008
          67   7.2848253016721430E-007
          68   6.0993134513737134E-006
          69   3.9774114719638752E-005
          70   2.0198956110479009E-004
          71   7.9888330787535153E-004
          72   2.4607335952978012E-003
          73   5.9029930865411636E-003
          74   1.1028242931471210E-002
          75   1.6045998813679893E-002
          76   1.8182498709289324E-002
          77   1.6045998813679994E-002
          78   1.1028242931471354E-002
          79   5.9029930865411393E-003
          80   2.4607335952976403E-003
          81   7.9888330787532757E-004
          82   2.0198956110483053E-004
          83   3.9774114719641571E-005
          84   6.0993134513866697E-006
          85   7.2848253009701221E-007
          86   6.6754678010034867E-008
          87   2.2997187684563065E-007
          88   2.5110230768534336E-006
          89   2.1023621589801229E-005
          90   1.3709197498232539E-004
          91   6.9620984606963139E-004
          92   2.7535644952917321E-003
          93   8.4815756487507891E-003
          94   2.0346242435324177E-002
          95   3.8011785063366076E-002
          96   5.5306821013062842E-002
          97   6.2670838598935671E-002
          98   5.5306821013062397E-002
          99   3.8011785063365618E-002
         100   2.0346242435323885E-002
         101   8.4815756487505931E-003
         102   2.7535644952916432E-003
         103   6.9620984606956525E-004
         104   1.3709197498234463E-004
         105   2.1023621589745826E-005
         106   2.5110230769107879E-006
         107   2.2997187682069400E-007
         108   5.5665040877249383E-007
         109   6.0773331812823171E-006
         110   5.0882727645516708E-005
         111   3.3180117412685492E-004
         112   1.6850239628849520E-003
         113   6.6643993411422738E-003
         114   2.0527794456612670E-002
         115   4.9243619363656059E-002
         116   9.1999192512126640E-002
         117  0.13385803548547309     
         118  0.15168102565183458     
         119  0.13385803548547243     
         120   9.1999192512125738E-002
         121   4.9243619363655636E-002
         122   2.0527794456612462E-002
         123   6.6643993411421680E-003
         124   1.6850239628849275E-003
         125   3.3180117412682359E-004
         126   5.0882727645566879E-005
         127   6.0773331812137956E-006
         128   5.5665040881564508E-007
         129   9.4599555900863001E-007
         130   1.0328417034113717E-005
         131   8.6475051351093409E-005
         132   5.6389373866569728E-004
         133   2.8636861823588232E-003
         134   1.1326100666586214E-002
         135   3.4886845234894687E-002
         136   8.3689191787642850E-002
         137  0.15635199374844724     
         138  0.22749080894594867     
         139  0.25778085792599614     
         140  0.22749080894594820     
         141  0.15635199374844669     
         142   8.3689191787642489E-002
         143   3.4886845234894527E-002
         144   1.1326100666586077E-002
         145   2.8636861823587438E-003
         146   5.6389373866568004E-004
         147   8.6475051351040148E-005
         148   1.0328417034185112E-005
         149   9.4599555895954275E-007
         150   1.1289364377058955E-006
         151   1.2325544905264182E-005
         152   1.0319612025907983E-004
         153   6.7293089531993340E-004
         154   3.4174221147408902E-003
         155   1.3516167969925549E-002
         156   4.1632727056873729E-002
         157   9.9871721165695454E-002
         158  0.18658493873846249     
         159  0.27147948442279046     
         160  0.30762655743101636     
         161  0.27147948442279046     
         162  0.18658493873846232     
         163   9.9871721165695093E-002
         164   4.1632727056873216E-002
         165   1.3516167969925398E-002
         166   3.4174221147409063E-003
         167   6.7293089531993448E-004
         168   1.0319612025911826E-004
         169   1.2325544905224500E-005
         170   1.1289364377631685E-006
         171   9.4599555898737964E-007
         172   1.0328417034111061E-005
         173   8.6475051351078122E-005
         174   5.6389373866569316E-004
         175   2.8636861823588241E-003
         176   1.1326100666586217E-002
         177   3.4886845234894631E-002
         178   8.3689191787642614E-002
         179  0.15635199374844702     
         180  0.22749080894594848     
         181  0.25778085792599631     
         182  0.22749080894594831     
         183  0.15635199374844669     
         184   8.3689191787642295E-002
         185   3.4886845234894312E-002
         186   1.1326100666586040E-002
         187   2.8636861823588167E-003
         188   5.6389373866572656E-004
         189   8.6475051351059284E-005
         190   1.0328417034108459E-005
         191   9.4599555895444700E-007
         192   5.5665040875373713E-007
         193   6.0773331812070193E-006
         194   5.0882727645489766E-005
         195   3.3180117412684017E-004
         196   1.6850239628849544E-003
         197   6.6643993411422044E-003
         198   2.0527794456612566E-002
         199   4.9243619363655899E-002
         200   9.1999192512126154E-002
         201  0.13385803548547259     
         202  0.15168102565183444     
         203  0.13385803548547248     
         204   9.1999192512126043E-002
         205   4.9243619363655559E-002
         206   2.0527794456612274E-002
         207   6.6643993411421125E-003
         208   1.6850239628848609E-003
         209   3.3180117412681356E-004
         210   5.0882727645490118E-005
         211   6.0773331812186203E-006
         212   5.5665040880751356E-007
         213   2.2997187687175992E-007
         214   2.5110230768333081E-006
         215   2.1023621589804048E-005
         216   1.3709197498232794E-004
         217   6.9620984606963443E-004
         218   2.7535644952917998E-003
         219   8.4815756487508151E-003
         220   2.0346242435324111E-002
         221   3.8011785063365902E-002
         222   5.5306821013062495E-002
         223   6.2670838598935227E-002
         224   5.5306821013062307E-002
         225   3.8011785063365763E-002
         226   2.0346242435323944E-002
         227   8.4815756487506382E-003
         228   2.7535644952917074E-003
         229   6.9620984606958780E-004
         230   1.3709197498232832E-004
         231   2.1023621589793097E-005
         232   2.5110230768417242E-006
         233   2.2997187683430073E-007
         234   6.6754677872883292E-008
         235   7.2848253010931790E-007
         236   6.0993134513493596E-006
         237   3.9774114719639295E-005
         238   2.0198956110483216E-004
         239   7.9888330787535186E-004
         240   2.4607335952977981E-003
         241   5.9029930865412746E-003
         242   1.1028242931471262E-002
         243   1.6045998813679734E-002
         244   1.8182498709289070E-002
         245   1.6045998813679754E-002
         246   1.1028242931471222E-002
         247   5.9029930865411515E-003
         248   2.4607335952976893E-003
         249   7.9888330787533939E-004
         250   2.0198956110488377E-004
         251   3.9774114719674260E-005
         252   6.0993134513888381E-006
         253   7.2848253012216570E-007
         254   6.6754677955743443E-008
         255   1.3336477542539443E-008
         256   1.4836441756963317E-007
         257   1.2428640881675403E-006
         258   8.1028191918607197E-006
         259   4.1149561503035130E-005
         260   1.6275138211846061E-004
         261   5.0130982884371840E-004
         262   1.2025797649607985E-003
         263   2.2467147901647742E-003
         264   3.2689507304844599E-003
         265   3.7042064633966273E-003
         266   3.2689507304843792E-003
         267   2.2467147901647348E-003
         268   1.2025797649607274E-003
         269   5.0130982884369140E-004
         270   1.6275138211842283E-004
         271   4.1149561503079474E-005
         272   8.1028191917960606E-006
         273   1.2428640882434887E-006
         274   1.4836441756226060E-007
         275   1.3336477521289081E-008
         276   2.0406081154260985E-008
         277   1.7521518045639749E-007
         278   1.1585283043312900E-006
         279   5.8872406548107423E-006
         280   2.3281940809856665E-005
         281   7.1713440672372016E-005
         282   1.7203162437397918E-004
         283   3.2139742086016720E-004
         284   4.6763046551572332E-004
         285   5.2989475800957996E-004
         286   4.6763046551581006E-004
         287   3.2139742086012470E-004
         288   1.7203162437396530E-004
         289   7.1713440672367679E-005
         290   2.3281940809777302E-005
         291   5.8872406548671208E-006
         292   1.1585283044013295E-006
         293   1.7521518042018513E-007
         294   2.0406081074897386E-008
         295   1.1227419061121680E-007
         296   5.8543291331369929E-007
         297   2.3370155124435854E-006
         298   7.2039817561320163E-006
         299   1.7281027698101692E-005
         300   3.2285552687472130E-005
         301   4.6974990232429015E-005
         302   5.3229798748555268E-005
         303   4.6974990232540037E-005
         304   3.2285552687361108E-005
         305   1.7281027698018425E-005
         306   7.2039817559099717E-006
         307   2.3370155122978686E-006
         308   5.8543291341778270E-007
         309   1.1227419055050147E-007
         310   1.5826442077530867E-007
         311   5.0419151370172804E-007
         312   1.2078014990273347E-006
         313   2.2573073259436402E-006
         314   3.2838887693778930E-006
         315   3.7214743787235727E-006
         316   3.2838887694957390E-006
         317   2.2573073258724488E-006
         318   1.2078014990231250E-006
         319   5.0419151385300675E-007
         320   1.5826442072187502E-007
 ------------------------------------------------------
 Eigenvalue #           1   2.2071067812381888     
           0  -5.5537865964461197E-007
           1  -1.4265590683702756E-006
           2  -2.5617039421822058E-006
           3  -3.1925499318821021E-006
           4  -2.3219505628831877E-006
           5  -6.9388939039072284E-018
           6   2.3219505628888255E-006
           7   3.1925499320746564E-006
           8   2.5617039422290433E-006
           9   1.4265590684084395E-006
          10   5.5537865957695776E-007
          11  -5.5378792214195310E-007
          12  -2.4828148701139252E-006
          13  -8.2607628663928373E-006
          14  -2.0376021922113765E-005
          15  -3.6658387122807945E-005
          16  -4.5658776200545315E-005
          17  -3.3216280602316531E-005
          18  -3.4694469519536142E-017
          19   3.3216280602290510E-005
          20   4.5658776200638990E-005
          21   3.6658387122858252E-005
          22   2.0376021922198333E-005
          23   8.2607628664535526E-006
          24   2.4828148700779297E-006
          25   5.5378792197628701E-007
          26  -1.2964581871596770E-007
          27  -9.9058423996367488E-007
          28  -5.7335539079446385E-006
          29  -2.4977319080493610E-005
          30  -8.2313944567487252E-005
          31  -2.0283620417872045E-004
          32  -3.6493415024800580E-004
          33  -4.5452460284375190E-004
          34  -3.3066466607321876E-004
          35   4.8572257327350599E-017
          36   3.3066466607329509E-004
          37   4.5452460284363741E-004
          38   3.6493415024782018E-004
          39   2.0283620417878463E-004
          40   8.2313944567666796E-005
          41   2.4977319080486671E-005
          42   5.7335539079463732E-006
          43   9.9058423997690215E-007
          44   1.2964581876974413E-007
          45  -9.4002940181914241E-008
          46  -9.4405776074682479E-007
          47  -7.0306095012913350E-006
          48  -4.0106874941750817E-005
          49  -1.7458269344395368E-004
          50  -5.7541293222049608E-004
          51  -1.4179182976922378E-003
          52  -2.5510569128331315E-003
          53  -3.1773345255721938E-003
          54  -2.3114972287132871E-003
          55   1.0148132334464322E-016
          56   2.3114972287135577E-003
          57   3.1773345255722164E-003
          58   2.5510569128329805E-003
          59   1.4179182976922560E-003
          60   5.7541293222053858E-004
          61   1.7458269344400312E-004
          62   4.0106874941762960E-005
          63   7.0306095013988879E-006
          64   9.4405776073988590E-007
          65   9.4002940240894839E-008
          66  -4.7083831927145076E-007
          67  -4.6359178231241555E-006
          68  -3.4502755414176310E-005
          69  -1.9687182408663871E-004
          70  -8.5696909079823001E-004
          71  -2.8244790975381412E-003
          72  -6.9600056069851271E-003
          73  -1.2522139346428159E-002
          74  -1.5596290705550811E-002
          75  -1.1346234581200890E-002
          76  -1.5439038936193583E-016
          77   1.1346234581200902E-002
          78   1.5596290705551085E-002
          79   1.2522139346428351E-002
          80   6.9600056069851497E-003
          81   2.8244790975381021E-003
          82   8.5696909079817449E-004
          83   1.9687182408663871E-004
          84   3.4502755414288905E-005
          85   4.6359178231623194E-006
          86   4.7083831922981739E-007
          87  -1.6220623742604391E-006
          88  -1.5979659515370868E-005
          89  -1.1892708129361941E-004
          90  -6.7857086376157906E-004
          91  -2.9537679902357939E-003
          92  -9.7353207344483186E-003
          93  -2.3989518509001044E-002
          94  -4.3160898073934043E-002
          95  -5.3756781916164731E-002
          96  -3.9107828214281271E-002
          97   2.0816681711721685E-017
          98   3.9107828214281520E-002
          99   5.3756781916165203E-002
         100   4.3160898073934313E-002
         101   2.3989518509001086E-002
         102   9.7353207344482960E-003
         103   2.9537679902357263E-003
         104   6.7857086376154827E-004
         105   1.1892708129369704E-004
         106   1.5979659515427680E-005
         107   1.6220623742313825E-006
         108  -3.9262348266013228E-006
         109  -3.8674975117191680E-005
         110  -2.8783497625221215E-004
         111  -1.6423324480607910E-003
         112  -7.1489507602063053E-003
         113  -2.3562210198808650E-002
         114  -5.8061370373378961E-002
         115 -0.10446149175256872     
         116 -0.13010650565409126     
         117  -9.4651924683211000E-002
         118   5.6898930012039273E-016
         119   9.4651924683212096E-002
         120  0.13010650565409190     
         121  0.10446149175256893     
         122   5.8061370373378940E-002
         123   2.3562210198808681E-002
         124   7.1489507602063946E-003
         125   1.6423324480608140E-003
         126   2.8783497625225508E-004
         127   3.8674975117238952E-005
         128   3.9262348265818071E-006
         129  -6.6724075907121511E-006
         130  -6.5728045786691419E-005
         131  -4.8917475074888471E-004
         132  -2.7911323840387092E-003
         133  -1.2149590666751454E-002
         134  -4.0043813469072265E-002
         135  -9.8674898886992310E-002
         136 -0.17753158542153177     
         137 -0.22111510985565622     
         138 -0.16086029379026040     
         139   6.5919492087118670E-016
         140  0.16086029379026162     
         141  0.22111510985565699     
         142  0.17753158542153188     
         143   9.8674898886992018E-002
         144   4.0043813469072070E-002
         145   1.2149590666751371E-002
         146   2.7911323840386962E-003
         147   4.8917475074890639E-004
         148   6.5728045786672337E-005
         149   6.6724075907560612E-006
         150  -7.9627509144211683E-006
         151  -7.8437385251724830E-005
         152  -5.8376299377280454E-004
         153  -3.3308388861085598E-003
         154  -1.4498893145553755E-002
         155  -4.7786870843848014E-002
         156 -0.11775513392167047     
         157 -0.21185991427237930     
         158 -0.26387095064935118     
         159 -0.19196498454084548     
         160   4.5796699765787707E-016
         161  0.19196498454084623     
         162  0.26387095064935123     
         163  0.21185991427237888     
         164  0.11775513392166982     
         165   4.7786870843847570E-002
         166   1.4498893145553651E-002
         167   3.3308388861085347E-003
         168   5.8376299377280541E-004
         169   7.8437385251723529E-005
         170   7.9627509144106516E-006
         171  -6.6724075908006220E-006
         172  -6.5728045786708333E-005
         173  -4.8917475074896017E-004
         174  -2.7911323840387608E-003
         175  -1.2149590666751498E-002
         176  -4.0043813469072299E-002
         177  -9.8674898886992296E-002
         178 -0.17753158542153191     
         179 -0.22111510985565638     
         180 -0.16086029379026071     
         181  -1.1102230246251565E-016
         182  0.16086029379026034     
         183  0.22111510985565586     
         184  0.17753158542153116     
         185   9.8674898886991685E-002
         186   4.0043813469072029E-002
         187   1.2149590666751387E-002
         188   2.7911323840387032E-003
         189   4.8917475074897795E-004
         190   6.5728045786756471E-005
         191   6.6724075907722159E-006
         192  -3.9262348266733138E-006
         193  -3.8674975117184308E-005
         194  -2.8783497625225161E-004
         195  -1.6423324480608842E-003
         196  -7.1489507602063651E-003
         197  -2.3562210198808706E-002
         198  -5.8061370373378968E-002
         199 -0.10446149175256876     
         200 -0.13010650565409126     
         201  -9.4651924683211375E-002
         202  -3.3306690738754696E-016
         203   9.4651924683210736E-002
         204  0.13010650565409074     
         205  0.10446149175256829     
         206   5.8061370373378593E-002
         207   2.3562210198808529E-002
         208   7.1489507602063001E-003
         209   1.6423324480608049E-003
         210   2.8783497625226029E-004
         211   3.8674975117232446E-005
         212   3.9262348266026238E-006
         213  -1.6220623743068430E-006
         214  -1.5979659515446437E-005
         215  -1.1892708129365324E-004
         216  -6.7857086376158469E-004
         217  -2.9537679902358234E-003
         218  -9.7353207344483359E-003
         219  -2.3989518509001086E-002
         220  -4.3160898073934161E-002
         221  -5.3756781916164793E-002
         222  -3.9107828214281187E-002
         223  -3.0531133177191805E-016
         224   3.9107828214280750E-002
         225   5.3756781916164488E-002
         226   4.3160898073933820E-002
         227   2.3989518509000905E-002
         228   9.7353207344482110E-003
         229   2.9537679902357237E-003
         230   6.7857086376150230E-004
         231   1.1892708129360944E-004
         232   1.5979659515385179E-005
         233   1.6220623742424414E-006
         234  -4.7083831921854169E-007
         235  -4.6359178231441048E-006
         236  -3.4502755414301915E-005
         237  -1.9687182408657973E-004
         238  -8.5696909079815194E-004
         239  -2.8244790975381099E-003
         240  -6.9600056069851080E-003
         241  -1.2522139346428228E-002
         242  -1.5596290705551095E-002
         243  -1.1346234581201082E-002
         244  -2.2551405187698492E-016
         245   1.1346234581200865E-002
         246   1.5596290705551047E-002
         247   1.2522139346428190E-002
         248   6.9600056069850161E-003
         249   2.8244790975380301E-003
         250   8.5696909079809730E-004
         251   1.9687182408657409E-004
         252   3.4502755414242067E-005
         253   4.6359178231918097E-006
         254   4.7083831926776447E-007
         255  -9.4002940266915691E-008
         256  -9.4405776077111092E-007
         257  -7.0306095013373052E-006
         258  -4.0106874941742577E-005
         259  -1.7458269344402047E-004
         260  -5.7541293222049998E-004
         261  -1.4179182976922435E-003
         262  -2.5510569128330911E-003
         263  -3.1773345255723547E-003
         264  -2.3114972287135264E-003
         265   2.6888213877640510E-017
         266   2.3114972287134267E-003
         267   3.1773345255723048E-003
         268   2.5510569128330655E-003
         269   1.4179182976922396E-003
         270   5.7541293222045315E-004
         271   1.7458269344395282E-004
         272   4.0106874941716122E-005
         273   7.0306095014630726E-006
         274   9.4405776078498871E-007
         275   9.4002940244364286E-008
         276  -1.2964581886862336E-007
         277  -9.9058424002373968E-007
         278  -5.7335539079246892E-006
         279  -2.4977319080458915E-005
         280  -8.2313944567695418E-005
         281  -2.0283620417878463E-004
         282  -3.6493415024784794E-004
         283  -4.5452460284365476E-004
         284  -3.3066466607325692E-004
         285   3.4694469519536142E-017
         286   3.3066466607314243E-004
         287   4.5452460284345006E-004
         288   3.6493415024790865E-004
         289   2.0283620417865800E-004
         290   8.2313944567646846E-005
         291   2.4977319080521365E-005
         292   5.7335539079828024E-006
         293   9.9058424007925083E-007
         294   1.2964581877494830E-007
         295  -5.5378792193638837E-007
         296  -2.4828148700722918E-006
         297  -8.2607628665090638E-006
         298  -2.0376021922140219E-005
         299  -3.6658387122773251E-005
         300  -4.5658776200468987E-005
         301  -3.3216280602238468E-005
         302   8.3266726846886741E-017
         303   3.3216280602460513E-005
         304   4.5658776200691031E-005
         305   3.6658387122801006E-005
         306   2.0376021922091647E-005
         307   8.2607628663633470E-006
         308   2.4828148700306585E-006
         309   5.5378792195026616E-007
         310  -5.5537865951277299E-007
         311  -1.4265590684726243E-006
         312  -2.5617039423123100E-006
         313  -3.1925499318252899E-006
         314  -2.3219505628745141E-006
         315  -4.9168568522217626E-017
         316   2.3219505630947155E-006
         317   3.1925499318701217E-006
         318   2.5617039423563320E-006
         319   1.4265590684938090E-006
         320   5.5537865961156625E-007
 ------------------------------------------------------
 Eigenvalue #           2   2.6213203442313948     
           0   1.0616352174794286E-006
           1   3.3878944065007799E-006
           2   8.1159757712757907E-006
           3   1.5168393867061661E-005
           4   2.2066634433139110E-005
           5   2.5007111651943401E-005
           6   2.2066634433208607E-005
           7   1.5168393867157071E-005
           8   8.1159757712549740E-006
           9   3.3878944064955757E-006
          10   1.0616352174321574E-006
          11   6.5771699014373353E-007
          12   3.4384041190313464E-006
          13   1.3753030649991255E-005
          14   4.2402291664240914E-005
          15   1.0171545091384321E-004
          16   1.9003175580314252E-004
          17   2.7649320160609732E-004
          18   3.1330888857978439E-004
          19   2.7649320160627600E-004
          20   1.9003175580335069E-004
          21   1.0171545091393602E-004
          22   4.2402291664208822E-005
          23   1.3753030650035490E-005
          24   3.4384041190961816E-006
          25   6.5771699032067532E-007
          26   1.0216986341161916E-007
          27   8.8108595873621649E-007
          28   5.8441508254715446E-006
          29   2.9703983288680361E-005
          30   1.1746648246211203E-004
          31   3.6182293574197472E-004
          32   8.6796846260693322E-004
          33   1.6215787964977760E-003
          34   2.3593831016381073E-003
          35   2.6735314245796768E-003
          36   2.3593831016381732E-003
          37   1.6215787964980501E-003
          38   8.6796846260709520E-004
          39   3.6182293574196604E-004
          40   1.1746648246208774E-004
          41   2.9703983288681228E-005
          42   5.8441508255235863E-006
          43   8.8108595881590535E-007
          44   1.0216986337518996E-007
          45   5.5798858261332795E-008
          46   6.2366268176877737E-007
          47   5.2257937228081600E-006
          48   3.4067781526047475E-005
          49   1.7301143808819835E-004
          50   6.8428430567751310E-004
          51   2.1077460301041628E-003
          52   5.0562199333570382E-003
          53   9.4462625166954473E-003
          54   1.3744230851744085E-002
          55   1.5574253938295399E-002
          56   1.3744230851744380E-002
          57   9.4462625166957873E-003
          58   5.0562199333570928E-003
          59   2.1077460301041260E-003
          60   6.8428430567747840E-004
          61   1.7301143808825300E-004
          62   3.4067781526156762E-005
          63   5.2257937228003537E-006
          64   6.2366268171673567E-007
          65   5.5798858151177855E-008
          66   2.2456151742983321E-007
          67   2.4502463956599298E-006
          68   2.0515235439097610E-005
          69   1.3378372690288440E-004
          70   6.7940993362470333E-004
          71   2.6871132681957378E-003
          72   8.2768904444376346E-003
          73   1.9855228243558107E-002
          74   3.7094449765769921E-002
          75   5.3972106049550016E-002
          76   6.1158408393232090E-002
          77   5.3972106049550217E-002
          78   3.7094449765770025E-002
          79   1.9855228243557888E-002
          80   8.2768904444374923E-003
          81   2.6871132681956919E-003
          82   6.7940993362475082E-004
          83   1.3378372690306221E-004
          84   2.0515235439130461E-005
          85   2.4502463955872883E-006
          86   2.2456151743330266E-007
          87   5.8011920630283986E-007
          88   6.3345544568274396E-006
          89   5.3036246550752265E-005
          90   3.4584034143971421E-004
          91   1.7563204900366636E-003
          92   6.9463867324142323E-003
          93   2.1396377504378547E-002
          94   5.1327241773881933E-002
          95   9.5891911673873953E-002
          96  0.13952190844552817     
          97  0.15809903453601723     
          98  0.13952190844552750     
          99   9.5891911673873342E-002
         100   5.1327241773881496E-002
         101   2.1396377504378280E-002
         102   6.9463867324141490E-003
         103   1.7563204900366584E-003
         104   3.4584034143964656E-004
         105   5.3036246550751398E-005
         106   6.3345544567749643E-006
         107   5.8011920625860441E-007
         108   9.3618580691758740E-007
         109   1.0220797196955171E-005
         110   8.5574090166646872E-005
         111   5.5802090846533876E-004
         112   2.8338616356879450E-003
         113   1.1208139688300013E-002
         114   3.4523499374958772E-002
         115   8.2817570398571030E-002
         116  0.15472359060562565     
         117  0.22512149635930723     
         118  0.25509607503206932     
         119  0.22512149635930626     
         120  0.15472359060562474     
         121   8.2817570398570323E-002
         122   3.4523499374958487E-002
         123   1.1208139688299871E-002
         124   2.8338616356877967E-003
         125   5.5802090846528239E-004
         126   8.5574090166527176E-005
         127   1.0220797196919176E-005
         128   9.3618580687985717E-007
         129   7.9547708341665829E-007
         130   8.6851373814157348E-006
         131   7.2716615448244247E-005
         132   4.7417618332912291E-004
         133   2.4080632264943131E-003
         134   9.5240770757534995E-003
         135   2.9336222048594460E-002
         136   7.0373938853525567E-002
         137  0.13147582636481597     
         138  0.19129619891279645     
         139  0.21676699160957766     
         140  0.19129619891279587     
         141  0.13147582636481556     
         142   7.0373938853525470E-002
         143   2.9336222048594526E-002
         144   9.5240770757535308E-003
         145   2.4080632264942975E-003
         146   4.7417618332903997E-004
         147   7.2716615448129539E-005
         148   8.6851373813159882E-006
         149   7.9547708333989678E-007
         150  -5.2909066017292616E-017
         151  -1.0408340855860843E-017
         152   5.0415401020575956E-017
         153   9.3024546399256280E-017
         154   9.1072982488782372E-018
         155  -9.0856142054285272E-017
         156  -2.1250362580715887E-016
         157  -3.8163916471489756E-016
         158  -5.9674487573602164E-016
         159  -6.2450045135165055E-016
         160  -6.3837823915946501E-016
         161  -4.7184478546569153E-016
         162   5.5511151231257827E-017
         163   4.7184478546569153E-016
         164   5.2735593669694936E-016
         165   2.3592239273284576E-016
         166   2.4286128663675299E-017
         167   5.2909066017292616E-017
         168  -8.1532003370909933E-017
         169   6.5052130349130266E-019
         170   1.1763593571467723E-017
         171  -7.9547708332038114E-007
         172  -8.6851373813866782E-006
         173  -7.2716615448128455E-005
         174  -4.7417618332896679E-004
         175  -2.4080632264942134E-003
         176  -9.5240770757535152E-003
         177  -2.9336222048594568E-002
         178  -7.0373938853525927E-002
         179 -0.13147582636481653     
         180 -0.19129619891279684     
         181 -0.21676699160957821     
         182 -0.19129619891279620     
         183 -0.13147582636481539     
         184  -7.0373938853524901E-002
         185  -2.9336222048593950E-002
         186  -9.5240770757532532E-003
         187  -2.4080632264941622E-003
         188  -4.7417618332906935E-004
         189  -7.2716615448139947E-005
         190  -8.6851373813873287E-006
         191  -7.9547708329305925E-007
         192  -9.3618580693493464E-007
         193  -1.0220797196823170E-005
         194  -8.5574090166522839E-005
         195  -5.5802090846523121E-004
         196  -2.8338616356877845E-003
         197  -1.1208139688299926E-002
         198  -3.4523499374958730E-002
         199  -8.2817570398570725E-002
         200 -0.15472359060562513     
         201 -0.22512149635930645     
         202 -0.25509607503206877     
         203 -0.22512149635930603     
         204 -0.15472359060562449     
         205  -8.2817570398570128E-002
         206  -3.4523499374958397E-002
         207  -1.1208139688299874E-002
         208  -2.8338616356878362E-003
         209  -5.5802090846533790E-004
         210  -8.5574090166641668E-005
         211  -1.0220797196858894E-005
         212  -9.3618580697580906E-007
         213  -5.8011920623952246E-007
         214  -6.3345544568172481E-006
         215  -5.3036246550741857E-005
         216  -3.4584034143962010E-004
         217  -1.7563204900365847E-003
         218  -6.9463867324141438E-003
         219  -2.1396377504378394E-002
         220  -5.1327241773881677E-002
         221  -9.5891911673873315E-002
         222 -0.13952190844552717     
         223 -0.15809903453601626     
         224 -0.13952190844552706     
         225  -9.5891911673873134E-002
         226  -5.1327241773881468E-002
         227  -2.1396377504378335E-002
         228  -6.9463867324141872E-003
         229  -1.7563204900366896E-003
         230  -3.4584034143972527E-004
         231  -5.3036246550714969E-005
         232  -6.3345544568786140E-006
         233  -5.8011920628256528E-007
         234  -2.2456151748534436E-007
         235  -2.4502463956566772E-006
         236  -2.0515235439157132E-005
         237  -1.3378372690287660E-004
         238  -6.7940993362470333E-004
         239  -2.6871132681956567E-003
         240  -8.2768904444375565E-003
         241  -1.9855228243557951E-002
         242  -3.7094449765769796E-002
         243  -5.3972106049549690E-002
         244  -6.1158408393231514E-002
         245  -5.3972106049549648E-002
         246  -3.7094449765769671E-002
         247  -1.9855228243557909E-002
         248  -8.2768904444375582E-003
         249  -2.6871132681957387E-003
         250  -6.7940993362479614E-004
         251  -1.3378372690298632E-004
         252  -2.0515235439165155E-005
         253  -2.4502463955794820E-006
         254  -2.2456151747450234E-007
         255  -5.5798858185872324E-008
         256  -6.2366268172887873E-007
         257  -5.2257937228493596E-006
         258  -3.4067781526052245E-005
         259  -1.7301143808813070E-004
         260  -6.8428430567742940E-004
         261  -2.1077460301041468E-003
         262  -5.0562199333569775E-003
         263  -9.4462625166955669E-003
         264  -1.3744230851744104E-002
         265  -1.5574253938295327E-002
         266  -1.3744230851744069E-002
         267  -9.4462625166955739E-003
         268  -5.0562199333569410E-003
         269  -2.1077460301040249E-003
         270  -6.8428430567740294E-004
         271  -1.7301143808814284E-004
         272  -3.4067781526056148E-005
         273  -5.2257937228177009E-006
         274  -6.2366268180173712E-007
         275  -5.5798858106942406E-008
         276  -1.0216986340988443E-007
         277  -8.8108595872743445E-007
         278  -5.8441508255556787E-006
         279  -2.9703983288607502E-005
         280  -1.1746648246202182E-004
         281  -3.6182293574199206E-004
         282  -8.6796846260709520E-004
         283  -1.6215787964978081E-003
         284  -2.3593831016381246E-003
         285  -2.6735314245797410E-003
         286  -2.3593831016380587E-003
         287  -1.6215787964980943E-003
         288  -8.6796846260703275E-004
         289  -3.6182293574196778E-004
         290  -1.1746648246210856E-004
         291  -2.9703983288588420E-005
         292  -5.8441508254403196E-006
         293  -8.8108595897029574E-007
         294  -1.0216986351396784E-007
         295  -6.5771699034322673E-007
         296  -3.4384041190660408E-006
         297  -1.3753030649793496E-005
         298  -4.2402291664259129E-005
         299  -1.0171545091383540E-004
         300  -1.9003175580324660E-004
         301  -2.7649320160624824E-004
         302  -3.1330888857999950E-004
         303  -2.7649320160630375E-004
         304  -1.9003175580331599E-004
         305  -1.0171545091400280E-004
         306  -4.2402291664161984E-005
         307  -1.3753030649973907E-005
         308  -3.4384041191076742E-006
         309  -6.5771699032934894E-007
         310  -1.0616352175314703E-006
         311  -3.3878944064348604E-006
         312  -8.1159757713868130E-006
         313  -1.5168393867121075E-005
         314  -2.2066634433075792E-005
         315  -2.5007111651792263E-005
         316  -2.2066634433245822E-005
         317  -1.5168393867029907E-005
         318  -8.1159757712337169E-006
         319  -3.3878944065560014E-006
         320  -1.0616352174416064E-006
 ------------------------------------------------------
 Eigenvalue #           3   3.2071067825309463     
           0  -1.2627248977513383E-006
           1  -2.4990750519962926E-006
           2  -2.9859563842552644E-006
           3  -1.5985311433855745E-006
           4   1.1630685231873300E-006
           5   2.6295442534240987E-006
           6   1.1630685230314217E-006
           7  -1.5985311433864419E-006
           8  -2.9859563843281228E-006
           9  -2.4990750518956786E-006
          10  -1.2627248976346782E-006
          11  -1.8501964408018483E-006
          12  -7.0322491313862256E-006
          13  -1.8992580556350183E-005
          14  -3.5659195519638083E-005
          15  -4.2766354704529275E-005
          16  -2.2830899081817402E-005
          17   1.6609593822677557E-005
          18   3.7637774559701187E-005
          19   1.6609593822570004E-005
          20  -2.2830899081902403E-005
          21  -4.2766354704469427E-005
          22  -3.5659195519659875E-005
          23  -1.8992580556427378E-005
          24  -7.0322491314029224E-006
          25  -1.8501964408829466E-006
          26  -5.6775183095766207E-007
          27  -3.8360732301826687E-006
          28  -1.9244358434077416E-005
          29  -7.0768661846052489E-005
          30  -1.8932122698708115E-004
          31  -3.5496342447513540E-004
          32  -4.2575612793965649E-004
          33  -2.2726259737063104E-004
          34   1.6533263882034799E-004
          35   3.7469188466710338E-004
          36   1.6533263882030635E-004
          37  -2.2726259737056685E-004
          38  -4.2575612793961659E-004
          39  -3.5496342447517096E-004
          40  -1.8932122698698314E-004
          41  -7.0768661846016059E-005
          42  -1.9244358434036650E-005
          43  -3.8360732301668393E-006
          44  -5.6775183090735509E-007
          45  -4.5881624141652644E-007
          46  -4.1426301790577560E-006
          47  -2.7243066960874491E-005
          48  -1.3464432667647944E-004
          49  -4.9465044166150307E-004
          50  -1.3234494361230361E-003
          51  -2.4813568606271760E-003
          52  -2.9762331004169647E-003
          53  -1.5886671856205556E-003
          54   1.1557485490649999E-003
          55   2.6192695890545764E-003
          56   1.1557485490647466E-003
          57  -1.5886671856208089E-003
          58  -2.9762331004170657E-003
          59  -2.4813568606272536E-003
          60  -1.3234494361229979E-003
          61  -4.9465044166147618E-004
          62  -1.3464432667655186E-004
          63  -2.7243066960813342E-005
          64  -4.1426301790031123E-006
          65  -4.5881624133325971E-007
          66  -2.2997297639418615E-006
          67  -2.0345743840950595E-005
          68  -1.3369686968263514E-004
          69  -6.6092709827732157E-004
          70  -2.4280784664718153E-003
          71  -6.4963025721057385E-003
          72  -1.2180009217586404E-002
          73  -1.4609163145617693E-002
          74  -7.7981447957214053E-003
          75   5.6731167387740547E-003
          76   1.2856968724795435E-002
          77   5.6731167387736002E-003
          78  -7.7981447957218356E-003
          79  -1.4609163145617905E-002
          80  -1.2180009217586506E-002
          81  -6.4963025721057957E-003
          82  -2.4280784664716505E-003
          83  -6.6092709827713422E-004
          84  -1.3369686968260110E-004
          85  -2.0345743840910480E-005
          86  -2.2997297638941566E-006
          87  -7.9227711640029314E-006
          88  -7.0130298051758900E-005
          89  -4.6083847795933735E-004
          90  -2.2780611546941165E-003
          91  -8.3690069552911830E-003
          92  -2.2391239454833838E-002
          93  -4.1981655465329754E-002
          94  -5.0354383078238772E-002
          95  -2.6878389100932945E-002
          96   1.9553912218412073E-002
          97   4.4314976946669610E-002
          98   1.9553912218411400E-002
          99  -2.6878389100933806E-002
         100  -5.0354383078239133E-002
         101  -4.1981655465329781E-002
         102  -2.2391239454834032E-002
         103  -8.3690069552911934E-003
         104  -2.2780611546940280E-003
         105  -4.6083847795922242E-004
         106  -7.0130298051745456E-005
         107  -7.9227711640619120E-006
         108  -1.9177263224245348E-005
         109  -1.6973384919728046E-004
         110  -1.1153508102765973E-003
         111  -5.5135487660880368E-003
         112  -2.0255355112599540E-002
         113  -5.4193088171124025E-002
         114 -0.10160739352041440     
         115 -0.12187174526001793     
         116  -6.5053248328484997E-002
         117   4.7325957731212100E-002
         118  0.10725468663864635     
         119   4.7325957731211288E-002
         120  -6.5053248328486107E-002
         121 -0.12187174526001865     
         122 -0.10160739352041484     
         123  -5.4193088171124282E-002
         124  -2.0255355112599533E-002
         125  -5.5135487660880117E-003
         126  -1.1153508102765062E-003
         127  -1.6973384919738454E-004
         128  -1.9177263224270718E-005
         129  -3.2590628293829166E-005
         130  -2.8846230977986166E-004
         131  -1.8955357495953535E-003
         132  -9.3702373746139128E-003
         133  -3.4423830911416237E-002
         134  -9.2100778726259963E-002
         135 -0.17268106519519016     
         136 -0.20712019127975739     
         137 -0.11055754731317152     
         138   8.0430139061455450E-002
         139  0.18227860086937903     
         140   8.0430139061454547E-002
         141 -0.11055754731317272     
         142 -0.20712019127975853     
         143 -0.17268106519519102     
         144  -9.2100778726260352E-002
         145  -3.4423830911416299E-002
         146  -9.3702373746139093E-003
         147  -1.8955357495953297E-003
         148  -2.8846230977984020E-004
         149  -3.2590628293827648E-005
         150  -3.8893177030006887E-005
         151  -3.4424013371965015E-004
         152  -2.2620619375469417E-003
         153  -1.1182110440363161E-002
         154  -4.1080186279778427E-002
         155 -0.10990981240023365     
         156 -0.20607147498912623     
         157 -0.24716990989692522     
         158 -0.13193546622954067     
         159   9.5982482905492314E-002
         160  0.21752483458765898     
         161   9.5982482905492286E-002
         162 -0.13193546622954103     
         163 -0.24716990989692578     
         164 -0.20607147498912684     
         165 -0.10990981240023406     
         166  -4.1080186279778608E-002
         167  -1.1182110440363206E-002
         168  -2.2620619375469829E-003
         169  -3.4424013371969948E-004
         170  -3.8893177029987913E-005
         171  -3.2590628293811819E-005
         172  -2.8846230977985820E-004
         173  -1.8955357495953227E-003
         174  -9.3702373746138677E-003
         175  -3.4423830911416139E-002
         176  -9.2100778726259935E-002
         177 -0.17268106519519047     
         178 -0.20712019127975795     
         179 -0.11055754731317241     
         180   8.0430139061454492E-002
         181  0.18227860086937889     
         182   8.0430139061455311E-002
         183 -0.11055754731317166     
         184 -0.20712019127975778     
         185 -0.17268106519519061     
         186  -9.2100778726260157E-002
         187  -3.4423830911416264E-002
         188  -9.3702373746139076E-003
         189  -1.8955357495952902E-003
         190  -2.8846230977981396E-004
         191  -3.2590628293850416E-005
         192  -1.9177263224360273E-005
         193  -1.6973384919734361E-004
         194  -1.1153508102764794E-003
         195  -5.5135487660880082E-003
         196  -2.0255355112599467E-002
         197  -5.4193088171123976E-002
         198 -0.10160739352041448     
         199 -0.12187174526001843     
         200  -6.5053248328486149E-002
         201   4.7325957731210941E-002
         202  0.10725468663864596     
         203   4.7325957731211760E-002
         204  -6.5053248328485275E-002
         205 -0.12187174526001790     
         206 -0.10160739352041434     
         207  -5.4193088171123997E-002
         208  -2.0255355112599467E-002
         209  -5.5135487660880021E-003
         210  -1.1153508102764750E-003
         211  -1.6973384919734529E-004
         212  -1.9177263224285680E-005
         213  -7.9227711640827286E-006
         214  -7.0130298051807364E-005
         215  -4.6083847795923391E-004
         216  -2.2780611546941100E-003
         217  -8.3690069552911812E-003
         218  -2.2391239454833987E-002
         219  -4.1981655465329726E-002
         220  -5.0354383078239147E-002
         221  -2.6878389100933861E-002
         222   1.9553912218410983E-002
         223   4.4314976946669082E-002
         224   1.9553912218411636E-002
         225  -2.6878389100933167E-002
         226  -5.0354383078238675E-002
         227  -4.1981655465329504E-002
         228  -2.2391239454833876E-002
         229  -8.3690069552911847E-003
         230  -2.2780611546941399E-003
         231  -4.6083847795918426E-004
         232  -7.0130298051777114E-005
         233  -7.9227711640675498E-006
         234  -2.2997297638932893E-006
         235  -2.0345743840938018E-005
         236  -1.3369686968274204E-004
         237  -6.6092709827728969E-004
         238  -2.4280784664715924E-003
         239  -6.4963025721056916E-003
         240  -1.2180009217586430E-002
         241  -1.4609163145617891E-002
         242  -7.7981447957218954E-003
         243   5.6731167387733660E-003
         244   1.2856968724795081E-002
         245   5.6731167387735759E-003
         246  -7.7981447957215823E-003
         247  -1.4609163145617663E-002
         248  -1.2180009217586329E-002
         249  -6.4963025721056552E-003
         250  -2.4280784664715933E-003
         251  -6.6092709827721271E-004
         252  -1.3369686968283875E-004
         253  -2.0345743840978134E-005
         254  -2.2997297639581245E-006
         255  -4.5881624136188265E-007
         256  -4.1426301790317352E-006
         257  -2.7243066960843700E-005
         258  -1.3464432667655490E-004
         259  -4.9465044166148268E-004
         260  -1.3234494361230927E-003
         261  -2.4813568606272493E-003
         262  -2.9762331004170393E-003
         263  -1.5886671856207516E-003
         264   1.1557485490646157E-003
         265   2.6192695890544012E-003
         266   1.1557485490646668E-003
         267  -1.5886671856207481E-003
         268  -2.9762331004169239E-003
         269  -2.4813568606271118E-003
         270  -1.3234494361229893E-003
         271  -4.9465044166145233E-004
         272  -1.3464432667648248E-004
         273  -2.7243066960994620E-005
         274  -4.1426301789666831E-006
         275  -4.5881624138963822E-007
         276  -5.6775183100363225E-007
         277  -3.8360732300939809E-006
         278  -1.9244358433934301E-005
         279  -7.0768661846236369E-005
         280  -1.8932122698719477E-004
         281  -3.5496342447513714E-004
         282  -4.2575612793956021E-004
         283  -2.2726259737055471E-004
         284   1.6533263882037661E-004
         285   3.7469188466709991E-004
         286   1.6533263882021138E-004
         287  -2.2726259737075247E-004
         288  -4.2575612793974149E-004
         289  -3.5496342447530194E-004
         290  -1.8932122698717135E-004
         291  -7.0768661846021264E-005
         292  -1.9244358434006292E-005
         293  -3.8360732302206157E-006
         294  -5.6775183083015990E-007
         295  -1.8501964408196292E-006
         296  -7.0322491314833702E-006
         297  -1.8992580556362326E-005
         298  -3.5659195519635589E-005
         299  -4.2766354704362741E-005
         300  -2.2830899081911077E-005
         301   1.6609593822623780E-005
         302   3.7637774559687309E-005
         303   1.6609593822436430E-005
         304  -2.2830899081921485E-005
         305  -4.2766354704404375E-005
         306  -3.5659195519635589E-005
         307  -1.8992580556431715E-005
         308  -7.0322491314278590E-006
         309  -1.8501964408473848E-006
         310  -1.2627248977964411E-006
         311  -2.4990750518844029E-006
         312  -2.9859563842092943E-006
         313  -1.5985311434632034E-006
         314   1.1630685232545505E-006
         315   2.6295442533896211E-006
         316   1.1630685230674444E-006
         317  -1.5985311433286268E-006
         318  -2.9859563842692642E-006
         319  -2.4990750518866035E-006
         320  -1.2627248976747608E-006
 ------------------------------------------------------
