150  -5.0000000000000000        0.0000000000000000       -7.9627509144211683E-006
151  -4.5000000000000000        0.0000000000000000       -7.8437385251724830E-005
152  -4.0000000000000000        0.0000000000000000       -5.8376299377280454E-004
153  -3.5000000000000000        0.0000000000000000       -3.3308388861085598E-003
154  -3.0000000000000000        0.0000000000000000       -1.4498893145553755E-002
155  -2.5000000000000000        0.0000000000000000       -4.7786870843848014E-002
156  -2.0000000000000000        0.0000000000000000      -0.11775513392167047
157  -1.5000000000000000        0.0000000000000000      -0.21185991427237930
158  -1.0000000000000000        0.0000000000000000      -0.26387095064935118
159 -0.50000000000000000        0.0000000000000000      -0.19196498454084548
160   0.0000000000000000        0.0000000000000000        4.5796699765787707E-016
161  0.50000000000000000        0.0000000000000000       0.19196498454084623
162   1.0000000000000000        0.0000000000000000       0.26387095064935123
163   1.5000000000000000        0.0000000000000000       0.21185991427237888
164   2.0000000000000000        0.0000000000000000       0.11775513392166982
165   2.5000000000000000        0.0000000000000000        4.7786870843847570E-002
166   3.0000000000000000        0.0000000000000000        1.4498893145553651E-002
167   3.5000000000000000        0.0000000000000000        3.3308388861085347E-003
168   4.0000000000000000        0.0000000000000000        5.8376299377280541E-004
169   4.5000000000000000        0.0000000000000000        7.8437385251723529E-005
170   5.0000000000000000        0.0000000000000000        7.9627509144106516E-006
