           0  -5.0000000000000000       -10.000000000000000     
           1  -4.5000000000000000       -10.000000000000000     
           2  -4.0000000000000000       -10.000000000000000     
           3  -3.5000000000000000       -10.000000000000000     
           4  -3.0000000000000000       -10.000000000000000     
           5  -2.5000000000000000       -10.000000000000000     
           6  -2.0000000000000000       -10.000000000000000     
           7  -1.5000000000000000       -10.000000000000000     
           8  -1.0000000000000000       -10.000000000000000     
           9 -0.50000000000000000       -10.000000000000000     
          10   0.0000000000000000       -10.000000000000000     
          11  0.50000000000000000       -10.000000000000000     
          12   1.0000000000000000       -10.000000000000000     
          13   1.5000000000000000       -10.000000000000000     
          14   2.0000000000000000       -10.000000000000000     
          15   2.5000000000000000       -10.000000000000000     
          16   3.0000000000000000       -10.000000000000000     
          17   3.5000000000000000       -10.000000000000000     
          18   4.0000000000000000       -10.000000000000000     
          19   4.5000000000000000       -10.000000000000000     
          20   5.0000000000000000       -10.000000000000000     
          21  -5.0000000000000000       -9.5000000000000000     
          22  -4.5000000000000000       -9.5000000000000000     
          23  -4.0000000000000000       -9.5000000000000000     
          24  -3.5000000000000000       -9.5000000000000000     
          25  -3.0000000000000000       -9.5000000000000000     
          26  -2.5000000000000000       -9.5000000000000000     
          27  -2.0000000000000000       -9.5000000000000000     
          28  -1.5000000000000000       -9.5000000000000000     
          29  -1.0000000000000000       -9.5000000000000000     
          30 -0.50000000000000000       -9.5000000000000000     
          31   0.0000000000000000       -9.5000000000000000     
          32  0.50000000000000000       -9.5000000000000000     
          33   1.0000000000000000       -9.5000000000000000     
          34   1.5000000000000000       -9.5000000000000000     
          35   2.0000000000000000       -9.5000000000000000     
          36   2.5000000000000000       -9.5000000000000000     
          37   3.0000000000000000       -9.5000000000000000     
          38   3.5000000000000000       -9.5000000000000000     
          39   4.0000000000000000       -9.5000000000000000     
          40   4.5000000000000000       -9.5000000000000000     
          41   5.0000000000000000       -9.5000000000000000     
          42  -5.0000000000000000       -9.0000000000000000     
          43  -4.5000000000000000       -9.0000000000000000     
          44  -4.0000000000000000       -9.0000000000000000     
          45  -3.5000000000000000       -9.0000000000000000     
          46  -3.0000000000000000       -9.0000000000000000     
          47  -2.5000000000000000       -9.0000000000000000     
          48  -2.0000000000000000       -9.0000000000000000     
          49  -1.5000000000000000       -9.0000000000000000     
          50  -1.0000000000000000       -9.0000000000000000     
          51 -0.50000000000000000       -9.0000000000000000     
          52   0.0000000000000000       -9.0000000000000000     
          53  0.50000000000000000       -9.0000000000000000     
          54   1.0000000000000000       -9.0000000000000000     
          55   1.5000000000000000       -9.0000000000000000     
          56   2.0000000000000000       -9.0000000000000000     
          57   2.5000000000000000       -9.0000000000000000     
          58   3.0000000000000000       -9.0000000000000000     
          59   3.5000000000000000       -9.0000000000000000     
          60   4.0000000000000000       -9.0000000000000000     
          61   4.5000000000000000       -9.0000000000000000     
          62   5.0000000000000000       -9.0000000000000000     
          63  -5.0000000000000000       -8.5000000000000000     
          64  -4.5000000000000000       -8.5000000000000000     
          65  -4.0000000000000000       -8.5000000000000000     
          66  -3.5000000000000000       -8.5000000000000000     
          67  -3.0000000000000000       -8.5000000000000000     
          68  -2.5000000000000000       -8.5000000000000000     
          69  -2.0000000000000000       -8.5000000000000000     
          70  -1.5000000000000000       -8.5000000000000000     
          71  -1.0000000000000000       -8.5000000000000000     
          72 -0.50000000000000000       -8.5000000000000000     
          73   0.0000000000000000       -8.5000000000000000     
          74  0.50000000000000000       -8.5000000000000000     
          75   1.0000000000000000       -8.5000000000000000     
          76   1.5000000000000000       -8.5000000000000000     
          77   2.0000000000000000       -8.5000000000000000     
          78   2.5000000000000000       -8.5000000000000000     
          79   3.0000000000000000       -8.5000000000000000     
          80   3.5000000000000000       -8.5000000000000000     
          81   4.0000000000000000       -8.5000000000000000     
          82   4.5000000000000000       -8.5000000000000000     
          83   5.0000000000000000       -8.5000000000000000     
          84  -5.0000000000000000       -8.0000000000000000     
          85  -4.5000000000000000       -8.0000000000000000     
          86  -4.0000000000000000       -8.0000000000000000     
          87  -3.5000000000000000       -8.0000000000000000     
          88  -3.0000000000000000       -8.0000000000000000     
          89  -2.5000000000000000       -8.0000000000000000     
          90  -2.0000000000000000       -8.0000000000000000     
          91  -1.5000000000000000       -8.0000000000000000     
          92  -1.0000000000000000       -8.0000000000000000     
          93 -0.50000000000000000       -8.0000000000000000     
          94   0.0000000000000000       -8.0000000000000000     
          95  0.50000000000000000       -8.0000000000000000     
          96   1.0000000000000000       -8.0000000000000000     
          97   1.5000000000000000       -8.0000000000000000     
          98   2.0000000000000000       -8.0000000000000000     
          99   2.5000000000000000       -8.0000000000000000     
         100   3.0000000000000000       -8.0000000000000000     
         101   3.5000000000000000       -8.0000000000000000     
         102   4.0000000000000000       -8.0000000000000000     
         103   4.5000000000000000       -8.0000000000000000     
         104   5.0000000000000000       -8.0000000000000000     
         105  -5.0000000000000000       -7.5000000000000000     
         106  -4.5000000000000000       -7.5000000000000000     
         107  -4.0000000000000000       -7.5000000000000000     
         108  -3.5000000000000000       -7.5000000000000000     
         109  -3.0000000000000000       -7.5000000000000000     
         110  -2.5000000000000000       -7.5000000000000000     
         111  -2.0000000000000000       -7.5000000000000000     
         112  -1.5000000000000000       -7.5000000000000000     
         113  -1.0000000000000000       -7.5000000000000000     
         114 -0.50000000000000000       -7.5000000000000000     
         115   0.0000000000000000       -7.5000000000000000     
         116  0.50000000000000000       -7.5000000000000000     
         117   1.0000000000000000       -7.5000000000000000     
         118   1.5000000000000000       -7.5000000000000000     
         119   2.0000000000000000       -7.5000000000000000     
         120   2.5000000000000000       -7.5000000000000000     
         121   3.0000000000000000       -7.5000000000000000     
         122   3.5000000000000000       -7.5000000000000000     
         123   4.0000000000000000       -7.5000000000000000     
         124   4.5000000000000000       -7.5000000000000000     
         125   5.0000000000000000       -7.5000000000000000     
         126  -5.0000000000000000       -7.0000000000000000     
         127  -4.5000000000000000       -7.0000000000000000     
         128  -4.0000000000000000       -7.0000000000000000     
         129  -3.5000000000000000       -7.0000000000000000     
         130  -3.0000000000000000       -7.0000000000000000     
         131  -2.5000000000000000       -7.0000000000000000     
         132  -2.0000000000000000       -7.0000000000000000     
         133  -1.5000000000000000       -7.0000000000000000     
         134  -1.0000000000000000       -7.0000000000000000     
         135 -0.50000000000000000       -7.0000000000000000     
         136   0.0000000000000000       -7.0000000000000000     
         137  0.50000000000000000       -7.0000000000000000     
         138   1.0000000000000000       -7.0000000000000000     
         139   1.5000000000000000       -7.0000000000000000     
         140   2.0000000000000000       -7.0000000000000000     
         141   2.5000000000000000       -7.0000000000000000     
         142   3.0000000000000000       -7.0000000000000000     
         143   3.5000000000000000       -7.0000000000000000     
         144   4.0000000000000000       -7.0000000000000000     
         145   4.5000000000000000       -7.0000000000000000     
         146   5.0000000000000000       -7.0000000000000000     
         147  -5.0000000000000000       -6.5000000000000000     
         148  -4.5000000000000000       -6.5000000000000000     
         149  -4.0000000000000000       -6.5000000000000000     
         150  -3.5000000000000000       -6.5000000000000000     
         151  -3.0000000000000000       -6.5000000000000000     
         152  -2.5000000000000000       -6.5000000000000000     
         153  -2.0000000000000000       -6.5000000000000000     
         154  -1.5000000000000000       -6.5000000000000000     
         155  -1.0000000000000000       -6.5000000000000000     
         156 -0.50000000000000000       -6.5000000000000000     
         157   0.0000000000000000       -6.5000000000000000     
         158  0.50000000000000000       -6.5000000000000000     
         159   1.0000000000000000       -6.5000000000000000     
         160   1.5000000000000000       -6.5000000000000000     
         161   2.0000000000000000       -6.5000000000000000     
         162   2.5000000000000000       -6.5000000000000000     
         163   3.0000000000000000       -6.5000000000000000     
         164   3.5000000000000000       -6.5000000000000000     
         165   4.0000000000000000       -6.5000000000000000     
         166   4.5000000000000000       -6.5000000000000000     
         167   5.0000000000000000       -6.5000000000000000     
         168  -5.0000000000000000       -6.0000000000000000     
         169  -4.5000000000000000       -6.0000000000000000     
         170  -4.0000000000000000       -6.0000000000000000     
         171  -3.5000000000000000       -6.0000000000000000     
         172  -3.0000000000000000       -6.0000000000000000     
         173  -2.5000000000000000       -6.0000000000000000     
         174  -2.0000000000000000       -6.0000000000000000     
         175  -1.5000000000000000       -6.0000000000000000     
         176  -1.0000000000000000       -6.0000000000000000     
         177 -0.50000000000000000       -6.0000000000000000     
         178   0.0000000000000000       -6.0000000000000000     
         179  0.50000000000000000       -6.0000000000000000     
         180   1.0000000000000000       -6.0000000000000000     
         181   1.5000000000000000       -6.0000000000000000     
         182   2.0000000000000000       -6.0000000000000000     
         183   2.5000000000000000       -6.0000000000000000     
         184   3.0000000000000000       -6.0000000000000000     
         185   3.5000000000000000       -6.0000000000000000     
         186   4.0000000000000000       -6.0000000000000000     
         187   4.5000000000000000       -6.0000000000000000     
         188   5.0000000000000000       -6.0000000000000000     
         189  -5.0000000000000000       -5.5000000000000000     
         190  -4.5000000000000000       -5.5000000000000000     
         191  -4.0000000000000000       -5.5000000000000000     
         192  -3.5000000000000000       -5.5000000000000000     
         193  -3.0000000000000000       -5.5000000000000000     
         194  -2.5000000000000000       -5.5000000000000000     
         195  -2.0000000000000000       -5.5000000000000000     
         196  -1.5000000000000000       -5.5000000000000000     
         197  -1.0000000000000000       -5.5000000000000000     
         198 -0.50000000000000000       -5.5000000000000000     
         199   0.0000000000000000       -5.5000000000000000     
         200  0.50000000000000000       -5.5000000000000000     
         201   1.0000000000000000       -5.5000000000000000     
         202   1.5000000000000000       -5.5000000000000000     
         203   2.0000000000000000       -5.5000000000000000     
         204   2.5000000000000000       -5.5000000000000000     
         205   3.0000000000000000       -5.5000000000000000     
         206   3.5000000000000000       -5.5000000000000000     
         207   4.0000000000000000       -5.5000000000000000     
         208   4.5000000000000000       -5.5000000000000000     
         209   5.0000000000000000       -5.5000000000000000     
         210  -5.0000000000000000       -5.0000000000000000     
         211  -4.5000000000000000       -5.0000000000000000     
         212  -4.0000000000000000       -5.0000000000000000     
         213  -3.5000000000000000       -5.0000000000000000     
         214  -3.0000000000000000       -5.0000000000000000     
         215  -2.5000000000000000       -5.0000000000000000     
         216  -2.0000000000000000       -5.0000000000000000     
         217  -1.5000000000000000       -5.0000000000000000     
         218  -1.0000000000000000       -5.0000000000000000     
         219 -0.50000000000000000       -5.0000000000000000     
         220   0.0000000000000000       -5.0000000000000000     
         221  0.50000000000000000       -5.0000000000000000     
         222   1.0000000000000000       -5.0000000000000000     
         223   1.5000000000000000       -5.0000000000000000     
         224   2.0000000000000000       -5.0000000000000000     
         225   2.5000000000000000       -5.0000000000000000     
         226   3.0000000000000000       -5.0000000000000000     
         227   3.5000000000000000       -5.0000000000000000     
         228   4.0000000000000000       -5.0000000000000000     
         229   4.5000000000000000       -5.0000000000000000     
         230   5.0000000000000000       -5.0000000000000000     
         231  -5.0000000000000000       -4.5000000000000000     
         232  -4.5000000000000000       -4.5000000000000000     
         233  -4.0000000000000000       -4.5000000000000000     
         234  -3.5000000000000000       -4.5000000000000000     
         235  -3.0000000000000000       -4.5000000000000000     
         236  -2.5000000000000000       -4.5000000000000000     
         237  -2.0000000000000000       -4.5000000000000000     
         238  -1.5000000000000000       -4.5000000000000000     
         239  -1.0000000000000000       -4.5000000000000000     
         240 -0.50000000000000000       -4.5000000000000000     
         241   0.0000000000000000       -4.5000000000000000     
         242  0.50000000000000000       -4.5000000000000000     
         243   1.0000000000000000       -4.5000000000000000     
         244   1.5000000000000000       -4.5000000000000000     
         245   2.0000000000000000       -4.5000000000000000     
         246   2.5000000000000000       -4.5000000000000000     
         247   3.0000000000000000       -4.5000000000000000     
         248   3.5000000000000000       -4.5000000000000000     
         249   4.0000000000000000       -4.5000000000000000     
         250   4.5000000000000000       -4.5000000000000000     
         251   5.0000000000000000       -4.5000000000000000     
         252  -5.0000000000000000       -4.0000000000000000     
         253  -4.5000000000000000       -4.0000000000000000     
         254  -4.0000000000000000       -4.0000000000000000     
         255  -3.5000000000000000       -4.0000000000000000     
         256  -3.0000000000000000       -4.0000000000000000     
         257  -2.5000000000000000       -4.0000000000000000     
         258  -2.0000000000000000       -4.0000000000000000     
         259  -1.5000000000000000       -4.0000000000000000     
         260  -1.0000000000000000       -4.0000000000000000     
         261 -0.50000000000000000       -4.0000000000000000     
         262   0.0000000000000000       -4.0000000000000000     
         263  0.50000000000000000       -4.0000000000000000     
         264   1.0000000000000000       -4.0000000000000000     
         265   1.5000000000000000       -4.0000000000000000     
         266   2.0000000000000000       -4.0000000000000000     
         267   2.5000000000000000       -4.0000000000000000     
         268   3.0000000000000000       -4.0000000000000000     
         269   3.5000000000000000       -4.0000000000000000     
         270   4.0000000000000000       -4.0000000000000000     
         271   4.5000000000000000       -4.0000000000000000     
         272   5.0000000000000000       -4.0000000000000000     
         273  -5.0000000000000000       -3.5000000000000000     
         274  -4.5000000000000000       -3.5000000000000000     
         275  -4.0000000000000000       -3.5000000000000000     
         276  -3.5000000000000000       -3.5000000000000000     
         277  -3.0000000000000000       -3.5000000000000000     
         278  -2.5000000000000000       -3.5000000000000000     
         279  -2.0000000000000000       -3.5000000000000000     
         280  -1.5000000000000000       -3.5000000000000000     
         281  -1.0000000000000000       -3.5000000000000000     
         282 -0.50000000000000000       -3.5000000000000000     
         283   0.0000000000000000       -3.5000000000000000     
         284  0.50000000000000000       -3.5000000000000000     
         285   1.0000000000000000       -3.5000000000000000     
         286   1.5000000000000000       -3.5000000000000000     
         287   2.0000000000000000       -3.5000000000000000     
         288   2.5000000000000000       -3.5000000000000000     
         289   3.0000000000000000       -3.5000000000000000     
         290   3.5000000000000000       -3.5000000000000000     
         291   4.0000000000000000       -3.5000000000000000     
         292   4.5000000000000000       -3.5000000000000000     
         293   5.0000000000000000       -3.5000000000000000     
         294  -5.0000000000000000       -3.0000000000000000     
         295  -4.5000000000000000       -3.0000000000000000     
         296  -4.0000000000000000       -3.0000000000000000     
         297  -3.5000000000000000       -3.0000000000000000     
         298  -3.0000000000000000       -3.0000000000000000     
         299  -2.5000000000000000       -3.0000000000000000     
         300  -2.0000000000000000       -3.0000000000000000     
         301  -1.5000000000000000       -3.0000000000000000     
         302  -1.0000000000000000       -3.0000000000000000     
         303 -0.50000000000000000       -3.0000000000000000     
         304   0.0000000000000000       -3.0000000000000000     
         305  0.50000000000000000       -3.0000000000000000     
         306   1.0000000000000000       -3.0000000000000000     
         307   1.5000000000000000       -3.0000000000000000     
         308   2.0000000000000000       -3.0000000000000000     
         309   2.5000000000000000       -3.0000000000000000     
         310   3.0000000000000000       -3.0000000000000000     
         311   3.5000000000000000       -3.0000000000000000     
         312   4.0000000000000000       -3.0000000000000000     
         313   4.5000000000000000       -3.0000000000000000     
         314   5.0000000000000000       -3.0000000000000000     
         315  -5.0000000000000000       -2.5000000000000000     
         316  -4.5000000000000000       -2.5000000000000000     
         317  -4.0000000000000000       -2.5000000000000000     
         318  -3.5000000000000000       -2.5000000000000000     
         319  -3.0000000000000000       -2.5000000000000000     
         320  -2.5000000000000000       -2.5000000000000000     
         321  -2.0000000000000000       -2.5000000000000000     
         322  -1.5000000000000000       -2.5000000000000000     
         323  -1.0000000000000000       -2.5000000000000000     
         324 -0.50000000000000000       -2.5000000000000000     
         325   0.0000000000000000       -2.5000000000000000     
         326  0.50000000000000000       -2.5000000000000000     
         327   1.0000000000000000       -2.5000000000000000     
         328   1.5000000000000000       -2.5000000000000000     
         329   2.0000000000000000       -2.5000000000000000     
         330   2.5000000000000000       -2.5000000000000000     
         331   3.0000000000000000       -2.5000000000000000     
         332   3.5000000000000000       -2.5000000000000000     
         333   4.0000000000000000       -2.5000000000000000     
         334   4.5000000000000000       -2.5000000000000000     
         335   5.0000000000000000       -2.5000000000000000     
         336  -5.0000000000000000       -2.0000000000000000     
         337  -4.5000000000000000       -2.0000000000000000     
         338  -4.0000000000000000       -2.0000000000000000     
         339  -3.5000000000000000       -2.0000000000000000     
         340  -3.0000000000000000       -2.0000000000000000     
         341  -2.5000000000000000       -2.0000000000000000     
         342  -2.0000000000000000       -2.0000000000000000     
         343  -1.5000000000000000       -2.0000000000000000     
         344  -1.0000000000000000       -2.0000000000000000     
         345 -0.50000000000000000       -2.0000000000000000     
         346   0.0000000000000000       -2.0000000000000000     
         347  0.50000000000000000       -2.0000000000000000     
         348   1.0000000000000000       -2.0000000000000000     
         349   1.5000000000000000       -2.0000000000000000     
         350   2.0000000000000000       -2.0000000000000000     
         351   2.5000000000000000       -2.0000000000000000     
         352   3.0000000000000000       -2.0000000000000000     
         353   3.5000000000000000       -2.0000000000000000     
         354   4.0000000000000000       -2.0000000000000000     
         355   4.5000000000000000       -2.0000000000000000     
         356   5.0000000000000000       -2.0000000000000000     
         357  -5.0000000000000000       -1.5000000000000000     
         358  -4.5000000000000000       -1.5000000000000000     
         359  -4.0000000000000000       -1.5000000000000000     
         360  -3.5000000000000000       -1.5000000000000000     
         361  -3.0000000000000000       -1.5000000000000000     
         362  -2.5000000000000000       -1.5000000000000000     
         363  -2.0000000000000000       -1.5000000000000000     
         364  -1.5000000000000000       -1.5000000000000000     
         365  -1.0000000000000000       -1.5000000000000000     
         366 -0.50000000000000000       -1.5000000000000000     
         367   0.0000000000000000       -1.5000000000000000     
         368  0.50000000000000000       -1.5000000000000000     
         369   1.0000000000000000       -1.5000000000000000     
         370   1.5000000000000000       -1.5000000000000000     
         371   2.0000000000000000       -1.5000000000000000     
         372   2.5000000000000000       -1.5000000000000000     
         373   3.0000000000000000       -1.5000000000000000     
         374   3.5000000000000000       -1.5000000000000000     
         375   4.0000000000000000       -1.5000000000000000     
         376   4.5000000000000000       -1.5000000000000000     
         377   5.0000000000000000       -1.5000000000000000     
         378  -5.0000000000000000       -1.0000000000000000     
         379  -4.5000000000000000       -1.0000000000000000     
         380  -4.0000000000000000       -1.0000000000000000     
         381  -3.5000000000000000       -1.0000000000000000     
         382  -3.0000000000000000       -1.0000000000000000     
         383  -2.5000000000000000       -1.0000000000000000     
         384  -2.0000000000000000       -1.0000000000000000     
         385  -1.5000000000000000       -1.0000000000000000     
         386  -1.0000000000000000       -1.0000000000000000     
         387 -0.50000000000000000       -1.0000000000000000     
         388   0.0000000000000000       -1.0000000000000000     
         389  0.50000000000000000       -1.0000000000000000     
         390   1.0000000000000000       -1.0000000000000000     
         391   1.5000000000000000       -1.0000000000000000     
         392   2.0000000000000000       -1.0000000000000000     
         393   2.5000000000000000       -1.0000000000000000     
         394   3.0000000000000000       -1.0000000000000000     
         395   3.5000000000000000       -1.0000000000000000     
         396   4.0000000000000000       -1.0000000000000000     
         397   4.5000000000000000       -1.0000000000000000     
         398   5.0000000000000000       -1.0000000000000000     
         399  -5.0000000000000000      -0.50000000000000000     
         400  -4.5000000000000000      -0.50000000000000000     
         401  -4.0000000000000000      -0.50000000000000000     
         402  -3.5000000000000000      -0.50000000000000000     
         403  -3.0000000000000000      -0.50000000000000000     
         404  -2.5000000000000000      -0.50000000000000000     
         405  -2.0000000000000000      -0.50000000000000000     
         406  -1.5000000000000000      -0.50000000000000000     
         407  -1.0000000000000000      -0.50000000000000000     
         408 -0.50000000000000000      -0.50000000000000000     
         409   0.0000000000000000      -0.50000000000000000     
         410  0.50000000000000000      -0.50000000000000000     
         411   1.0000000000000000      -0.50000000000000000     
         412   1.5000000000000000      -0.50000000000000000     
         413   2.0000000000000000      -0.50000000000000000     
         414   2.5000000000000000      -0.50000000000000000     
         415   3.0000000000000000      -0.50000000000000000     
         416   3.5000000000000000      -0.50000000000000000     
         417   4.0000000000000000      -0.50000000000000000     
         418   4.5000000000000000      -0.50000000000000000     
         419   5.0000000000000000      -0.50000000000000000     
         420  -5.0000000000000000        0.0000000000000000     
         421  -4.5000000000000000        0.0000000000000000     
         422  -4.0000000000000000        0.0000000000000000     
         423  -3.5000000000000000        0.0000000000000000     
         424  -3.0000000000000000        0.0000000000000000     
         425  -2.5000000000000000        0.0000000000000000     
         426  -2.0000000000000000        0.0000000000000000     
         427  -1.5000000000000000        0.0000000000000000     
         428  -1.0000000000000000        0.0000000000000000     
         429 -0.50000000000000000        0.0000000000000000     
         430   0.0000000000000000        0.0000000000000000     
         431  0.50000000000000000        0.0000000000000000     
         432   1.0000000000000000        0.0000000000000000     
         433   1.5000000000000000        0.0000000000000000     
         434   2.0000000000000000        0.0000000000000000     
         435   2.5000000000000000        0.0000000000000000     
         436   3.0000000000000000        0.0000000000000000     
         437   3.5000000000000000        0.0000000000000000     
         438   4.0000000000000000        0.0000000000000000     
         439   4.5000000000000000        0.0000000000000000     
         440   5.0000000000000000        0.0000000000000000     
         441  -5.0000000000000000       0.50000000000000000     
         442  -4.5000000000000000       0.50000000000000000     
         443  -4.0000000000000000       0.50000000000000000     
         444  -3.5000000000000000       0.50000000000000000     
         445  -3.0000000000000000       0.50000000000000000     
         446  -2.5000000000000000       0.50000000000000000     
         447  -2.0000000000000000       0.50000000000000000     
         448  -1.5000000000000000       0.50000000000000000     
         449  -1.0000000000000000       0.50000000000000000     
         450 -0.50000000000000000       0.50000000000000000     
         451   0.0000000000000000       0.50000000000000000     
         452  0.50000000000000000       0.50000000000000000     
         453   1.0000000000000000       0.50000000000000000     
         454   1.5000000000000000       0.50000000000000000     
         455   2.0000000000000000       0.50000000000000000     
         456   2.5000000000000000       0.50000000000000000     
         457   3.0000000000000000       0.50000000000000000     
         458   3.5000000000000000       0.50000000000000000     
         459   4.0000000000000000       0.50000000000000000     
         460   4.5000000000000000       0.50000000000000000     
         461   5.0000000000000000       0.50000000000000000     
         462  -5.0000000000000000        1.0000000000000000     
         463  -4.5000000000000000        1.0000000000000000     
         464  -4.0000000000000000        1.0000000000000000     
         465  -3.5000000000000000        1.0000000000000000     
         466  -3.0000000000000000        1.0000000000000000     
         467  -2.5000000000000000        1.0000000000000000     
         468  -2.0000000000000000        1.0000000000000000     
         469  -1.5000000000000000        1.0000000000000000     
         470  -1.0000000000000000        1.0000000000000000     
         471 -0.50000000000000000        1.0000000000000000     
         472   0.0000000000000000        1.0000000000000000     
         473  0.50000000000000000        1.0000000000000000     
         474   1.0000000000000000        1.0000000000000000     
         475   1.5000000000000000        1.0000000000000000     
         476   2.0000000000000000        1.0000000000000000     
         477   2.5000000000000000        1.0000000000000000     
         478   3.0000000000000000        1.0000000000000000     
         479   3.5000000000000000        1.0000000000000000     
         480   4.0000000000000000        1.0000000000000000     
         481   4.5000000000000000        1.0000000000000000     
         482   5.0000000000000000        1.0000000000000000     
         483  -5.0000000000000000        1.5000000000000000     
         484  -4.5000000000000000        1.5000000000000000     
         485  -4.0000000000000000        1.5000000000000000     
         486  -3.5000000000000000        1.5000000000000000     
         487  -3.0000000000000000        1.5000000000000000     
         488  -2.5000000000000000        1.5000000000000000     
         489  -2.0000000000000000        1.5000000000000000     
         490  -1.5000000000000000        1.5000000000000000     
         491  -1.0000000000000000        1.5000000000000000     
         492 -0.50000000000000000        1.5000000000000000     
         493   0.0000000000000000        1.5000000000000000     
         494  0.50000000000000000        1.5000000000000000     
         495   1.0000000000000000        1.5000000000000000     
         496   1.5000000000000000        1.5000000000000000     
         497   2.0000000000000000        1.5000000000000000     
         498   2.5000000000000000        1.5000000000000000     
         499   3.0000000000000000        1.5000000000000000     
         500   3.5000000000000000        1.5000000000000000     
         501   4.0000000000000000        1.5000000000000000     
         502   4.5000000000000000        1.5000000000000000     
         503   5.0000000000000000        1.5000000000000000     
         504  -5.0000000000000000        2.0000000000000000     
         505  -4.5000000000000000        2.0000000000000000     
         506  -4.0000000000000000        2.0000000000000000     
         507  -3.5000000000000000        2.0000000000000000     
         508  -3.0000000000000000        2.0000000000000000     
         509  -2.5000000000000000        2.0000000000000000     
         510  -2.0000000000000000        2.0000000000000000     
         511  -1.5000000000000000        2.0000000000000000     
         512  -1.0000000000000000        2.0000000000000000     
         513 -0.50000000000000000        2.0000000000000000     
         514   0.0000000000000000        2.0000000000000000     
         515  0.50000000000000000        2.0000000000000000     
         516   1.0000000000000000        2.0000000000000000     
         517   1.5000000000000000        2.0000000000000000     
         518   2.0000000000000000        2.0000000000000000     
         519   2.5000000000000000        2.0000000000000000     
         520   3.0000000000000000        2.0000000000000000     
         521   3.5000000000000000        2.0000000000000000     
         522   4.0000000000000000        2.0000000000000000     
         523   4.5000000000000000        2.0000000000000000     
         524   5.0000000000000000        2.0000000000000000     
         525  -5.0000000000000000        2.5000000000000000     
         526  -4.5000000000000000        2.5000000000000000     
         527  -4.0000000000000000        2.5000000000000000     
         528  -3.5000000000000000        2.5000000000000000     
         529  -3.0000000000000000        2.5000000000000000     
         530  -2.5000000000000000        2.5000000000000000     
         531  -2.0000000000000000        2.5000000000000000     
         532  -1.5000000000000000        2.5000000000000000     
         533  -1.0000000000000000        2.5000000000000000     
         534 -0.50000000000000000        2.5000000000000000     
         535   0.0000000000000000        2.5000000000000000     
         536  0.50000000000000000        2.5000000000000000     
         537   1.0000000000000000        2.5000000000000000     
         538   1.5000000000000000        2.5000000000000000     
         539   2.0000000000000000        2.5000000000000000     
         540   2.5000000000000000        2.5000000000000000     
         541   3.0000000000000000        2.5000000000000000     
         542   3.5000000000000000        2.5000000000000000     
         543   4.0000000000000000        2.5000000000000000     
         544   4.5000000000000000        2.5000000000000000     
         545   5.0000000000000000        2.5000000000000000     
         546  -5.0000000000000000        3.0000000000000000     
         547  -4.5000000000000000        3.0000000000000000     
         548  -4.0000000000000000        3.0000000000000000     
         549  -3.5000000000000000        3.0000000000000000     
         550  -3.0000000000000000        3.0000000000000000     
         551  -2.5000000000000000        3.0000000000000000     
         552  -2.0000000000000000        3.0000000000000000     
         553  -1.5000000000000000        3.0000000000000000     
         554  -1.0000000000000000        3.0000000000000000     
         555 -0.50000000000000000        3.0000000000000000     
         556   0.0000000000000000        3.0000000000000000     
         557  0.50000000000000000        3.0000000000000000     
         558   1.0000000000000000        3.0000000000000000     
         559   1.5000000000000000        3.0000000000000000     
         560   2.0000000000000000        3.0000000000000000     
         561   2.5000000000000000        3.0000000000000000     
         562   3.0000000000000000        3.0000000000000000     
         563   3.5000000000000000        3.0000000000000000     
         564   4.0000000000000000        3.0000000000000000     
         565   4.5000000000000000        3.0000000000000000     
         566   5.0000000000000000        3.0000000000000000     
         567  -5.0000000000000000        3.5000000000000000     
         568  -4.5000000000000000        3.5000000000000000     
         569  -4.0000000000000000        3.5000000000000000     
         570  -3.5000000000000000        3.5000000000000000     
         571  -3.0000000000000000        3.5000000000000000     
         572  -2.5000000000000000        3.5000000000000000     
         573  -2.0000000000000000        3.5000000000000000     
         574  -1.5000000000000000        3.5000000000000000     
         575  -1.0000000000000000        3.5000000000000000     
         576 -0.50000000000000000        3.5000000000000000     
         577   0.0000000000000000        3.5000000000000000     
         578  0.50000000000000000        3.5000000000000000     
         579   1.0000000000000000        3.5000000000000000     
         580   1.5000000000000000        3.5000000000000000     
         581   2.0000000000000000        3.5000000000000000     
         582   2.5000000000000000        3.5000000000000000     
         583   3.0000000000000000        3.5000000000000000     
         584   3.5000000000000000        3.5000000000000000     
         585   4.0000000000000000        3.5000000000000000     
         586   4.5000000000000000        3.5000000000000000     
         587   5.0000000000000000        3.5000000000000000     
         588  -5.0000000000000000        4.0000000000000000     
         589  -4.5000000000000000        4.0000000000000000     
         590  -4.0000000000000000        4.0000000000000000     
         591  -3.5000000000000000        4.0000000000000000     
         592  -3.0000000000000000        4.0000000000000000     
         593  -2.5000000000000000        4.0000000000000000     
         594  -2.0000000000000000        4.0000000000000000     
         595  -1.5000000000000000        4.0000000000000000     
         596  -1.0000000000000000        4.0000000000000000     
         597 -0.50000000000000000        4.0000000000000000     
         598   0.0000000000000000        4.0000000000000000     
         599  0.50000000000000000        4.0000000000000000     
         600   1.0000000000000000        4.0000000000000000     
         601   1.5000000000000000        4.0000000000000000     
         602   2.0000000000000000        4.0000000000000000     
         603   2.5000000000000000        4.0000000000000000     
         604   3.0000000000000000        4.0000000000000000     
         605   3.5000000000000000        4.0000000000000000     
         606   4.0000000000000000        4.0000000000000000     
         607   4.5000000000000000        4.0000000000000000     
         608   5.0000000000000000        4.0000000000000000     
         609  -5.0000000000000000        4.5000000000000000     
         610  -4.5000000000000000        4.5000000000000000     
         611  -4.0000000000000000        4.5000000000000000     
         612  -3.5000000000000000        4.5000000000000000     
         613  -3.0000000000000000        4.5000000000000000     
         614  -2.5000000000000000        4.5000000000000000     
         615  -2.0000000000000000        4.5000000000000000     
         616  -1.5000000000000000        4.5000000000000000     
         617  -1.0000000000000000        4.5000000000000000     
         618 -0.50000000000000000        4.5000000000000000     
         619   0.0000000000000000        4.5000000000000000     
         620  0.50000000000000000        4.5000000000000000     
         621   1.0000000000000000        4.5000000000000000     
         622   1.5000000000000000        4.5000000000000000     
         623   2.0000000000000000        4.5000000000000000     
         624   2.5000000000000000        4.5000000000000000     
         625   3.0000000000000000        4.5000000000000000     
         626   3.5000000000000000        4.5000000000000000     
         627   4.0000000000000000        4.5000000000000000     
         628   4.5000000000000000        4.5000000000000000     
         629   5.0000000000000000        4.5000000000000000     
         630  -5.0000000000000000        5.0000000000000000     
         631  -4.5000000000000000        5.0000000000000000     
         632  -4.0000000000000000        5.0000000000000000     
         633  -3.5000000000000000        5.0000000000000000     
         634  -3.0000000000000000        5.0000000000000000     
         635  -2.5000000000000000        5.0000000000000000     
         636  -2.0000000000000000        5.0000000000000000     
         637  -1.5000000000000000        5.0000000000000000     
         638  -1.0000000000000000        5.0000000000000000     
         639 -0.50000000000000000        5.0000000000000000     
         640   0.0000000000000000        5.0000000000000000     
         641  0.50000000000000000        5.0000000000000000     
         642   1.0000000000000000        5.0000000000000000     
         643   1.5000000000000000        5.0000000000000000     
         644   2.0000000000000000        5.0000000000000000     
         645   2.5000000000000000        5.0000000000000000     
         646   3.0000000000000000        5.0000000000000000     
         647   3.5000000000000000        5.0000000000000000     
         648   4.0000000000000000        5.0000000000000000     
         649   4.5000000000000000        5.0000000000000000     
         650   5.0000000000000000        5.0000000000000000     
         651  -5.0000000000000000        5.5000000000000000     
         652  -4.5000000000000000        5.5000000000000000     
         653  -4.0000000000000000        5.5000000000000000     
         654  -3.5000000000000000        5.5000000000000000     
         655  -3.0000000000000000        5.5000000000000000     
         656  -2.5000000000000000        5.5000000000000000     
         657  -2.0000000000000000        5.5000000000000000     
         658  -1.5000000000000000        5.5000000000000000     
         659  -1.0000000000000000        5.5000000000000000     
         660 -0.50000000000000000        5.5000000000000000     
         661   0.0000000000000000        5.5000000000000000     
         662  0.50000000000000000        5.5000000000000000     
         663   1.0000000000000000        5.5000000000000000     
         664   1.5000000000000000        5.5000000000000000     
         665   2.0000000000000000        5.5000000000000000     
         666   2.5000000000000000        5.5000000000000000     
         667   3.0000000000000000        5.5000000000000000     
         668   3.5000000000000000        5.5000000000000000     
         669   4.0000000000000000        5.5000000000000000     
         670   4.5000000000000000        5.5000000000000000     
         671   5.0000000000000000        5.5000000000000000     
         672  -5.0000000000000000        6.0000000000000000     
         673  -4.5000000000000000        6.0000000000000000     
         674  -4.0000000000000000        6.0000000000000000     
         675  -3.5000000000000000        6.0000000000000000     
         676  -3.0000000000000000        6.0000000000000000     
         677  -2.5000000000000000        6.0000000000000000     
         678  -2.0000000000000000        6.0000000000000000     
         679  -1.5000000000000000        6.0000000000000000     
         680  -1.0000000000000000        6.0000000000000000     
         681 -0.50000000000000000        6.0000000000000000     
         682   0.0000000000000000        6.0000000000000000     
         683  0.50000000000000000        6.0000000000000000     
         684   1.0000000000000000        6.0000000000000000     
         685   1.5000000000000000        6.0000000000000000     
         686   2.0000000000000000        6.0000000000000000     
         687   2.5000000000000000        6.0000000000000000     
         688   3.0000000000000000        6.0000000000000000     
         689   3.5000000000000000        6.0000000000000000     
         690   4.0000000000000000        6.0000000000000000     
         691   4.5000000000000000        6.0000000000000000     
         692   5.0000000000000000        6.0000000000000000     
         693  -5.0000000000000000        6.5000000000000000     
         694  -4.5000000000000000        6.5000000000000000     
         695  -4.0000000000000000        6.5000000000000000     
         696  -3.5000000000000000        6.5000000000000000     
         697  -3.0000000000000000        6.5000000000000000     
         698  -2.5000000000000000        6.5000000000000000     
         699  -2.0000000000000000        6.5000000000000000     
         700  -1.5000000000000000        6.5000000000000000     
         701  -1.0000000000000000        6.5000000000000000     
         702 -0.50000000000000000        6.5000000000000000     
         703   0.0000000000000000        6.5000000000000000     
         704  0.50000000000000000        6.5000000000000000     
         705   1.0000000000000000        6.5000000000000000     
         706   1.5000000000000000        6.5000000000000000     
         707   2.0000000000000000        6.5000000000000000     
         708   2.5000000000000000        6.5000000000000000     
         709   3.0000000000000000        6.5000000000000000     
         710   3.5000000000000000        6.5000000000000000     
         711   4.0000000000000000        6.5000000000000000     
         712   4.5000000000000000        6.5000000000000000     
         713   5.0000000000000000        6.5000000000000000     
         714  -5.0000000000000000        7.0000000000000000     
         715  -4.5000000000000000        7.0000000000000000     
         716  -4.0000000000000000        7.0000000000000000     
         717  -3.5000000000000000        7.0000000000000000     
         718  -3.0000000000000000        7.0000000000000000     
         719  -2.5000000000000000        7.0000000000000000     
         720  -2.0000000000000000        7.0000000000000000     
         721  -1.5000000000000000        7.0000000000000000     
         722  -1.0000000000000000        7.0000000000000000     
         723 -0.50000000000000000        7.0000000000000000     
         724   0.0000000000000000        7.0000000000000000     
         725  0.50000000000000000        7.0000000000000000     
         726   1.0000000000000000        7.0000000000000000     
         727   1.5000000000000000        7.0000000000000000     
         728   2.0000000000000000        7.0000000000000000     
         729   2.5000000000000000        7.0000000000000000     
         730   3.0000000000000000        7.0000000000000000     
         731   3.5000000000000000        7.0000000000000000     
         732   4.0000000000000000        7.0000000000000000     
         733   4.5000000000000000        7.0000000000000000     
         734   5.0000000000000000        7.0000000000000000     
         735  -5.0000000000000000        7.5000000000000000     
         736  -4.5000000000000000        7.5000000000000000     
         737  -4.0000000000000000        7.5000000000000000     
         738  -3.5000000000000000        7.5000000000000000     
         739  -3.0000000000000000        7.5000000000000000     
         740  -2.5000000000000000        7.5000000000000000     
         741  -2.0000000000000000        7.5000000000000000     
         742  -1.5000000000000000        7.5000000000000000     
         743  -1.0000000000000000        7.5000000000000000     
         744 -0.50000000000000000        7.5000000000000000     
         745   0.0000000000000000        7.5000000000000000     
         746  0.50000000000000000        7.5000000000000000     
         747   1.0000000000000000        7.5000000000000000     
         748   1.5000000000000000        7.5000000000000000     
         749   2.0000000000000000        7.5000000000000000     
         750   2.5000000000000000        7.5000000000000000     
         751   3.0000000000000000        7.5000000000000000     
         752   3.5000000000000000        7.5000000000000000     
         753   4.0000000000000000        7.5000000000000000     
         754   4.5000000000000000        7.5000000000000000     
         755   5.0000000000000000        7.5000000000000000     
         756  -5.0000000000000000        8.0000000000000000     
         757  -4.5000000000000000        8.0000000000000000     
         758  -4.0000000000000000        8.0000000000000000     
         759  -3.5000000000000000        8.0000000000000000     
         760  -3.0000000000000000        8.0000000000000000     
         761  -2.5000000000000000        8.0000000000000000     
         762  -2.0000000000000000        8.0000000000000000     
         763  -1.5000000000000000        8.0000000000000000     
         764  -1.0000000000000000        8.0000000000000000     
         765 -0.50000000000000000        8.0000000000000000     
         766   0.0000000000000000        8.0000000000000000     
         767  0.50000000000000000        8.0000000000000000     
         768   1.0000000000000000        8.0000000000000000     
         769   1.5000000000000000        8.0000000000000000     
         770   2.0000000000000000        8.0000000000000000     
         771   2.5000000000000000        8.0000000000000000     
         772   3.0000000000000000        8.0000000000000000     
         773   3.5000000000000000        8.0000000000000000     
         774   4.0000000000000000        8.0000000000000000     
         775   4.5000000000000000        8.0000000000000000     
         776   5.0000000000000000        8.0000000000000000     
         777  -5.0000000000000000        8.5000000000000000     
         778  -4.5000000000000000        8.5000000000000000     
         779  -4.0000000000000000        8.5000000000000000     
         780  -3.5000000000000000        8.5000000000000000     
         781  -3.0000000000000000        8.5000000000000000     
         782  -2.5000000000000000        8.5000000000000000     
         783  -2.0000000000000000        8.5000000000000000     
         784  -1.5000000000000000        8.5000000000000000     
         785  -1.0000000000000000        8.5000000000000000     
         786 -0.50000000000000000        8.5000000000000000     
         787   0.0000000000000000        8.5000000000000000     
         788  0.50000000000000000        8.5000000000000000     
         789   1.0000000000000000        8.5000000000000000     
         790   1.5000000000000000        8.5000000000000000     
         791   2.0000000000000000        8.5000000000000000     
         792   2.5000000000000000        8.5000000000000000     
         793   3.0000000000000000        8.5000000000000000     
         794   3.5000000000000000        8.5000000000000000     
         795   4.0000000000000000        8.5000000000000000     
         796   4.5000000000000000        8.5000000000000000     
         797   5.0000000000000000        8.5000000000000000     
         798  -5.0000000000000000        9.0000000000000000     
         799  -4.5000000000000000        9.0000000000000000     
         800  -4.0000000000000000        9.0000000000000000     
         801  -3.5000000000000000        9.0000000000000000     
         802  -3.0000000000000000        9.0000000000000000     
         803  -2.5000000000000000        9.0000000000000000     
         804  -2.0000000000000000        9.0000000000000000     
         805  -1.5000000000000000        9.0000000000000000     
         806  -1.0000000000000000        9.0000000000000000     
         807 -0.50000000000000000        9.0000000000000000     
         808   0.0000000000000000        9.0000000000000000     
         809  0.50000000000000000        9.0000000000000000     
         810   1.0000000000000000        9.0000000000000000     
         811   1.5000000000000000        9.0000000000000000     
         812   2.0000000000000000        9.0000000000000000     
         813   2.5000000000000000        9.0000000000000000     
         814   3.0000000000000000        9.0000000000000000     
         815   3.5000000000000000        9.0000000000000000     
         816   4.0000000000000000        9.0000000000000000     
         817   4.5000000000000000        9.0000000000000000     
         818   5.0000000000000000        9.0000000000000000     
         819  -5.0000000000000000        9.5000000000000000     
         820  -4.5000000000000000        9.5000000000000000     
         821  -4.0000000000000000        9.5000000000000000     
         822  -3.5000000000000000        9.5000000000000000     
         823  -3.0000000000000000        9.5000000000000000     
         824  -2.5000000000000000        9.5000000000000000     
         825  -2.0000000000000000        9.5000000000000000     
         826  -1.5000000000000000        9.5000000000000000     
         827  -1.0000000000000000        9.5000000000000000     
         828 -0.50000000000000000        9.5000000000000000     
         829   0.0000000000000000        9.5000000000000000     
         830  0.50000000000000000        9.5000000000000000     
         831   1.0000000000000000        9.5000000000000000     
         832   1.5000000000000000        9.5000000000000000     
         833   2.0000000000000000        9.5000000000000000     
         834   2.5000000000000000        9.5000000000000000     
         835   3.0000000000000000        9.5000000000000000     
         836   3.5000000000000000        9.5000000000000000     
         837   4.0000000000000000        9.5000000000000000     
         838   4.5000000000000000        9.5000000000000000     
         839   5.0000000000000000        9.5000000000000000     
         840  -5.0000000000000000        10.000000000000000     
         841  -4.5000000000000000        10.000000000000000     
         842  -4.0000000000000000        10.000000000000000     
         843  -3.5000000000000000        10.000000000000000     
         844  -3.0000000000000000        10.000000000000000     
         845  -2.5000000000000000        10.000000000000000     
         846  -2.0000000000000000        10.000000000000000     
         847  -1.5000000000000000        10.000000000000000     
         848  -1.0000000000000000        10.000000000000000     
         849 -0.50000000000000000        10.000000000000000     
         850   0.0000000000000000        10.000000000000000     
         851  0.50000000000000000        10.000000000000000     
         852   1.0000000000000000        10.000000000000000     
         853   1.5000000000000000        10.000000000000000     
         854   2.0000000000000000        10.000000000000000     
         855   2.5000000000000000        10.000000000000000     
         856   3.0000000000000000        10.000000000000000     
         857   3.5000000000000000        10.000000000000000     
         858   4.0000000000000000        10.000000000000000     
         859   4.5000000000000000        10.000000000000000     
         860   5.0000000000000000        10.000000000000000     
