           0  -2.5000000000000000       -4.0000000000000000     
           1  -2.0000000000000000       -4.0000000000000000     
           2  -1.5000000000000000       -4.0000000000000000     
           3  -1.0000000000000000       -4.0000000000000000     
           4 -0.50000000000000000       -4.0000000000000000     
           5   0.0000000000000000       -4.0000000000000000     
           6  0.50000000000000000       -4.0000000000000000     
           7   1.0000000000000000       -4.0000000000000000     
           8   1.5000000000000000       -4.0000000000000000     
           9   2.0000000000000000       -4.0000000000000000     
          10   2.5000000000000000       -4.0000000000000000     
          11  -3.5000000000000000       -3.5000000000000000     
          12  -3.0000000000000000       -3.5000000000000000     
          13  -2.5000000000000000       -3.5000000000000000     
          14  -2.0000000000000000       -3.5000000000000000     
          15  -1.5000000000000000       -3.5000000000000000     
          16  -1.0000000000000000       -3.5000000000000000     
          17 -0.50000000000000000       -3.5000000000000000     
          18   0.0000000000000000       -3.5000000000000000     
          19  0.50000000000000000       -3.5000000000000000     
          20   1.0000000000000000       -3.5000000000000000     
          21   1.5000000000000000       -3.5000000000000000     
          22   2.0000000000000000       -3.5000000000000000     
          23   2.5000000000000000       -3.5000000000000000     
          24   3.0000000000000000       -3.5000000000000000     
          25   3.5000000000000000       -3.5000000000000000     
          26  -4.5000000000000000       -3.0000000000000000     
          27  -4.0000000000000000       -3.0000000000000000     
          28  -3.5000000000000000       -3.0000000000000000     
          29  -3.0000000000000000       -3.0000000000000000     
          30  -2.5000000000000000       -3.0000000000000000     
          31  -2.0000000000000000       -3.0000000000000000     
          32  -1.5000000000000000       -3.0000000000000000     
          33  -1.0000000000000000       -3.0000000000000000     
          34 -0.50000000000000000       -3.0000000000000000     
          35   0.0000000000000000       -3.0000000000000000     
          36  0.50000000000000000       -3.0000000000000000     
          37   1.0000000000000000       -3.0000000000000000     
          38   1.5000000000000000       -3.0000000000000000     
          39   2.0000000000000000       -3.0000000000000000     
          40   2.5000000000000000       -3.0000000000000000     
          41   3.0000000000000000       -3.0000000000000000     
          42   3.5000000000000000       -3.0000000000000000     
          43   4.0000000000000000       -3.0000000000000000     
          44   4.5000000000000000       -3.0000000000000000     
          45  -5.0000000000000000       -2.5000000000000000     
          46  -4.5000000000000000       -2.5000000000000000     
          47  -4.0000000000000000       -2.5000000000000000     
          48  -3.5000000000000000       -2.5000000000000000     
          49  -3.0000000000000000       -2.5000000000000000     
          50  -2.5000000000000000       -2.5000000000000000     
          51  -2.0000000000000000       -2.5000000000000000     
          52  -1.5000000000000000       -2.5000000000000000     
          53  -1.0000000000000000       -2.5000000000000000     
          54 -0.50000000000000000       -2.5000000000000000     
          55   0.0000000000000000       -2.5000000000000000     
          56  0.50000000000000000       -2.5000000000000000     
          57   1.0000000000000000       -2.5000000000000000     
          58   1.5000000000000000       -2.5000000000000000     
          59   2.0000000000000000       -2.5000000000000000     
          60   2.5000000000000000       -2.5000000000000000     
          61   3.0000000000000000       -2.5000000000000000     
          62   3.5000000000000000       -2.5000000000000000     
          63   4.0000000000000000       -2.5000000000000000     
          64   4.5000000000000000       -2.5000000000000000     
          65   5.0000000000000000       -2.5000000000000000     
          66  -5.0000000000000000       -2.0000000000000000     
          67  -4.5000000000000000       -2.0000000000000000     
          68  -4.0000000000000000       -2.0000000000000000     
          69  -3.5000000000000000       -2.0000000000000000     
          70  -3.0000000000000000       -2.0000000000000000     
          71  -2.5000000000000000       -2.0000000000000000     
          72  -2.0000000000000000       -2.0000000000000000     
          73  -1.5000000000000000       -2.0000000000000000     
          74  -1.0000000000000000       -2.0000000000000000     
          75 -0.50000000000000000       -2.0000000000000000     
          76   0.0000000000000000       -2.0000000000000000     
          77  0.50000000000000000       -2.0000000000000000     
          78   1.0000000000000000       -2.0000000000000000     
          79   1.5000000000000000       -2.0000000000000000     
          80   2.0000000000000000       -2.0000000000000000     
          81   2.5000000000000000       -2.0000000000000000     
          82   3.0000000000000000       -2.0000000000000000     
          83   3.5000000000000000       -2.0000000000000000     
          84   4.0000000000000000       -2.0000000000000000     
          85   4.5000000000000000       -2.0000000000000000     
          86   5.0000000000000000       -2.0000000000000000     
          87  -5.0000000000000000       -1.5000000000000000     
          88  -4.5000000000000000       -1.5000000000000000     
          89  -4.0000000000000000       -1.5000000000000000     
          90  -3.5000000000000000       -1.5000000000000000     
          91  -3.0000000000000000       -1.5000000000000000     
          92  -2.5000000000000000       -1.5000000000000000     
          93  -2.0000000000000000       -1.5000000000000000     
          94  -1.5000000000000000       -1.5000000000000000     
          95  -1.0000000000000000       -1.5000000000000000     
          96 -0.50000000000000000       -1.5000000000000000     
          97   0.0000000000000000       -1.5000000000000000     
          98  0.50000000000000000       -1.5000000000000000     
          99   1.0000000000000000       -1.5000000000000000     
         100   1.5000000000000000       -1.5000000000000000     
         101   2.0000000000000000       -1.5000000000000000     
         102   2.5000000000000000       -1.5000000000000000     
         103   3.0000000000000000       -1.5000000000000000     
         104   3.5000000000000000       -1.5000000000000000     
         105   4.0000000000000000       -1.5000000000000000     
         106   4.5000000000000000       -1.5000000000000000     
         107   5.0000000000000000       -1.5000000000000000     
         108  -5.0000000000000000       -1.0000000000000000     
         109  -4.5000000000000000       -1.0000000000000000     
         110  -4.0000000000000000       -1.0000000000000000     
         111  -3.5000000000000000       -1.0000000000000000     
         112  -3.0000000000000000       -1.0000000000000000     
         113  -2.5000000000000000       -1.0000000000000000     
         114  -2.0000000000000000       -1.0000000000000000     
         115  -1.5000000000000000       -1.0000000000000000     
         116  -1.0000000000000000       -1.0000000000000000     
         117 -0.50000000000000000       -1.0000000000000000     
         118   0.0000000000000000       -1.0000000000000000     
         119  0.50000000000000000       -1.0000000000000000     
         120   1.0000000000000000       -1.0000000000000000     
         121   1.5000000000000000       -1.0000000000000000     
         122   2.0000000000000000       -1.0000000000000000     
         123   2.5000000000000000       -1.0000000000000000     
         124   3.0000000000000000       -1.0000000000000000     
         125   3.5000000000000000       -1.0000000000000000     
         126   4.0000000000000000       -1.0000000000000000     
         127   4.5000000000000000       -1.0000000000000000     
         128   5.0000000000000000       -1.0000000000000000     
         129  -5.0000000000000000      -0.50000000000000000     
         130  -4.5000000000000000      -0.50000000000000000     
         131  -4.0000000000000000      -0.50000000000000000     
         132  -3.5000000000000000      -0.50000000000000000     
         133  -3.0000000000000000      -0.50000000000000000     
         134  -2.5000000000000000      -0.50000000000000000     
         135  -2.0000000000000000      -0.50000000000000000     
         136  -1.5000000000000000      -0.50000000000000000     
         137  -1.0000000000000000      -0.50000000000000000     
         138 -0.50000000000000000      -0.50000000000000000     
         139   0.0000000000000000      -0.50000000000000000     
         140  0.50000000000000000      -0.50000000000000000     
         141   1.0000000000000000      -0.50000000000000000     
         142   1.5000000000000000      -0.50000000000000000     
         143   2.0000000000000000      -0.50000000000000000     
         144   2.5000000000000000      -0.50000000000000000     
         145   3.0000000000000000      -0.50000000000000000     
         146   3.5000000000000000      -0.50000000000000000     
         147   4.0000000000000000      -0.50000000000000000     
         148   4.5000000000000000      -0.50000000000000000     
         149   5.0000000000000000      -0.50000000000000000     
         150  -5.0000000000000000        0.0000000000000000     
         151  -4.5000000000000000        0.0000000000000000     
         152  -4.0000000000000000        0.0000000000000000     
         153  -3.5000000000000000        0.0000000000000000     
         154  -3.0000000000000000        0.0000000000000000     
         155  -2.5000000000000000        0.0000000000000000     
         156  -2.0000000000000000        0.0000000000000000     
         157  -1.5000000000000000        0.0000000000000000     
         158  -1.0000000000000000        0.0000000000000000     
         159 -0.50000000000000000        0.0000000000000000     
         160   0.0000000000000000        0.0000000000000000     
         161  0.50000000000000000        0.0000000000000000     
         162   1.0000000000000000        0.0000000000000000     
         163   1.5000000000000000        0.0000000000000000     
         164   2.0000000000000000        0.0000000000000000     
         165   2.5000000000000000        0.0000000000000000     
         166   3.0000000000000000        0.0000000000000000     
         167   3.5000000000000000        0.0000000000000000     
         168   4.0000000000000000        0.0000000000000000     
         169   4.5000000000000000        0.0000000000000000     
         170   5.0000000000000000        0.0000000000000000     
         171  -5.0000000000000000       0.50000000000000000     
         172  -4.5000000000000000       0.50000000000000000     
         173  -4.0000000000000000       0.50000000000000000     
         174  -3.5000000000000000       0.50000000000000000     
         175  -3.0000000000000000       0.50000000000000000     
         176  -2.5000000000000000       0.50000000000000000     
         177  -2.0000000000000000       0.50000000000000000     
         178  -1.5000000000000000       0.50000000000000000     
         179  -1.0000000000000000       0.50000000000000000     
         180 -0.50000000000000000       0.50000000000000000     
         181   0.0000000000000000       0.50000000000000000     
         182  0.50000000000000000       0.50000000000000000     
         183   1.0000000000000000       0.50000000000000000     
         184   1.5000000000000000       0.50000000000000000     
         185   2.0000000000000000       0.50000000000000000     
         186   2.5000000000000000       0.50000000000000000     
         187   3.0000000000000000       0.50000000000000000     
         188   3.5000000000000000       0.50000000000000000     
         189   4.0000000000000000       0.50000000000000000     
         190   4.5000000000000000       0.50000000000000000     
         191   5.0000000000000000       0.50000000000000000     
         192  -5.0000000000000000        1.0000000000000000     
         193  -4.5000000000000000        1.0000000000000000     
         194  -4.0000000000000000        1.0000000000000000     
         195  -3.5000000000000000        1.0000000000000000     
         196  -3.0000000000000000        1.0000000000000000     
         197  -2.5000000000000000        1.0000000000000000     
         198  -2.0000000000000000        1.0000000000000000     
         199  -1.5000000000000000        1.0000000000000000     
         200  -1.0000000000000000        1.0000000000000000     
         201 -0.50000000000000000        1.0000000000000000     
         202   0.0000000000000000        1.0000000000000000     
         203  0.50000000000000000        1.0000000000000000     
         204   1.0000000000000000        1.0000000000000000     
         205   1.5000000000000000        1.0000000000000000     
         206   2.0000000000000000        1.0000000000000000     
         207   2.5000000000000000        1.0000000000000000     
         208   3.0000000000000000        1.0000000000000000     
         209   3.5000000000000000        1.0000000000000000     
         210   4.0000000000000000        1.0000000000000000     
         211   4.5000000000000000        1.0000000000000000     
         212   5.0000000000000000        1.0000000000000000     
         213  -5.0000000000000000        1.5000000000000000     
         214  -4.5000000000000000        1.5000000000000000     
         215  -4.0000000000000000        1.5000000000000000     
         216  -3.5000000000000000        1.5000000000000000     
         217  -3.0000000000000000        1.5000000000000000     
         218  -2.5000000000000000        1.5000000000000000     
         219  -2.0000000000000000        1.5000000000000000     
         220  -1.5000000000000000        1.5000000000000000     
         221  -1.0000000000000000        1.5000000000000000     
         222 -0.50000000000000000        1.5000000000000000     
         223   0.0000000000000000        1.5000000000000000     
         224  0.50000000000000000        1.5000000000000000     
         225   1.0000000000000000        1.5000000000000000     
         226   1.5000000000000000        1.5000000000000000     
         227   2.0000000000000000        1.5000000000000000     
         228   2.5000000000000000        1.5000000000000000     
         229   3.0000000000000000        1.5000000000000000     
         230   3.5000000000000000        1.5000000000000000     
         231   4.0000000000000000        1.5000000000000000     
         232   4.5000000000000000        1.5000000000000000     
         233   5.0000000000000000        1.5000000000000000     
         234  -5.0000000000000000        2.0000000000000000     
         235  -4.5000000000000000        2.0000000000000000     
         236  -4.0000000000000000        2.0000000000000000     
         237  -3.5000000000000000        2.0000000000000000     
         238  -3.0000000000000000        2.0000000000000000     
         239  -2.5000000000000000        2.0000000000000000     
         240  -2.0000000000000000        2.0000000000000000     
         241  -1.5000000000000000        2.0000000000000000     
         242  -1.0000000000000000        2.0000000000000000     
         243 -0.50000000000000000        2.0000000000000000     
         244   0.0000000000000000        2.0000000000000000     
         245  0.50000000000000000        2.0000000000000000     
         246   1.0000000000000000        2.0000000000000000     
         247   1.5000000000000000        2.0000000000000000     
         248   2.0000000000000000        2.0000000000000000     
         249   2.5000000000000000        2.0000000000000000     
         250   3.0000000000000000        2.0000000000000000     
         251   3.5000000000000000        2.0000000000000000     
         252   4.0000000000000000        2.0000000000000000     
         253   4.5000000000000000        2.0000000000000000     
         254   5.0000000000000000        2.0000000000000000     
         255  -5.0000000000000000        2.5000000000000000     
         256  -4.5000000000000000        2.5000000000000000     
         257  -4.0000000000000000        2.5000000000000000     
         258  -3.5000000000000000        2.5000000000000000     
         259  -3.0000000000000000        2.5000000000000000     
         260  -2.5000000000000000        2.5000000000000000     
         261  -2.0000000000000000        2.5000000000000000     
         262  -1.5000000000000000        2.5000000000000000     
         263  -1.0000000000000000        2.5000000000000000     
         264 -0.50000000000000000        2.5000000000000000     
         265   0.0000000000000000        2.5000000000000000     
         266  0.50000000000000000        2.5000000000000000     
         267   1.0000000000000000        2.5000000000000000     
         268   1.5000000000000000        2.5000000000000000     
         269   2.0000000000000000        2.5000000000000000     
         270   2.5000000000000000        2.5000000000000000     
         271   3.0000000000000000        2.5000000000000000     
         272   3.5000000000000000        2.5000000000000000     
         273   4.0000000000000000        2.5000000000000000     
         274   4.5000000000000000        2.5000000000000000     
         275   5.0000000000000000        2.5000000000000000     
         276  -4.5000000000000000        3.0000000000000000     
         277  -4.0000000000000000        3.0000000000000000     
         278  -3.5000000000000000        3.0000000000000000     
         279  -3.0000000000000000        3.0000000000000000     
         280  -2.5000000000000000        3.0000000000000000     
         281  -2.0000000000000000        3.0000000000000000     
         282  -1.5000000000000000        3.0000000000000000     
         283  -1.0000000000000000        3.0000000000000000     
         284 -0.50000000000000000        3.0000000000000000     
         285   0.0000000000000000        3.0000000000000000     
         286  0.50000000000000000        3.0000000000000000     
         287   1.0000000000000000        3.0000000000000000     
         288   1.5000000000000000        3.0000000000000000     
         289   2.0000000000000000        3.0000000000000000     
         290   2.5000000000000000        3.0000000000000000     
         291   3.0000000000000000        3.0000000000000000     
         292   3.5000000000000000        3.0000000000000000     
         293   4.0000000000000000        3.0000000000000000     
         294   4.5000000000000000        3.0000000000000000     
         295  -3.5000000000000000        3.5000000000000000     
         296  -3.0000000000000000        3.5000000000000000     
         297  -2.5000000000000000        3.5000000000000000     
         298  -2.0000000000000000        3.5000000000000000     
         299  -1.5000000000000000        3.5000000000000000     
         300  -1.0000000000000000        3.5000000000000000     
         301 -0.50000000000000000        3.5000000000000000     
         302   0.0000000000000000        3.5000000000000000     
         303  0.50000000000000000        3.5000000000000000     
         304   1.0000000000000000        3.5000000000000000     
         305   1.5000000000000000        3.5000000000000000     
         306   2.0000000000000000        3.5000000000000000     
         307   2.5000000000000000        3.5000000000000000     
         308   3.0000000000000000        3.5000000000000000     
         309   3.5000000000000000        3.5000000000000000     
         310  -2.5000000000000000        4.0000000000000000     
         311  -2.0000000000000000        4.0000000000000000     
         312  -1.5000000000000000        4.0000000000000000     
         313  -1.0000000000000000        4.0000000000000000     
         314 -0.50000000000000000        4.0000000000000000     
         315   0.0000000000000000        4.0000000000000000     
         316  0.50000000000000000        4.0000000000000000     
         317   1.0000000000000000        4.0000000000000000     
         318   1.5000000000000000        4.0000000000000000     
         319   2.0000000000000000        4.0000000000000000     
         320   2.5000000000000000        4.0000000000000000     
