           0   19.125000000000000     
           1   18.000000000000000     
           2   17.125000000000000     
           3   16.500000000000000     
           4   16.125000000000000     
           5   16.000000000000000     
           6   16.125000000000000     
           7   16.500000000000000     
           8   17.125000000000000     
           9   18.000000000000000     
          10   19.125000000000000     
          11   18.375000000000000     
          12   16.750000000000000     
          13   15.375000000000000     
          14   14.250000000000000     
          15   13.375000000000000     
          16   12.750000000000000     
          17   12.375000000000000     
          18   12.250000000000000     
          19   12.375000000000000     
          20   12.750000000000000     
          21   13.375000000000000     
          22   14.250000000000000     
          23   15.375000000000000     
          24   16.750000000000000     
          25   18.375000000000000     
          26   19.125000000000000     
          27   17.000000000000000     
          28   15.125000000000000     
          29   13.500000000000000     
          30   12.125000000000000     
          31   11.000000000000000     
          32   10.125000000000000     
          33   9.5000000000000000     
          34   9.1250000000000000     
          35   9.0000000000000000     
          36   9.1250000000000000     
          37   9.5000000000000000     
          38   10.125000000000000     
          39   11.000000000000000     
          40   12.125000000000000     
          41   13.500000000000000     
          42   15.125000000000000     
          43   17.000000000000000     
          44   19.125000000000000     
          45   18.750000000000000     
          46   16.375000000000000     
          47   14.250000000000000     
          48   12.375000000000000     
          49   10.750000000000000     
          50   9.3750000000000000     
          51   8.2500000000000000     
          52   7.3750000000000000     
          53   6.7500000000000000     
          54   6.3750000000000000     
          55   6.2500000000000000     
          56   6.3750000000000000     
          57   6.7500000000000000     
          58   7.3750000000000000     
          59   8.2500000000000000     
          60   9.3750000000000000     
          61   10.750000000000000     
          62   12.375000000000000     
          63   14.250000000000000     
          64   16.375000000000000     
          65   18.750000000000000     
          66   16.500000000000000     
          67   14.125000000000000     
          68   12.000000000000000     
          69   10.125000000000000     
          70   8.5000000000000000     
          71   7.1250000000000000     
          72   6.0000000000000000     
          73   5.1250000000000000     
          74   4.5000000000000000     
          75   4.1250000000000000     
          76   4.0000000000000000     
          77   4.1250000000000000     
          78   4.5000000000000000     
          79   5.1250000000000000     
          80   6.0000000000000000     
          81   7.1250000000000000     
          82   8.5000000000000000     
          83   10.125000000000000     
          84   12.000000000000000     
          85   14.125000000000000     
          86   16.500000000000000     
          87   14.750000000000000     
          88   12.375000000000000     
          89   10.250000000000000     
          90   8.3750000000000000     
          91   6.7500000000000000     
          92   5.3750000000000000     
          93   4.2500000000000000     
          94   3.3750000000000000     
          95   2.7500000000000000     
          96   2.3750000000000000     
          97   2.2500000000000000     
          98   2.3750000000000000     
          99   2.7500000000000000     
         100   3.3750000000000000     
         101   4.2500000000000000     
         102   5.3750000000000000     
         103   6.7500000000000000     
         104   8.3750000000000000     
         105   10.250000000000000     
         106   12.375000000000000     
         107   14.750000000000000     
         108   13.500000000000000     
         109   11.125000000000000     
         110   9.0000000000000000     
         111   7.1250000000000000     
         112   5.5000000000000000     
         113   4.1250000000000000     
         114   3.0000000000000000     
         115   2.1250000000000000     
         116   1.5000000000000000     
         117   1.1250000000000000     
         118   1.0000000000000000     
         119   1.1250000000000000     
         120   1.5000000000000000     
         121   2.1250000000000000     
         122   3.0000000000000000     
         123   4.1250000000000000     
         124   5.5000000000000000     
         125   7.1250000000000000     
         126   9.0000000000000000     
         127   11.125000000000000     
         128   13.500000000000000     
         129   12.750000000000000     
         130   10.375000000000000     
         131   8.2500000000000000     
         132   6.3750000000000000     
         133   4.7500000000000000     
         134   3.3750000000000000     
         135   2.2500000000000000     
         136   1.3750000000000000     
         137  0.75000000000000000     
         138  0.37500000000000000     
         139  0.25000000000000000     
         140  0.37500000000000000     
         141  0.75000000000000000     
         142   1.3750000000000000     
         143   2.2500000000000000     
         144   3.3750000000000000     
         145   4.7500000000000000     
         146   6.3750000000000000     
         147   8.2500000000000000     
         148   10.375000000000000     
         149   12.750000000000000     
         150   12.500000000000000     
         151   10.125000000000000     
         152   8.0000000000000000     
         153   6.1250000000000000     
         154   4.5000000000000000     
         155   3.1250000000000000     
         156   2.0000000000000000     
         157   1.1250000000000000     
         158  0.50000000000000000     
         159  0.12500000000000000     
         160   0.0000000000000000     
         161  0.12500000000000000     
         162  0.50000000000000000     
         163   1.1250000000000000     
         164   2.0000000000000000     
         165   3.1250000000000000     
         166   4.5000000000000000     
         167   6.1250000000000000     
         168   8.0000000000000000     
         169   10.125000000000000     
         170   12.500000000000000     
         171   12.750000000000000     
         172   10.375000000000000     
         173   8.2500000000000000     
         174   6.3750000000000000     
         175   4.7500000000000000     
         176   3.3750000000000000     
         177   2.2500000000000000     
         178   1.3750000000000000     
         179  0.75000000000000000     
         180  0.37500000000000000     
         181  0.25000000000000000     
         182  0.37500000000000000     
         183  0.75000000000000000     
         184   1.3750000000000000     
         185   2.2500000000000000     
         186   3.3750000000000000     
         187   4.7500000000000000     
         188   6.3750000000000000     
         189   8.2500000000000000     
         190   10.375000000000000     
         191   12.750000000000000     
         192   13.500000000000000     
         193   11.125000000000000     
         194   9.0000000000000000     
         195   7.1250000000000000     
         196   5.5000000000000000     
         197   4.1250000000000000     
         198   3.0000000000000000     
         199   2.1250000000000000     
         200   1.5000000000000000     
         201   1.1250000000000000     
         202   1.0000000000000000     
         203   1.1250000000000000     
         204   1.5000000000000000     
         205   2.1250000000000000     
         206   3.0000000000000000     
         207   4.1250000000000000     
         208   5.5000000000000000     
         209   7.1250000000000000     
         210   9.0000000000000000     
         211   11.125000000000000     
         212   13.500000000000000     
         213   14.750000000000000     
         214   12.375000000000000     
         215   10.250000000000000     
         216   8.3750000000000000     
         217   6.7500000000000000     
         218   5.3750000000000000     
         219   4.2500000000000000     
         220   3.3750000000000000     
         221   2.7500000000000000     
         222   2.3750000000000000     
         223   2.2500000000000000     
         224   2.3750000000000000     
         225   2.7500000000000000     
         226   3.3750000000000000     
         227   4.2500000000000000     
         228   5.3750000000000000     
         229   6.7500000000000000     
         230   8.3750000000000000     
         231   10.250000000000000     
         232   12.375000000000000     
         233   14.750000000000000     
         234   16.500000000000000     
         235   14.125000000000000     
         236   12.000000000000000     
         237   10.125000000000000     
         238   8.5000000000000000     
         239   7.1250000000000000     
         240   6.0000000000000000     
         241   5.1250000000000000     
         242   4.5000000000000000     
         243   4.1250000000000000     
         244   4.0000000000000000     
         245   4.1250000000000000     
         246   4.5000000000000000     
         247   5.1250000000000000     
         248   6.0000000000000000     
         249   7.1250000000000000     
         250   8.5000000000000000     
         251   10.125000000000000     
         252   12.000000000000000     
         253   14.125000000000000     
         254   16.500000000000000     
         255   18.750000000000000     
         256   16.375000000000000     
         257   14.250000000000000     
         258   12.375000000000000     
         259   10.750000000000000     
         260   9.3750000000000000     
         261   8.2500000000000000     
         262   7.3750000000000000     
         263   6.7500000000000000     
         264   6.3750000000000000     
         265   6.2500000000000000     
         266   6.3750000000000000     
         267   6.7500000000000000     
         268   7.3750000000000000     
         269   8.2500000000000000     
         270   9.3750000000000000     
         271   10.750000000000000     
         272   12.375000000000000     
         273   14.250000000000000     
         274   16.375000000000000     
         275   18.750000000000000     
         276   19.125000000000000     
         277   17.000000000000000     
         278   15.125000000000000     
         279   13.500000000000000     
         280   12.125000000000000     
         281   11.000000000000000     
         282   10.125000000000000     
         283   9.5000000000000000     
         284   9.1250000000000000     
         285   9.0000000000000000     
         286   9.1250000000000000     
         287   9.5000000000000000     
         288   10.125000000000000     
         289   11.000000000000000     
         290   12.125000000000000     
         291   13.500000000000000     
         292   15.125000000000000     
         293   17.000000000000000     
         294   19.125000000000000     
         295   18.375000000000000     
         296   16.750000000000000     
         297   15.375000000000000     
         298   14.250000000000000     
         299   13.375000000000000     
         300   12.750000000000000     
         301   12.375000000000000     
         302   12.250000000000000     
         303   12.375000000000000     
         304   12.750000000000000     
         305   13.375000000000000     
         306   14.250000000000000     
         307   15.375000000000000     
         308   16.750000000000000     
         309   18.375000000000000     
         310   19.125000000000000     
         311   18.000000000000000     
         312   17.125000000000000     
         313   16.500000000000000     
         314   16.125000000000000     
         315   16.000000000000000     
         316   16.125000000000000     
         317   16.500000000000000     
         318   17.125000000000000     
         319   18.000000000000000     
         320   19.125000000000000     
