 Eigenvalue #           0  -16755311.638646146     
           0  -8.1365646686341063E-007
           1  -1.8086902983974981E-006
           2  -2.8563664704184656E-006
           3  -4.0382035811972391E-006
           4  -5.3833921484583243E-006
           5  -6.9549757460064580E-006
           6  -8.8048882541106718E-006
           7  -1.1006007962848648E-005
           8  -1.3632795203064293E-005
           9  -1.6779399535665768E-005
          10  -2.0549697351766267E-005
          11  -2.5069895289746480E-005
          12  -3.0483436739336318E-005
          13  -3.6961167719993507E-005
          14  -4.4699394742348455E-005
          15  -5.3929076361355618E-005
          16  -6.4916294702553986E-005
          17  -7.7971312058441712E-005
          18  -9.3451133139345438E-005
          19  -1.1176897400662497E-004
          20  -1.3339878339177052E-004
          21  -1.5888550602056266E-004
          22  -1.8885151283663213E-004
          23  -2.2400792178733656E-004
          24  -2.6516290034240197E-004
          25  -3.1323419606102990E-004
          26  -3.6925923587558256E-004
          27  -4.3440889521279382E-004
          28  -5.0999923202724629E-004
          29  -5.9750637414538604E-004
          30  -6.9857959327493922E-004
          31  -8.1505700788765873E-004
          32  -9.4897952422011889E-004
          33  -1.1026068335714104E-003
          34  -1.2784315266647823E-003
          35  -1.4791946115965135E-003
          36  -1.7078988519776874E-003
          37  -1.9678227528156511E-003
          38  -2.2625318939296212E-003
          39  -2.5958900403705077E-003
          40  -2.9720669599302024E-003
          41  -3.3955450341361677E-003
          42  -3.8711217886775494E-003
          43  -4.4039101401660815E-003
          44  -4.9993336639279837E-003
          45  -5.6631184467407824E-003
          46  -6.4012790074137408E-003
          47  -7.2200996775635866E-003
          48  -8.1261091191764650E-003
          49  -9.1260492673466091E-003
          50  -1.0226836598116207E-002
          51  -1.1435516979309862E-002
          52  -1.2759212268860457E-002
          53  -1.4205059965236327E-002
          54  -1.5780144387452334E-002
          55  -1.7491420813093555E-002
          56  -1.9345631415018948E-002
          57  -2.1349214620641210E-002
          58  -2.3508207142019996E-002
          59  -2.5828140555184384E-002
          60  -2.8313932115711558E-002
          61  -3.0969771981902785E-002
          62  -3.3799006980592072E-002
          63  -3.6804023390045210E-002
          64  -3.9986129302253086E-002
          65  -4.3345439317231775E-002
          66  -4.6880762501778639E-002
          67  -5.0589496578666633E-002
          68  -5.4467529552201452E-002
          69  -5.8509151842837150E-002
          70  -6.2706980274000318E-002
          71  -6.7051896945712897E-002
          72  -7.1533004304859787E-002
          73  -7.6137599232390704E-002
          74  -8.0851167229399265E-002
          75  -8.5657399113762564E-002
          76  -9.0538230877585335E-002
          77  -9.5473908513707753E-002
          78 -0.10044307783558307     
          79 -0.10542290032015639     
          80 -0.11038919420942554     
          81 -0.11531660098804440     
          82 -0.12017877557396316     
          83 -0.12494859935545309     
          84 -0.12959841347446274     
          85 -0.13410027051292420     
          86 -0.13842620109147147     
          87 -0.14254849265630651     
          88 -0.14643997621045926     
          89 -0.15007431756997416     
          90 -0.15342630837236815     
          91 -0.15647215298905653     
          92 -0.15918974633702038     
          93 -0.16155893864045717     
          94 -0.16356178225128420     
          95 -0.16518275683967482     
          96 -0.16640896853969173     
          97 -0.16723031998233301     
          98 -0.16763964762069150     
          99 -0.16763282422331313     
         100 -0.16720882404830806     
         101 -0.16636974976769406     
         102 -0.16512081996225633     
         103 -0.16347031759835223     
         104 -0.16142949970215822     
         105 -0.15901247001267702     
         106 -0.15623601618727648     
         107 -0.15311941461349035     
         108 -0.14968420559851103     
         109 -0.14595394304711193     
         110 -0.14195392232882129     
         111 -0.13771089119105440     
         112 -0.13325274799879400     
         113 -0.12860823252819531     
         114 -0.12380661378091155     
         115 -0.11887738001839843     
         116 -0.11384993527102957     
         117 -0.10875330711034412     
         118 -0.10361586936620679     
         119  -9.8465083838160772E-002
         120  -9.3327263818979420E-002
         121  -8.8227362497602810E-002
         122  -8.3188788001597597E-002
         123  -7.8233247025078320E-002
         124  -7.3380617658870453E-002
         125  -6.8648852220121265E-002
         126  -6.4053909579134150E-002
         127  -5.9609716708226845E-002
         128  -5.5328157953134824E-002
         129  -5.1219090844454571E-002
         130  -4.7290386150064548E-002
         131  -4.3547990305943127E-002
         132  -3.9996007372739062E-002
         133  -3.6636798236513286E-002
         134  -3.3471093911791157E-002
         135  -3.0498120511023030E-002
         136  -2.7715732703682213E-002
         137  -2.5120553317067629E-002
         138  -2.2708116087674143E-002
         139  -2.0473009502494401E-002
         140  -1.8409019095035103E-002
         141  -1.6509266566353410E-002
         142  -1.4766343562503038E-002
         143  -1.3172438992856323E-002
         144  -1.1719458237702351E-002
         145  -1.0399133668866443E-002
         146  -9.2031253440771187E-003
         147  -8.1231118132627980E-003
         148  -7.1508703607995596E-003
         149  -6.2783470736968230E-003
         150  -5.4977164422117739E-003
         151  -4.8014312480400530E-003
         152  -4.1822627306654109E-003
         153  -3.6333320549476744E-003
         154  -3.1481332511506892E-003
         155  -2.7205488227137272E-003
         156  -2.3448582755640876E-003
         157  -2.0157408512495238E-003
         158  -1.7282727152294923E-003
         159  -1.4779199010543586E-003
         160  -1.2605271913583137E-003
         161  -1.0723042060151969E-003
         162  -9.0980875848747401E-004
         163  -7.6992869165161697E-004
         164  -6.4986210214546599E-004
         165  -5.4709709532757263E-004
         166  -4.5939081033887039E-004
         167  -3.8474879396215191E-004
         168  -3.2140428625317146E-004
         169  -2.6779845170341835E-004
         170  -2.2256094170907100E-004
         171  -1.8449180528501218E-004
         172  -1.5254395784671280E-004
         173  -1.2580724354134052E-004
         174  -1.0349312391178595E-004
         175  -8.4921088362045988E-005
         176  -6.9505634708079449E-005
         177  -5.6745022831861218E-005
         178  -4.6210447291660822E-005
         179  -3.7536995167173685E-005
         180  -3.0414799133265560E-005
         181  -2.4581983688145453E-005
         182  -1.9817522927527835E-005
         183  -1.5935928764252157E-005
         184  -1.2781507355067885E-005
         185  -1.0224548668547201E-005
         186  -8.1566647995695823E-006
         187  -6.4882759281661651E-006
         188  -5.1447065552971970E-006
         189  -4.0648289507683239E-006
         190  -3.1975671499289633E-006
         191  -2.5016717595363835E-006
         192  -1.9421913206654618E-006
         193  -1.4915742782232422E-006
         194  -1.1253828567911954E-006
         195  -8.2549380624430035E-007
         196  -5.7330230598003933E-007
         197  -3.5809276681838309E-007
         198  -1.5978929854226205E-007
 ------------------------------------------------------
 Eigenvalue #           1  -16753668.273876878     
           0   6.0933318606428986E-006
           1   1.3514907570783672E-005
           2   2.1261922623351320E-005
           3   2.9902079490812586E-005
           4   3.9602134658522517E-005
           5   5.0770729625474564E-005
           6   6.3717423103474362E-005
           7   7.8888603884372203E-005
           8   9.6717156074723203E-005
           9   1.1775209199289429E-004
          10   1.4257668439716039E-004
          11   1.7189440139868701E-004
          12   2.0648071868404138E-004
          13   2.4724746810812618E-004
          14   2.9521447588329243E-004
          15   3.5156223287548363E-004
          16   4.1761666131954388E-004
          17   4.9489513682313667E-004
          18   5.8510059585871650E-004
          19   6.9016355189400027E-004
          20   8.1224300458339262E-004
          21   9.5376568562133680E-004
          22   1.1174317014866588E-003
          23   1.3062512497001228E-003
          24   1.5235529749990167E-003
          25   1.7730175740057362E-003
          26   2.0586866362772255E-003
          27   2.3849918025482188E-003
          28   2.7567614934990449E-003
          29   3.1792435702858880E-003
          30   3.6581068989620250E-003
          31   4.1994547911401959E-003
          32   4.8098178831012467E-003
          33   5.4961550496054256E-003
          34   6.2658336745826243E-003
          35   7.1266142978139817E-003
          36   8.0866141112605847E-003
          37   9.1542714013200903E-003
          38   1.0338288123915454E-002
          39   1.1647570341817064E-002
          40   1.3091146119122970E-002
          41   1.4678078723543911E-002
          42   1.6417356938447022E-002
          43   1.8317778893767098E-002
          44   2.0387813301943274E-002
          45   2.2635453461255818E-002
          46   2.5068049927387343E-002
          47   2.7692136518695697E-002
          48   3.0513237528743624E-002
          49   3.3535670411332409E-002
          50   3.6762333742385883E-002
          51   4.0194494552520707E-002
          52   4.3831566695877011E-002
          53   4.7670894321335824E-002
          54   5.1707533848036627E-002
          55   5.5934048524234718E-002
          56   6.0340310504270460E-002
          57   6.4913324459119792E-002
          58   6.9637068888578846E-002
          59   7.4492368885449842E-002
          60   7.9456797351088293E-002
          61   8.4504617824876269E-002
          62   8.9606766259872572E-002
          63   9.4730883892452225E-002
          64   9.9841398298637016E-002
          65  0.10489966327208125     
          66  0.10986415376819468     
          67  0.11469072451574683     
          68  0.11933292710131788     
          69  0.12374239161108663     
          70  0.12786926568660278     
          71  0.13166271418762587     
          72  0.13507147001108935     
          73  0.13804443616921130     
          74  0.14053132722671943     
          75  0.14248334714932775     
          76  0.14385388934065926     
          77  0.14459925319000233     
          78  0.14467936100872864     
          79  0.14405846756449614     
          80  0.14270584491124114     
          81  0.14059643350364570     
          82  0.13771144209048330     
          83  0.13403888726723179     
          84  0.12957405613600784     
          85  0.12431988408394797     
          86  0.11828723331085930     
          87  0.11149506649241642     
          88  0.10397050456158369     
          89   9.5748766481664277E-002
          90   8.6872984315388951E-002
          91   7.7393895792474438E-002
          92   6.7369412640811643E-002
          93   5.6864071666035680E-002
          94   4.5948372011227624E-002
          95   3.4698010345771836E-002
          96   2.3193022295125983E-002
          97   1.1516846104326611E-002
          98  -2.4467905456560782E-004
          99  -1.2004360890774519E-002
         100  -2.3674732628792747E-002
         101  -3.5169141364475263E-002
         102  -4.6402829515120897E-002
         103  -5.7293988029997182E-002
         104  -6.7764765100584712E-002
         105  -7.7742210514863797E-002
         106  -8.7159141446659386E-002
         107  -9.5954912895573050E-002
         108 -0.10407608209686982     
         109 -0.11147695448829373     
         110 -0.11812000518633521     
         111 -0.12397616879348762     
         112 -0.12902499673549531     
         113 -0.13325468051879469     
         114 -0.13666194541623938     
         115 -0.13925181832071745     
         116 -0.14103727910329408     
         117 -0.14203880383208253     
         118 -0.14228381306746449     
         119 -0.14180603706291217     
         120 -0.14064481367288051     
         121 -0.13884433286215925     
         122 -0.13645284472974190     
         123 -0.13352184550426519     
         124 -0.13010525805219841     
         125 -0.12625862049304981     
         126 -0.12203829776154862     
         127 -0.11750072764635404     
         128 -0.11270171339825470     
         129 -0.10769577150580699     
         130 -0.10253554330781403     
         131  -9.7271275634165322E-002
         132  -9.1950375445654625E-002
         133  -8.6617040183439367E-002
         134  -8.1311965208150164E-002
         135  -7.6072126842100435E-002
         136  -7.0930639234468018E-002
         137  -6.5916680930190444E-002
         138  -6.1055486863577896E-002
         139  -5.6368399770113500E-002
         140  -5.1872975026391474E-002
         141  -4.7583131844461495E-002
         142  -4.3509343928591272E-002
         143  -3.9658862250430034E-002
         144  -3.6035962890035571E-002
         145  -3.2642213022890727E-002
         146  -2.9476748446005417E-002
         147  -2.6536556686044509E-002
         148  -2.3816759960190535E-002
         149  -2.1310893353427219E-002
         150  -1.9011173605178597E-002
         151  -1.6908755367261805E-002
         152  -1.4993971517449849E-002
         153  -1.3256555907558336E-002
         154  -1.1685846242885978E-002
         155  -1.0270966883946605E-002
         156  -9.0009901921632943E-003
         157  -7.8650774353593179E-003
         158  -6.8525985441538258E-003
         159  -5.9532327333037807E-003
         160  -5.1570496636814088E-003
         161  -4.4545739277158545E-003
         162  -3.8368326359655099E-003
         163  -3.2953894539155776E-003
         164  -2.8223647099833243E-003
         165  -2.4104453345628993E-003
         166  -2.0528838717605792E-003
         167  -1.7434906375310604E-003
         168  -1.4766177023167171E-003
         169  -1.2471390520947794E-003
         170  -1.0504248913309228E-003
         171  -8.8231475129452663E-004
         172  -7.3908652297739036E-004
         173  -6.1742647817181889E-004
         174  -5.1439642908981053E-004
         175  -4.2740364095758044E-004
         176  -3.5416853890026293E-004
         177  -2.9269658900091911E-004
         178  -2.4124810443955464E-004
         179  -1.9831341203189814E-004
         180  -1.6258558409153577E-004
         181  -1.3293961698935514E-004
         182  -1.0840833885261156E-004
         183  -8.8165912983448534E-005
         184  -7.1506726482542475E-005
         185  -5.7833292075155640E-005
         186  -4.6637570173921472E-005
         187  -3.7493280003607135E-005
         188  -3.0038781698948778E-005
         189  -2.3973952476785329E-005
         190  -1.9043336352100882E-005
         191  -1.5038211826201000E-005
         192  -1.1777933125963787E-005
         193  -9.1190117133885585E-006
         194  -6.9306121889277653E-006
         195  -5.1159279804327947E-006
         196  -3.5712129348888704E-006
         197  -2.2390465710276304E-006
         198  -1.0013497242646197E-006
 ------------------------------------------------------
 Eigenvalue #           2  -16752038.564290551     
           0   3.0518094064993955E-005
           1   6.7539543800545099E-005
           2   1.0585095038966451E-004
           3   1.4808841785254455E-004
           4   1.9484029726940348E-004
           5   2.4785755718092952E-004
           6   3.0832800069028135E-004
           7   3.7804269658179440E-004
           8   4.5862204635819550E-004
           9   5.5214394053032653E-004
          10   6.6070706846395549E-004
          11   7.8683274209568406E-004
          12   9.3318899265038056E-004
          13   1.1028749589926303E-003
          14   1.2992342395121441E-003
          15   1.5260694933441690E-003
          16   1.7875094218439175E-003
          17   2.0881768437117348E-003
          18   2.4330884492754184E-003
          19   2.8277879260729505E-003
          20   3.2782643256904199E-003
          21   3.7910553595792351E-003
          22   4.3731733730998064E-003
          23   5.0321799506194915E-003
          24   5.7761099834301149E-003
          25   6.6135161110818762E-003
          26   7.5533821209308573E-003
          27   8.6051340699861475E-003
          28   9.7785348053109258E-003
          29   1.1083657725677548E-002
          30   1.2530754941392695E-002
          31   1.4130189567638661E-002
          32   1.5892271245866337E-002
          33   1.7827143700007226E-002
          34   1.9944583258900171E-002
          35   2.2253840256786121E-002
          36   2.4763399003635788E-002
          37   2.7480774545055292E-002
          38   3.0412236318002613E-002
          39   3.3562565800648800E-002
          40   3.6934750843460123E-002
          41   4.0529714719830148E-002
          42   4.4345993673593841E-002
          43   4.8379453562324856E-002
          44   5.2622969176450332E-002
          45   5.7066150613155536E-002
          46   6.1695048889698373E-002
          47   6.6491919788457782E-002
          48   7.1434985524776784E-002
          49   7.6498268302719982E-002
          50   8.1651441492851751E-002
          51   8.6859767673005503E-002
          52   9.2084074046444614E-002
          53   9.7280829435802241E-002
          54  0.10240227668546185     
          55  0.10739667914777251     
          56  0.11220863688203404     
          57  0.11677952506733318     
          58  0.12104801054991184     
          59  0.12495069214974448     
          60  0.12842281956456822     
          61  0.13139912901399475     
          62  0.13381474827223977     
          63  0.13560620139997306     
          64  0.13671246294011838     
          65  0.13707608411856856     
          66  0.13664433778317386     
          67  0.13537039745794327     
          68  0.13321449471314381     
          69  0.13014506429179343     
          70  0.12613981984463921     
          71  0.12118676563977152     
          72  0.11528508758031217     
          73  0.10844592723829749     
          74  0.10069298506725521     
          75   9.2062957644432813E-002
          76   8.2605760577576348E-002
          77   7.2384545999854943E-002
          78   6.1475474403203681E-002
          79   4.9967256542516242E-002
          80   3.7960435575171918E-002
          81   2.5566434169981476E-002
          82   1.2906348768062058E-002
          83   1.0952604785959143E-004
          84  -1.2688083604244877E-002
          85  -2.5345750072062953E-002
          86  -3.7719958132889191E-002
          87  -4.9666517801758105E-002
          88  -6.1042773503435087E-002
          89  -7.1709850171257167E-002
          90  -8.1534912411364444E-002
          91  -9.0393371369112324E-002
          92  -9.8171012541126049E-002
          93 -0.10476597999526573     
          94 -0.11009059196240814     
          95 -0.11407292867839079     
          96 -0.11665817380165117     
          97 -0.11780966004680017     
          98 -0.11750961082999865     
          99 -0.11575954187691090     
         100 -0.11258032811212684     
         101 -0.10801191536560786     
         102 -0.10211269732252649     
         103  -9.4958553505567436E-002
         104  -8.6641583704074196E-002
         105  -7.7268549824158664E-002
         106  -6.6959073720267714E-002
         107  -5.5843614456728530E-002
         108  -4.4061283348084297E-002
         109  -3.1757528659966144E-002
         110  -1.9081753642626497E-002
         111  -6.1849033290979254E-003
         112   6.7829159270317314E-003
         113   1.9674750320766373E-002
         114   3.2348986549811894E-002
         115   4.4671386333905820E-002
         116   5.6516917125073049E-002
         117   6.7771361650827339E-002
         118   7.8332668003851677E-002
         119   8.8112035569417657E-002
         120   9.7034712256485620E-002
         121  0.10504051189969457     
         122  0.11208404112589727     
         123  0.11813465748924198     
         124  0.12317616058026194     
         125  0.12720624884195944     
         126  0.13023575358816841     
         127  0.13228769086642572     
         128  0.13339614903619498     
         129  0.13360505704049047     
         130  0.13296685388976270     
         131  0.13154110502525962     
         132  0.12939308515591813     
         133  0.12659237064685680     
         134  0.12321145710680571     
         135  0.11932444009365976     
         136  0.11500576844489026     
         137  0.11032910134072366     
         138  0.10536627123497783     
         139  0.10018637627911216     
         140   9.4854996729543589E-002
         141   8.9433551723502883E-002
         142   8.3978783826366421E-002
         143   7.8542381479739534E-002
         144   7.3170720846279805E-002
         145   6.7904732415715874E-002
         146   6.2779869511139258E-002
         147   5.7826181037381442E-002
         148   5.3068462921022928E-002
         149   4.8526489316887175E-002
         150   4.4215296903963294E-002
         151   4.0145523654600702E-002
         152   3.6323775568287420E-002
         153   3.2753024330248549E-002
         154   2.9433010480284121E-002
         155   2.6360657525077779E-002
         156   2.3530473196452649E-002
         157   2.0934946285568409E-002
         158   1.8564917011471189E-002
         159   1.6409932550387685E-002
         160   1.4458567252245145E-002
         161   1.2698722320247571E-002
         162   1.1117885612599930E-002
         163   9.7033692927003864E-003
         164   8.4425065184811805E-003
         165   7.3228275902948977E-003
         166   6.3321965866583998E-003
         167   5.4589313693953357E-003
         168   4.6918870953330744E-003
         169   4.0205284437014556E-003
         170   3.4349690657924053E-003
         171   2.9260058101938055E-003
         172   2.4851238568762320E-003
         173   2.1045028690484615E-003
         174   1.7769971520917357E-003
         175   1.4961229304757313E-003
         176   1.2560217368868620E-003
         177   1.0514367560606887E-003
         178   8.7766610582219241E-004
         179   7.3053471490858385E-004
         180   6.0634245680771010E-004
         181   5.0183658005018656E-004
         182   4.1415796594354516E-004
         183   3.4081789155346722E-004
         184   2.7964408161872557E-004
         185   2.2876470077006506E-004
         186   1.8655433515718197E-004
         187   1.5162773026752179E-004
         188   1.2278420763805895E-004
         189   9.9014038476448221E-005
         190   7.9437649565517292E-005
         191   6.3329258872398808E-005
         192   5.0043432577166600E-005
         193   3.9065525492875227E-005
         194   2.9909196870149690E-005
         195   2.2218097746635787E-005
         196   1.5588725901072220E-005
         197   9.8105051769994850E-006
         198   4.3969787067678879E-006
 ------------------------------------------------------
 Eigenvalue #           3  -16750421.367716024     
           0  -1.1763061763951765E-004
           1  -2.5975806660003328E-004
           2  -4.0556413276095779E-004
           3  -5.6443569049313919E-004
           4  -7.3773747371879035E-004
           5  -9.3115918988943803E-004
           6  -1.1480094672843353E-003
           7  -1.3936679921277046E-003
           8  -1.6725446956781661E-003
           9  -1.9904436088173908E-003
          10  -2.3528117191383888E-003
          11  -2.7662155970567472E-003
          12  -3.2371962689011070E-003
          13  -3.7732769225916527E-003
          14  -4.3821462050160674E-003
          15  -5.0723801381566628E-003
          16  -5.8528163140232452E-003
          17  -6.7330807468323857E-003
          18  -7.7230744849602403E-003
          19  -8.8333533924822745E-003
          20  -1.0074677278949671E-002
          21  -1.1458268782666793E-002
          22  -1.2995390777496549E-002
          23  -1.4697499008814773E-002
          24  -1.6575823480881841E-002
          25  -1.8641423893490581E-002
          26  -2.0904758326851163E-002
          27  -2.3375648893407160E-002
          28  -2.6062828068671783E-002
          29  -2.8973823367252401E-002
          30  -3.2114479045537388E-002
          31  -3.5488772481637738E-002
          32  -3.9098317117048212E-002
          33  -4.2942129092250599E-002
          34  -4.7016126220458671E-002
          35  -5.1312870732664898E-002
          36  -5.5821088444496507E-002
          37  -6.0525421426120982E-002
          38  -6.5406000645184911E-002
          39  -7.0438249985207355E-002
          40  -7.5592553517902797E-002
          41  -8.0834158301142420E-002
          42  -8.6122982801411632E-002
          43  -9.1413668900756292E-002
          44  -9.6655579459859378E-002
          45 -0.10179304850645687     
          46 -0.10676561215337362     
          47 -0.11150849873543008     
          48 -0.11595312716679036     
          49 -0.12002786492813193     
          50 -0.12365881085647139     
          51 -0.12677082807439169     
          52 -0.12928860428680941     
          53 -0.13113793956325520     
          54 -0.13224704755188274     
          55 -0.13254804607203263     
          56 -0.13197842939574658     
          57 -0.13048267556482243     
          58 -0.12801378624294213     
          59 -0.12453489221433243     
          60 -0.12002072736288895     
          61 -0.11445908733904064     
          62 -0.10785208258292560     
          63 -0.10021728933263305     
          64  -9.1588617865172681E-002
          65  -8.2016994196551271E-002
          66  -7.1570687771841682E-002
          67  -6.0335379664998544E-002
          68  -4.8413821308715042E-002
          69  -3.5925182278090939E-002
          70  -2.3003958739713195E-002
          71  -9.7985501892377067E-003
          72   3.5305990175051177E-003
          73   1.6813172823804193E-002
          74   2.9871548118268022E-002
          75   4.2523615606784138E-002
          76   5.4585907295827588E-002
          77   6.5876881156813200E-002
          78   7.6220389710312864E-002
          79   8.5449172161585402E-002
          80   9.3408378498912092E-002
          81   9.9958960023039514E-002
          82  0.10498092397948984     
          83  0.10837628943065987     
          84  0.11007174049369024     
          85  0.11002082579495021     
          86  0.10820570853435016     
          87  0.10463833686428792     
          88   9.9361056474467163E-002
          89   9.2446563919368868E-002
          90   8.3997247472257203E-002
          91   7.4143848473131740E-002
          92   6.3043519284581240E-002
          93   5.0877247486703497E-002
          94   3.7846752436523967E-002
          95   2.4170858771467820E-002
          96   1.0081479592111323E-002
          97  -4.1807568674159575E-003
          98  -1.8371084987140959E-002
          99  -3.2245330096963828E-002
         100  -4.5564626250843669E-002
         101  -5.8100061234665525E-002
         102  -6.9637090690531589E-002
         103  -7.9979663422246425E-002
         104  -8.8953915097831293E-002
         105  -9.6411388689287350E-002
         106 -0.10223166507041929     
         107 -0.10632438817302690     
         108 -0.10863060230396465     
         109 -0.10912341835807204     
         110 -0.10780796472979164     
         111 -0.10472067396398099     
         112  -9.9927898711492574E-002
         113  -9.3523939822007865E-002
         114  -8.5628513151156299E-002
         115  -7.6383763166229288E-002
         116  -6.5950874621564029E-002
         117  -5.4506406081355284E-002
         118  -4.2238410599854982E-002
         119  -2.9342471848877196E-002
         120  -1.6017723550665264E-002
         121  -2.4629737664115976E-003
         122   1.1127006338239006E-002
         123   2.4564924292702503E-002
         124   3.7674096035839190E-002
         125   5.0291182460384470E-002
         126   6.2268512831635640E-002
         127   7.3475941857602145E-002
         128   8.3802245397239322E-002
         129   9.3156029944187826E-002
         130  0.10146618464852526     
         131  0.10868187668602282     
         132  0.11477213845490744     
         133  0.11972506792000853     
         134  0.12354670421231083     
         135  0.12625961364700861     
         136  0.12790125480619299     
         137  0.12852216457299856     
         138  0.12818403323904384     
         139  0.12695771069435818     
         140  0.12492120514013816     
         141  0.12215771113301468     
         142  0.11875371708341648     
         143  0.11479722024300985     
         144  0.11037608518272722     
         145  0.10557656335866870     
         146  0.10048199468346677     
         147   9.5171698387179718E-002
         148   8.9720059637021995E-002
         149   8.4195810468412416E-002
         150   7.8661498866742730E-002
         151   7.3173138402003901E-002
         152   6.7780022135391596E-002
         153   6.2524690141870426E-002
         154   5.7443026956901122E-002
         155   5.2564478390633690E-002
         156   4.7912359101083567E-002
         157   4.3504243343332437E-002
         158   3.9352407342348301E-002
         159   3.5464321055356844E-002
         160   3.1843156099565027E-002
         161   2.8488314745426978E-002
         162   2.5395945590788709E-002
         163   2.2559459176346018E-002
         164   1.9970007777421424E-002
         165   1.7616951774369480E-002
         166   1.5488274594651885E-002
         167   1.3570978282547521E-002
         168   1.1851418052994195E-002
         169   1.0315617984669298E-002
         170   8.9495207412779790E-003
         171   7.7392241672171059E-003
         172   6.6711499663187615E-003
         173   5.7322089546693478E-003
         174   4.9098978100360052E-003
         175   4.1924049927212249E-003
         176   3.5686473738106347E-003
         177   3.0283308095524837E-003
         178   2.5619389959037203E-003
         179   2.1607629610005071E-003
         180   1.8168534073338322E-003
         181   1.5230326058140833E-003
         182   1.2728192526976516E-003
         183   1.0604350361690842E-003
         184   8.8070798208679730E-004
         185   7.2908494472012956E-004
         186   6.0151561885860873E-004
         187   4.9448209639378865E-004
         188   4.0486081492750075E-004
         189   3.2998222480433973E-004
         190   2.6746062818953388E-004
         191   2.1530328300130964E-004
         192   1.7168458138035284E-004
         193   1.3514121662804132E-004
         194   1.0423512081276404E-004
         195   7.7923939997347815E-005
         196   5.4953086523233843E-005
         197   3.4713102843197288E-005
         198   1.5592563343388504E-005
 ------------------------------------------------------
 Eigenvalue #           4  -16748815.711832130     
           0   3.6807434082885041E-004
           1   8.1103237422190525E-004
           2   1.2615023319076618E-003
           3   1.7465126149828827E-003
           4   2.2676499035066940E-003
           5   2.8396460310690058E-003
           6   3.4692561187114235E-003
           7   4.1691041612267280E-003
           8   4.9480368519203861E-003
           9   5.8184147682784322E-003
          10   6.7904958481417510E-003
          11   7.8769346967774000E-003
          12   9.0890544966741767E-003
          13   1.0439868335347838E-002
          14   1.1941374899225718E-002
          15   1.3606683248378770E-002
          16   1.5447911326598014E-002
          17   1.7477711129001396E-002
          18   1.9707539468448707E-002
          19   2.2148752182297643E-002
          20   2.4811111925148215E-002
          21   2.7703557475208970E-002
          22   3.0832868070441805E-002
          23   3.4204183140998524E-002
          24   3.7819778715186277E-002
          25   4.1679399412057061E-002
          26   4.5779129306717653E-002
          27   5.0111594531491777E-002
          28   5.4664932962195684E-002
          29   5.9422928049376614E-002
          30   6.4364100338066360E-002
          31   6.9461838115936994E-002
          32   7.4683649134426225E-002
          33   7.9991358656357231E-002
          34   8.5340570869696541E-002
          35   9.0681007395084806E-002
          36   9.5956233263380097E-002
          37  0.10110420644599863     
          38  0.10605732117387846     
          39  0.11074322937476934     
          40  0.11508524296850223     
          41  0.11900346955884299     
          42  0.12241559414598950     
          43  0.12523834324055325     
          44  0.12738863515445398     
          45  0.12878534933843960     
          46  0.12935079438817282     
          47  0.12901271485972221     
          48  0.12770598029169666     
          49  0.12537471373258099     
          50  0.12197405804327401     
          51  0.11747226420738081     
          52  0.11185234902047658     
          53  0.10511394355267095     
          54   9.7274626091731611E-002
          55   8.8371309088319833E-002
          56   7.8461020085092412E-002
          57   6.7621605946165314E-002
          58   5.5951748735060133E-002
          59   4.3570794341525852E-002
          60   3.0617833996752900E-002
          61   1.7250523164823332E-002
          62   3.6431334333228895E-003
          63  -1.0015684466562284E-002
          64  -2.3525872669428863E-002
          65  -3.6679193629815636E-002
          66  -4.9263100426245758E-002
          67  -6.1064764560769431E-002
          68  -7.1875592645591430E-002
          69  -8.1495740845739975E-002
          70  -8.9738909184336926E-002
          71  -9.6436923476683895E-002
          72 -0.10144434860032572     
          73 -0.10464264888885849     
          74 -0.10594411550033603     
          75 -0.10529509722925046     
          76 -0.10267874775522086     
          77  -9.8116861093496877E-002
          78  -9.1671019017596625E-002
          79  -8.3442671981687366E-002
          80  -7.3572404129556318E-002
          81  -6.2238065633271125E-002
          82  -4.9652061874012630E-002
          83  -3.6057551584122355E-002
          84  -2.1723888506752109E-002
          85  -6.9411281306865705E-003
          86   7.9860221778379117E-003
          87   2.2744925661850893E-002
          88   3.7021998299375559E-002
          89   5.0510018630175325E-002
          90   6.2915333858845318E-002
          91   7.3965002979060737E-002
          92   8.3413448481950550E-002
          93   9.1048654488954078E-002
          94   9.6697509668997345E-002
          95  0.10023035489131817     
          96  0.10156438354087878     
          97  0.10066599867828041     
          98   9.7551842804097927E-002
          99   9.2288664596751419E-002
         100   8.4991817028953559E-002
         101   7.5822618731084562E-002
         102   6.4984453089202199E-002
         103   5.2717901862886038E-002
         104   3.9294859423876928E-002
         105   2.5011977075665992E-002
         106   1.0183437780292558E-002
         107  -4.8665567494496102E-003
         108  -1.9811555966342671E-002
         109  -3.4330498111814350E-002
         110  -4.8115181681374686E-002
         111  -6.0877200501576328E-002
         112  -7.2354331645134967E-002
         113  -8.2316048828917507E-002
         114  -9.0568195509638363E-002
         115  -9.6956551002338465E-002
         116 -0.10136938335688096     
         117 -0.10373879243158572     
         118 -0.10404100187667811     
         119 -0.10229547364238832     
         120  -9.8563064826837021E-002
         121  -9.2943161815220846E-002
         122  -8.5570060591758049E-002
         123  -7.6608573562810228E-002
         124  -6.6249162967253639E-002
         125  -5.4702606278147728E-002
         126  -4.2194504192037109E-002
         127  -2.8959640159951457E-002
         128  -1.5236492297266540E-002
         129  -1.2618905424771627E-003
         130   1.2733906900914530E-002
         131   2.6531756317330336E-002
         132   3.9927554936895981E-002
         133   5.2735630247561643E-002
         134   6.4791400605686569E-002
         135   7.5953429846648740E-002
         136   8.6104727326495253E-002
         137   9.5153456599311723E-002
         138  0.10303294080542504     
         139  0.10970116081679622     
         140  0.11513966071476910     
         141  0.11935207901911661     
         142  0.12236223469909711     
         143  0.12421199741946269     
         144  0.12495887343046491     
         145  0.12467353713338428     
         146  0.12343723154560915     
         147  0.12133926003284227     
         148  0.11847447634213855     
         149  0.11494098239286211     
         150  0.11083791968964243     
         151  0.10626354887040837     
         152  0.10131348006491456     
         153   9.6079234551193687E-002
         154   9.0646977642257168E-002
         155   8.5096592533493123E-002
         156   7.9500914455781738E-002
         157   7.3925288952292195E-002
         158   6.8427256042869297E-002
         159   6.3056523824518471E-002
         160   5.7855018730087020E-002
         161   5.2857181498203114E-002
         162   4.8090283933469924E-002
         163   4.3574946460669749E-002
         164   3.9325620680751738E-002
         165   3.5351232773003081E-002
         166   3.1655740934265909E-002
         167   2.8238822881763388E-002
         168   2.5096433892773613E-002
         169   2.2221475595358954E-002
         170   1.9604299964555701E-002
         171   1.7233316974542990E-002
         172   1.5095409407749567E-002
         173   1.3176456119572751E-002
         174   1.1461639628533752E-002
         175   9.9358780096211376E-003
         176   8.5840206214468587E-003
         177   7.3911942065003206E-003
         178   6.3428912299823385E-003
         179   5.4252446072543493E-003
         180   4.6250180041365191E-003
         181   3.9298293076292920E-003
         182   3.3280531974836268E-003
         183   2.8090170425010318E-003
         184   2.3628234214335382E-003
         185   1.9805449819529433E-003
         186   1.6539682914252143E-003
         187   1.3758183606508224E-003
         188   1.1394141009125442E-003
         189   9.3896211619686875E-004
         190   7.6909434889368142E-004
         191   6.2529177846382925E-004
         192   5.0323533672589358E-004
         193   3.9947374886907685E-004
         194   3.1042235108898376E-004
         195   2.3354952456518786E-004
         196   1.6554257734721156E-004
         197   1.0496215848494037E-004
         198   4.7247988892702124E-005
 ------------------------------------------------------
 Eigenvalue #           5  -16747220.114503397     
           0  -9.5721391120213647E-004
           1  -2.1046010064287562E-003
           2  -3.2612442244841127E-003
           3  -4.4915224977681995E-003
           4  -5.7929431987957733E-003
           5  -7.1964228228150687E-003
           6  -8.7111005979639208E-003
           7  -1.0360209147986216E-002
           8  -1.2155784403983337E-002
           9  -1.4117479305545754E-002
          10  -1.6257784348878417E-002
          11  -1.8593591111939853E-002
          12  -2.1136359901747122E-002
          13  -2.3899871872841254E-002
          14  -2.6893112845107790E-002
          15  -3.0125753050392792E-002
          16  -3.3602679064343985E-002
          17  -3.7328006077922075E-002
          18  -4.1300691680846123E-002
          19  -4.5517556164444820E-002
          20  -4.9969663467322165E-002
          21  -5.4644663478567120E-002
          22  -5.9523767294987297E-002
          23  -6.4583642085340842E-002
          24  -6.9793895222264118E-002
          25  -7.5118707366524914E-002
          26  -8.0514796517359891E-002
          27  -8.5932948413497412E-002
          28  -9.1316467104418861E-002
          29  -9.6602741758080923E-002
          30 -0.10172220881168702     
          31 -0.10660007312037349     
          32 -0.11115580910016890     
          33 -0.11530512659049226     
          34 -0.11896002470876024     
          35 -0.12203105556584597     
          36 -0.12442791515510712     
          37 -0.12606200994307448     
          38 -0.12684752557162562     
          39 -0.12670424345620196     
          40 -0.12555897380889175     
          41 -0.12334850536255719     
          42 -0.12002122988340573     
          43 -0.11554004421094818     
          44 -0.10988393686696996     
          45 -0.10305060617088803     
          46  -9.5057735366280843E-002
          47  -8.5945053471155664E-002
          48  -7.5775003859543097E-002
          49  -6.4633965735064289E-002
          50  -5.2632031975172501E-002
          51  -3.9903137190050009E-002
          52  -2.6603711069530678E-002
          53  -1.2911529092499896E-002
          54   9.7689946665709408E-004
          55   1.4848829914414151E-002
          56   2.8479167891895907E-002
          57   4.1634240698054298E-002
          58   5.4076803185465573E-002
          59   6.5570835829768803E-002
          60   7.5887342367801244E-002
          61   8.4809756211619416E-002
          62   9.2140036608417547E-002
          63   9.7704115465985730E-002
          64  0.10135767004426484     
          65  0.10299094191082080     
          66  0.10253349732867005     
          67   9.9957723065975793E-002
          68   9.5281902021583806E-002
          69   8.8571754296249097E-002
          70   7.9941267448451148E-002
          71   6.9551811848455602E-002
          72   5.7610371729803350E-002
          73   4.4366013483072994E-002
          74   3.0105449780243661E-002
          75   1.5146954887558071E-002
          76  -1.6647097899339487E-004
          77  -1.5475301249682539E-002
          78  -3.0412110464634073E-002
          79  -4.4611125297952539E-002
          80  -5.7717739023646929E-002
          81  -6.9398394312689113E-002
          82  -7.9349876394281732E-002
          83  -8.7308367169277451E-002
          84  -9.3057339376216977E-002
          85  -9.6434629452758103E-002
          86  -9.7337843848787270E-002
          87  -9.5728468040746348E-002
          88  -9.1633944749861654E-002
          89  -8.5148157642413236E-002
          90  -7.6429726036886442E-002
          91  -6.5698638283132188E-002
          92  -5.3230781457898689E-002
          93  -3.9350994276557867E-002
          94  -2.4424348527340444E-002
          95  -8.8463744558644735E-003
          96   6.9679395841947996E-003
          97   2.2595597615530996E-002
          98   3.7617579780943669E-002
          99   5.1630565700424125E-002
         100   6.4258443064763651E-002
         101   7.5162839321069944E-002
         102   8.4052737043720446E-002
         103   9.0692491529397443E-002
         104   9.4908374050602359E-002
         105   9.6593080885783222E-002
         106   9.5708430231190980E-002
         107   9.2285834646724227E-002
         108   8.6424888056833099E-002
         109   7.8289809300309085E-002
         110   6.8104196174286494E-002
         111   5.6143972964429308E-002
         112   4.2729078807144882E-002
         113   2.8213889736901254E-002
         114   1.2976978020340924E-002
         115  -2.5897321786313306E-003
         116  -1.8091799340321523E-002
         117  -3.3143013132274038E-002
         118  -4.7375481621494658E-002
         119  -6.0449010404613340E-002
         120  -7.2059278484436398E-002
         121  -8.1944830791453802E-002
         122  -8.9892502253478099E-002
         123  -9.5741382679547099E-002
         124  -9.9385061457764295E-002
         125 -0.10077235657281529     
         126  -9.9906388265507476E-002
         127  -9.6842286641275754E-002
         128  -9.1683497201068595E-002
         129  -8.4577034764874409E-002
         130  -7.5707724978885824E-002
         131  -6.5291813116398145E-002
         132  -5.3570020837676230E-002
         133  -4.0800425354126993E-002
         134  -2.7251249790533349E-002
         135  -1.3193902277101800E-002
         136   1.1036672842337010E-003
         137   1.5383016666312683E-002
         138   2.9400636999058715E-002
         139   4.2932554790033509E-002
         140   5.5778127901023537E-002
         141   6.7762916234736389E-002
         142   7.8740690713440892E-002
         143   8.8594537119401198E-002
         144   9.7237154222643743E-002
         145  0.10461036685288973     
         146  0.11068397333493091     
         147  0.11545399647633431     
         148  0.11894045906573854     
         149  0.12118478536194845     
         150  0.12224693291732566     
         151  0.12220237427350832     
         152  0.12113900065837223     
         153  0.11915407496582089     
         154  0.11635126223584841     
         155  0.11283786725421584     
         156  0.10872225619627801     
         157  0.10411159389321700     
         158   9.9109818871384939E-002
         159   9.3815993800153347E-002
         160   8.8322898136323880E-002
         161   8.2716014265162383E-002
         162   7.7072719531680933E-002
         163   7.1461859163189520E-002
         164   6.5943459186609599E-002
         165   6.0568789542930421E-002
         166   5.5380483137197671E-002
         167   5.0412968540971631E-002
         168   4.5692866346454829E-002
         169   4.1239667301348829E-002
         170   3.7066280895403626E-002
         171   3.3179846670668124E-002
         172   2.9582326000602687E-002
         173   2.6271356076248063E-002
         174   2.3240798480858301E-002
         175   2.0481571781596597E-002
         176   1.7982094766218412E-002
         177   1.5729060541230563E-002
         178   1.3707734292117614E-002
         179   1.1902656575799232E-002
         180   1.0297772480572913E-002
         181   8.8770731801931461E-003
         182   7.6245436471803329E-003
         183   6.5247697885509525E-003
         184   5.5626940872764681E-003
         185   4.7242326569086820E-003
         186   3.9958205565450086E-003
         187   3.3651029911512787E-003
         188   2.8202305137720591E-003
         189   2.3507197829247574E-003
         190   1.9464128361107941E-003
         191   1.5986647864310245E-003
         192   1.2987807650490968E-003
         193   1.0398353578173472E-003
         194   8.1414663705106096E-004
         195   6.1646317332703939E-004
         196   4.3919416878484185E-004
         197   2.7950531526536919E-004
         198   1.2609346011273901E-004
 ------------------------------------------------------
 Eigenvalue #           6  -16745630.139003063     
           0  -2.0858050648805229E-003
           1  -4.5760966927471565E-003
           2  -7.0643463128469107E-003
           3  -9.6783339662090823E-003
           4  -1.2398913571216828E-002
           5  -1.5278560922876562E-002
           6  -1.8320691961773428E-002
           7  -2.1557755533066273E-002
           8  -2.4995862050033041E-002
           9  -2.8655739911702640E-002
          10  -3.2540394368818309E-002
          11  -3.6660350379549074E-002
          12  -4.1012230394511649E-002
          13  -4.5595820846790966E-002
          14  -5.0398736537019206E-002
          15  -5.5408706944011232E-002
          16  -6.0602034036181217E-002
          17  -6.5952890836126432E-002
          18  -7.1424369119917785E-002
          19  -7.6975854380524067E-002
          20  -8.2555994951807252E-002
          21  -8.8108846320249012E-002
          22  -9.3568379112590680E-002
          23  -9.8863875020198985E-002
          24 -0.10391574824870300     
          25 -0.10864053907056222     
          26 -0.11294790419493889     
          27 -0.11674545022609523     
          28 -0.11993677791107273     
          29 -0.12242630501213675     
          30 -0.12411824116041255     
          31 -0.12492145745780417     
          32 -0.12474923238466563     
          33 -0.12352413081630703     
          34 -0.12117830647126075     
          35 -0.11765825863625329     
          36 -0.11292541380603843     
          37 -0.10696054155084232     
          38  -9.9764280062149352E-002
          39  -9.1360924028145954E-002
          40  -8.1798520007852288E-002
          41  -7.1151701544242635E-002
          42  -5.9520975009754729E-002
          43  -4.7034282897670011E-002
          44  -3.3845141404149660E-002
          45  -2.0132671514195195E-002
          46  -6.0983440428882688E-003
          47   8.0356661232152023E-003
          48   2.2031222611874447E-002
          49   3.5637525850228897E-002
          50   4.8597242593761913E-002
          51   6.0651223706200089E-002
          52   7.1545695794349412E-002
          53   8.1037940317366178E-002
          54   8.8903997590040834E-002
          55   9.4944639216061263E-002
          56   9.8992843649642615E-002
          57  0.10091923602279861     
          58  0.10063847428863587     
          59   9.8113260756422696E-002
          60   9.3358762169126475E-002
          61   8.6444345063864697E-002
          62   7.7495265297857274E-002
          63   6.6691460513614478E-002
          64   5.4265991317051572E-002
          65   4.0500535158146035E-002
          66   2.5720427973432936E-002
          67   1.0286918622090718E-002
          68  -5.4108912177160224E-003
          69  -2.0966502671144704E-002
          70  -3.5966410519420781E-002
          71  -5.0002279994131690E-002
          72  -6.2682471982513810E-002
          73  -7.3644578572454031E-002
          74  -8.2566584035775950E-002
          75  -8.9178181425087946E-002
          76  -9.3269957606379961E-002
          77  -9.4701912110560962E-002
          78  -9.3409173260875569E-002
          79  -8.9406380635758231E-002
          80  -8.2788799044328912E-002
          81  -7.3731696708017214E-002
          82  -6.2486293414370474E-002
          83  -4.9373916517955134E-002
          84  -3.4776928505236435E-002
          85  -1.9128184454054068E-002
          86  -2.8978306005848042E-003
          87   1.3420692277147997E-002
          88   2.9326422036244502E-002
          89   4.4326500343509739E-002
          90   5.7952490059691698E-002
          91   6.9775467172544972E-002
          92   7.9420670151139183E-002
          93   8.6579876121186408E-002
          94   9.1022318326843335E-002
          95   9.2602480142467331E-002
          96   9.1265691454088943E-002
          97   8.7050091697057477E-002
          98   8.0086053831661771E-002
          99   7.0591897933871703E-002
         100   5.8867181521037940E-002
         101   4.5282659656262256E-002
         102   3.0268381831824447E-002
         103   1.4299246192450189E-002
         104  -2.1203903594186799E-003
         105  -1.8473566577322059E-002
         106  -3.4247381120769714E-002
         107  -4.8949917124424869E-002
         108  -6.2125805494452797E-002
         109  -7.3370902480049086E-002
         110  -8.2344580382298679E-002
         111  -8.8780217063176819E-002
         112  -9.2492573854328380E-002
         113  -9.3382818919823724E-002
         114  -9.1440117731365081E-002
         115  -8.6740747290638548E-002
         116  -7.9443893776463173E-002
         117  -6.9785281772355906E-002
         118  -5.8068003484235860E-002
         119  -4.4651846692946584E-002
         120  -2.9940640395139936E-002
         121  -1.4369002663114068E-002
         122   1.6119157696546655E-003
         123   1.7548297891043705E-002
         124   3.2997548974796023E-002
         125   4.7540876698395788E-002
         126   6.0795052020596867E-002
         127   7.2422142507760731E-002
         128   8.2137835950662250E-002
         129   8.9717303474357565E-002
         130   9.4999374381495541E-002
         131   9.7888137433783814E-002
         132   9.8352893943031414E-002
         133   9.6425724958117714E-002
         134   9.2197726381567327E-002
         135   8.5813283620348638E-002
         136   7.7463527212220717E-002
         137   6.7378400068449140E-002
         138   5.5818517411986859E-002
         139   4.3066256018919134E-002
         140   2.9417247465203480E-002
         141   1.5171670462265722E-002
         142   6.2647400790993932E-004
         143  -1.3932150866104496E-002
         144  -2.8234984389367026E-002
         145  -4.2035456818770349E-002
         146  -5.5113798149392684E-002
         147  -6.7280543337550736E-002
         148  -7.8378462021759868E-002
         149  -8.8283894856574022E-002
         150  -9.6906609097384327E-002
         151 -0.10418923812570391     
         152 -0.11010543421450331     
         153 -0.11465786326410014     
         154 -0.11787515789035878     
         155 -0.11980900411228237     
         156 -0.12053043678766877     
         157 -0.12012655267773291     
         158 -0.11869665061040507     
         159 -0.11634903536145388     
         160 -0.11319740961105740     
         161 -0.10935812043231218     
         162 -0.10494708488574926     
         163 -0.10007770102999526     
         164  -9.4858457850605607E-002
         165  -8.9391607420744465E-002
         166  -8.3771491680207269E-002
         167  -7.8083967427173995E-002
         168  -7.2405389438105414E-002
         169  -6.6802704218068859E-002
         170  -6.1332966429406319E-002
         171  -5.6043973233776141E-002
         172  -5.0974158470738377E-002
         173  -4.6153624484673042E-002
         174  -4.1604251242952292E-002
         175  -3.7340991122719817E-002
         176  -3.3372041041896706E-002
         177  -2.9700290876828551E-002
         178  -2.6323427730746828E-002
         179  -2.3235463889161072E-002
         180  -2.0426665885017167E-002
         181  -1.7885128174399186E-002
         182  -1.5596438748455545E-002
         183  -1.3545307579585043E-002
         184  -1.1714888675392263E-002
         185  -1.0088518975614344E-002
         186  -8.6486063661401196E-003
         187  -7.3785919139324708E-003
         188  -6.2612719727733685E-003
         189  -5.2811822485701052E-003
         190  -4.4221222575621813E-003
         191  -3.6703188862594162E-003
         192  -3.0106896630245680E-003
         193  -2.4315065858880177E-003
         194  -1.9183325736543601E-003
         195  -1.4619489833433920E-003
         196  -1.0468884726022678E-003
         197  -6.6873094662767076E-004
         198  -3.0232528239028682E-004
 ------------------------------------------------------
 Eigenvalue #           7  -16744033.508702917     
           0  -3.8205901574074855E-003
           1  -8.3638615180336735E-003
           2  -1.2862754613855566E-002
           3  -1.7528895600400728E-002
           4  -2.2303216192539745E-002
           5  -2.7256506362028230E-002
           6  -3.2367916661528884E-002
           7  -3.7668098161284733E-002
           8  -4.3137692750217435E-002
           9  -4.8782559671108082E-002
          10  -5.4574733304368885E-002
          11  -6.0499060374461539E-002
          12  -6.6514439356085850E-002
          13  -7.2585721431350253E-002
          14  -7.8656389024189949E-002
          15  -8.4671963657637406E-002
          16  -9.0559918539546785E-002
          17  -9.6247868099874762E-002
          18 -0.10164847566360982     
          19 -0.10667432482801413     
          20 -0.11122652072823103     
          21 -0.11520741374327693     
          22 -0.11851206503758910     
          23 -0.12103955217777226     
          24 -0.12268670317836569     
          25 -0.12335841068279836     
          26 -0.12296313829838200     
          27 -0.12142243781416029     
          28 -0.11866775366163683     
          29 -0.11464914822167917     
          30 -0.10933291177357873     
          31 -0.10270934719553636     
          32  -9.4790662978855855E-002
          33  -8.5617555370433418E-002
          34  -7.5256846702842398E-002
          35  -6.3806541313069370E-002
          36  -5.1392693408385370E-002
          37  -3.8172615512633630E-002
          38  -2.4330537595733105E-002
          39  -1.0078723006736210E-002
          40   4.3483755402236200E-003
          41   1.8695185114204184E-002
          42   3.2692443615345859E-002
          43   4.6060326128075653E-002
          44   5.8517282435394939E-002
          45   6.9784825569164127E-002
          46   7.9597303476601919E-002
          47   8.7707675347331468E-002
          48   9.3897465335784011E-002
          49   9.7982605533535938E-002
          50   9.9822599572445686E-002
          51   9.9325347247884305E-002
          52   9.6454434837153921E-002
          53   9.1231822734262141E-002
          54   8.3742219513754948E-002
          55   7.4132645609454609E-002
          56   6.2613064600929302E-002
          57   4.9452146322655766E-002
          58   3.4973720836898252E-002
          59   1.9548537572139719E-002
          60   3.5866427963550458E-003
          61  -1.2474480951165771E-002
          62  -2.8180898707342458E-002
          63  -4.3076695639003147E-002
          64  -5.6717004623708274E-002
          65  -6.8683523879830760E-002
          66  -7.8597785798143333E-002
          67  -8.6135764341056048E-002
          68  -9.1039318042302114E-002
          69  -9.3127808089591840E-002
          70  -9.2305683980896655E-002
          71  -8.8569235007937314E-002
          72  -8.2008660580898965E-002
          73  -7.2808616159798112E-002
          74  -6.1243803366660632E-002
          75  -4.7672797223052080E-002
          76  -3.2527124300819173E-002
          77  -1.6298862914025773E-002
          78   4.7578351675225565E-004
          79   1.7233593246232738E-002
          80   3.3404276131974199E-002
          81   4.8429893577066271E-002
          82   6.1785618734168449E-002
          83   7.2998526343293485E-002
          84   8.1666113895829076E-002
          85   8.7471419998161479E-002
          86   9.0196410399199706E-002
          87   8.9730792192403930E-002
          88   8.6078023417571120E-002
          89   7.9356072070642089E-002
          90   6.9794884352094994E-002
          91   5.7728567826495582E-002
          92   4.3584487101429988E-002
          93   2.7867731912924638E-002
          94   1.1143377383565247E-002
          95  -5.9846074414081404E-003
          96  -2.2895236321884775E-002
          97  -3.8974027332746124E-002
          98  -5.3635578811135988E-002
          99  -6.6345922959457862E-002
         100  -7.6642190879963448E-002
         101  -8.4150334822396075E-002
         102  -8.8598711052862794E-002
         103  -8.9828432924563953E-002
         104  -8.7798682368868189E-002
         105  -8.2588151095163459E-002
         106  -7.4391247017856224E-002
         107  -6.3510535761169065E-002
         108  -5.0344497586618901E-002
         109  -3.5372337875565998E-002
         110  -1.9135309243816397E-002
         111  -2.2164611049701631E-003
         112   1.4781466373374354E-002
         113   3.1258043078578449E-002
         114   4.6637216723366119E-002
         115   6.0387590582581877E-002
         116   7.2041122019496293E-002
         117   8.1208625662292824E-002
         118   8.7592454624056598E-002
         119   9.0995084998166914E-002
         120   9.1324216971772745E-002
         121   8.8593506746361045E-002
         122   8.2919802236983350E-002
         123   7.4516374935383864E-002
         124   6.3683242901008713E-002
         125   5.0794392346958324E-002
         126   3.6283130890213552E-002
         127   2.0625594963190171E-002
         128   4.3236711887910447E-003
         129  -1.2112546667352102E-002
         130  -2.8181595342469497E-002
         131  -4.3406663240824483E-002
         132  -5.7349816413965103E-002
         133  -6.9624413413016298E-002
         134  -7.9904991279563339E-002
         135  -8.7934749229207312E-002
         136  -9.3530203705562434E-002
         137  -9.6583289958409910E-002
         138  -9.7060766437693805E-002
         139  -9.5001314473335166E-002
         140  -9.0510431457201182E-002
         141  -8.3753568614766127E-002
         142  -7.4947793082702621E-002
         143  -6.4352411176540766E-002
         144  -5.2258947897997163E-002
         145  -3.8980832016054151E-002
         146  -2.4843238144931189E-002
         147  -1.0173285022019897E-002
         148   4.7089442691294146E-003
         149   1.9498555620069143E-002
         150   3.3912710575307217E-002
         151   4.7696420531652253E-002
         152   6.0626810814246347E-002
         153   7.2516292654041956E-002
         154   8.3214165082352964E-002
         155   9.2607300025630640E-002
         156  0.10061937492777862     
         157  0.10720950582547452     
         158  0.11236964191178610     
         159  0.11612175858900647     
         160  0.11851405850845918     
         161  0.11961739233480279     
         162  0.11952091029163979     
         163  0.11832833247570598     
         164  0.11615360679813819     
         165  0.11311753404378337     
         166  0.10934384562097227     
         167  0.10495653545454876     
         168  0.10007660734094535     
         169   9.4820307514015267E-002
         170   8.9296634364550181E-002
         171   8.3606526286909746E-002
         172   7.7841095221934650E-002
         173   7.2081719354319534E-002
         174   6.6398866135347637E-002
         175   6.0852974992667203E-002
         176   5.5493676410677768E-002
         177   5.0361325469553353E-002
         178   4.5486395786622988E-002
         179   4.0891535456686508E-002
         180   3.6590908250518306E-002
         181   3.2592682956569578E-002
         182   2.8898096402026386E-002
         183   2.5504350486003257E-002
         184   2.2403167108883241E-002
         185   1.9584154745359326E-002
         186   1.7032594587814573E-002
         187   1.4733461670989940E-002
         188   1.2668093153673813E-002
         189   1.0819242868339194E-002
         190   9.1660725456187593E-003
         191   7.6909786721049526E-003
         192   6.3718512932214970E-003
         193   5.1922213663324621E-003
         194   4.1284245255631125E-003
         195   3.1669170218595879E-003
         196   2.2795843569970095E-003
         197   1.4616072066164717E-003
         198   6.6222590977604260E-004
 ------------------------------------------------------
 Eigenvalue #           8  -16742407.388783829     
           0  -5.9559219082448382E-003
           1  -1.3009548375081528E-002
           2  -1.9929788710072560E-002
           3  -2.7011909138808105E-002
           4  -3.4127608559496751E-002
           5  -4.1350324802403284E-002
           6  -4.8609487508588366E-002
           7  -5.5914355314313498E-002
           8  -6.3195913207689913E-002
           9  -7.0425026562816559E-002
          10  -7.7520978792621334E-002
          11  -8.4425328526385901E-002
          12  -9.1042435509898392E-002
          13  -9.7290614744913601E-002
          14 -0.10306079020899675     
          15 -0.10825461306032470     
          16 -0.11275456991916331     
          17 -0.11645404017567165     
          18 -0.11923519409979054     
          19 -0.12099375600661334     
          20 -0.12162243044265107     
          21 -0.12103194253604074     
          22 -0.11913841925977826     
          23 -0.11588155275821543     
          24 -0.11121470615819995     
          25 -0.10512056920798131     
          26  -9.7602932237621370E-002
          27  -8.8699884966273901E-002
          28  -7.8476308577433679E-002
          29  -6.7034474437664249E-002
          30  -5.4506407500786343E-002
          31  -4.1061663733298448E-002
          32  -2.6898861789039639E-002
          33  -1.2250456041960234E-002
          34   2.6270559304020598E-003
          35   1.7451396832315624E-002
          36   3.1925832846389508E-002
          37   4.5740255933359876E-002
          38   5.8583894011683679E-002
          39   7.0148675291451815E-002
          40   8.0142798848783350E-002
          41   8.8295502410035143E-002
          42   9.4370600956240808E-002
          43   9.8171475549299239E-002
          44   9.9553401362153807E-002
          45   9.8427377158364762E-002
          46   9.4769922950908081E-002
          47   8.8624341808190982E-002
          48   8.0106727190990254E-002
          49   6.9403438138103957E-002
          50   5.6772349857299675E-002
          51   4.2535747014389620E-002
          52   2.7076375149424035E-002
          53   1.0825590853888080E-002
          54  -5.7455210944060246E-003
          55  -2.2142126891003037E-002
          56  -3.7858397173962756E-002
          57  -5.2396197124801487E-002
          58  -6.5279884753837669E-002
          59  -7.6075599082084625E-002
          60  -8.4405698406651825E-002
          61  -8.9966095376802571E-002
          62  -9.2537673276677640E-002
          63  -9.1999058492839417E-002
          64  -8.8332519433427958E-002
          65  -8.1629960987592190E-002
          66  -7.2091438156626997E-002
          67  -6.0023000462162128E-002
          68  -4.5826994212159924E-002
          69  -2.9991586213533684E-002
          70  -1.3073350059855594E-002
          71   4.3203171852575729E-003
          72   2.1554437837056763E-002
          73   3.7988599310338732E-002
          74   5.3002930629678612E-002
          75   6.6021246186166394E-002
          76   7.6535884760989423E-002
          77   8.4127807747735373E-002
          78   8.8486282301685371E-002
          79   8.9422101451356567E-002
          80   8.6878667595556472E-002
          81   8.0935432329022741E-002
          82   7.1808192844257920E-002
          83   5.9841388012606841E-002
          84   4.5497178228769329E-002
          85   2.9337138111116667E-002
          86   1.2001653085945299E-002
          87  -5.8165196400682545E-003
          88  -2.3399199698308788E-002
          89  -4.0033294064704433E-002
          90  -5.5039464728500194E-002
          91  -6.7801732616526056E-002
          92  -7.7792746103255025E-002
          93  -8.4597467695351342E-002
          94  -8.7930365406629463E-002
          95  -8.7649072762772617E-002
          96  -8.3760153551432640E-002
          97  -7.6420323953238847E-002
          98  -6.5929433334323884E-002
          99  -5.2719030031510884E-002
         100  -3.7333490480823572E-002
         101  -2.0407985603230368E-002
         102  -2.6408412091788614E-003
         103   1.5235118491967091E-002
         104   3.2484302200111823E-002
         105   4.8398465131852142E-002
         106   6.2327128904505563E-002
         107   7.3703759120665985E-002
         108   8.2069751708978469E-002
         109   8.7092055253623235E-002
         110   8.8576827491982188E-002
         111   8.6475497805597878E-002
         112   8.0886118369725382E-002
         113   7.2046992275084001E-002
         114   6.0325976540639807E-002
         115   4.6203026806823908E-002
         116   3.0249819699119579E-002
         117   1.3104460211498910E-002
         118  -4.5546161329771840E-003
         119  -2.2037306155257355E-002
         120  -3.8668897100955169E-002
         121  -5.3817281514178160E-002
         122  -6.6916316274848300E-002
         123  -7.7487304713616312E-002
         124  -8.5154923408852390E-002
         125  -8.9659947298289411E-002
         126  -9.0865533071380997E-002
         127  -8.8759863923888169E-002
         128  -8.3452369665356838E-002
         129  -7.5166760892192916E-002
         130  -6.4228475834836124E-002
         131  -5.1050124198462325E-002
         132  -3.6112776636498749E-002
         133  -1.9946889848148970E-002
         134  -3.1107968121727204E-003
         135   1.3829398629264529E-002
         136   3.0320682325587656E-002
         137   4.5840997156316787E-002
         138   5.9916506454141025E-002
         139   7.2134693962316476E-002
         140   8.2156011041888508E-002
         141   8.9720741794784037E-002
         142   9.4654152912659537E-002
         143   9.6866812242780903E-002
         144   9.6353481255455301E-002
         145   9.3187612837695680E-002
         146   8.7515141900762941E-002
         147   7.9544649498248673E-002
         148   6.9537795153714027E-002
         149   5.7797036503869116E-002
         150   4.4654664062368468E-002
         151   3.0460003050122697E-002
         152   1.5568886858071946E-002
         153   3.3199976085814377E-004
         154  -1.4913757350802722E-002
         155  -2.9854597206301448E-002
         156  -4.4205663705481804E-002
         157  -5.7717410001622033E-002
         158  -7.0178236062064095E-002
         159  -8.1417831884525435E-002
         160  -9.1306769069807434E-002
         161  -9.9757169035058060E-002
         162 -0.10671975144150572     
         163 -0.11218248355509268     
         164 -0.11616579990379242     
         165 -0.11872002734262875     
         166 -0.11991954796778390     
         167 -0.11985979205259165     
         168 -0.11865104729273968     
         169 -0.11641570447211054     
         170 -0.11328226095649412     
         171 -0.10938333567390962     
         172 -0.10485021655197543     
         173  -9.9811974886536356E-002
         174  -9.4390702788991934E-002
         175  -8.8701887336098614E-002
         176  -8.2850302035657006E-002
         177  -7.6931672600940179E-002
         178  -7.1029040067746130E-002
         179  -6.5215676243176993E-002
         180  -5.9551626729907790E-002
         181  -5.4087820699585301E-002
         182  -4.8862419312156069E-002
         183  -4.3906113999372241E-002
         184  -3.9237827834294650E-002
         185  -3.4871315891700963E-002
         186  -3.0809657566079160E-002
         187  -2.7053485831380963E-002
         188  -2.3593502985769496E-002
         189  -2.0421041522799121E-002
         190  -1.7517400807011294E-002
         191  -1.4868170121020334E-002
         192  -1.2447181751190157E-002
         193  -1.0237675999023744E-002
         194  -8.2060284887375459E-003
         195  -6.3375142876658033E-003
         196  -4.5860712378084055E-003
         197  -2.9517618938438971E-003
         198  -1.3403103127062645E-003
 ------------------------------------------------------
 Eigenvalue #           9  -16740724.598552903     
           0  -8.1429322849728963E-003
           1  -1.7745775514035226E-002
           2  -2.7075928304367249E-002
           3  -3.6489362299255777E-002
           4  -4.5762226790290184E-002
           5  -5.4947268369803973E-002
           6  -6.3901221737348232E-002
           7  -7.2592060731693581E-002
           8  -8.0883739040679623E-002
           9  -8.8699135459333819E-002
          10  -9.5896406376578078E-002
          11 -0.10237157456094129     
          12 -0.10797891459483648     
          13 -0.11260258552247758     
          14 -0.11610186621559115     
          15 -0.11836482821504865     
          16 -0.11926900762284344     
          17 -0.11872362409080330     
          18 -0.11664034009268263     
          19 -0.11296746773275117     
          20 -0.10766736655619409     
          21 -0.10074444629991204     
          22  -9.2226729470243324E-002
          23  -8.2188528816629997E-002
          24  -7.0734269126138158E-002
          25  -5.8016201753925058E-002
          26  -4.4218991484470782E-002
          27  -2.9572602719918739E-002
          28  -1.4336543295758281E-002
          29   1.1919420614534852E-003
          30   1.6694652123368917E-002
          31   3.1828605132784314E-002
          32   4.6244036288682407E-002
          33   5.9584292814400586E-002
          34   7.1504709677070372E-002
          35   8.1675170525642785E-002
          36   8.9798998026993287E-002
          37   9.5616730353620893E-002
          38   9.8923719733928495E-002
          39   9.9573376889160889E-002
          40   9.7491897348248827E-002
          41   9.2679122574957473E-002
          42   8.5218789605856882E-002
          43   7.5275323685211129E-002
          44   6.3098288725651056E-002
          45   4.9013901211676668E-002
          46   3.3422958011992000E-002
          47   1.6786630428758331E-002
          48  -3.8198587907652983E-004
          49  -1.7537252755522592E-002
          50  -3.4114646963168543E-002
          51  -4.9553713058649529E-002
          52  -6.3314741330075419E-002
          53  -7.4902736226859626E-002
          54  -8.3884121094481262E-002
          55  -8.9908529442704346E-002
          56  -9.2722142528648910E-002
          57  -9.2183966562469299E-002
          58  -8.8272567887806977E-002
          59  -8.1093961380668683E-002
          60  -7.0879291165660996E-002
          61  -5.7982533322983899E-002
          62  -4.2868025990310483E-002
          63  -2.6097766950165861E-002
          64  -8.3094462149433199E-003
          65   9.8050428303518983E-003
          66   2.7528563081629411E-002
          67   4.4145622509761055E-002
          68   5.8974222366183118E-002
          69   7.1393427553807620E-002
          70   8.0873010658070649E-002
          71   8.6996415548454942E-002
          72   8.9483001194214151E-002
          73   8.8201510712668962E-002
          74   8.3180626370219612E-002
          75   7.4609456677055430E-002
          76   6.2833957891091433E-002
          77   4.8343171903662850E-002
          78   3.1751567516192000E-002
          79   1.3772426549515351E-002
          80  -4.8111425672664387E-003
          81  -2.3181673278430043E-002
          82  -4.0522543115139531E-002
          83  -5.6056309462556769E-002
          84  -6.9079514549208576E-002
          85  -7.8996982592976647E-002
          86  -8.5349348995523128E-002
          87  -8.7836834131247696E-002
          88  -8.6333727964339538E-002
          89  -8.0896915035831601E-002
          90  -7.1763882647968957E-002
          91  -5.9344077337763645E-002
          92  -4.4200145220215883E-002
          93  -2.7023516398616113E-002
          94  -8.6019083910483258E-003
          95   1.0216313199433136E-002
          96   2.8562524217920274E-002
          97   4.5587838247191585E-002
          98   6.0503850229319298E-002
          99   7.2619150829747278E-002
         100   8.1372694778853324E-002
         101   8.6359604421342814E-002
         102   8.7350816987612795E-002
         103   8.4303038083477916E-002
         104   7.7361009142783432E-002
         105   6.6849616007459756E-002
         106   5.3258552155011525E-002
         107   3.7218130136282876E-002
         108   1.9469577835534629E-002
         109   8.2929870729643910E-004
         110  -1.7849195934240510E-002
         111  -3.5715641101216875E-002
         112  -5.1961942306918051E-002
         113  -6.5859460279790921E-002
         114  -7.6791324755333248E-002
         115  -8.4279779543540045E-002
         116  -8.8005950793877727E-002
         117  -8.7822537076875248E-002
         118  -8.3757749669799167E-002
         119  -7.6011631633734533E-002
         120  -6.4944068836673044E-002
         121  -5.1056213003640043E-002
         122  -3.4965496981905118E-002
         123  -1.7376360997326340E-002
         124   9.5251145495490574E-004
         125   1.9242227821722604E-002
         126   3.6727891705220984E-002
         127   5.2690990210792536E-002
         128   6.6488879266347820E-002
         129   7.7579907255316688E-002
         130   8.5543354787130571E-002
         131   9.0093466071880346E-002
         132   9.1087144956755475E-002
         133   8.8525408615802506E-002
         134   8.2548569481960696E-002
         135   7.3426012850611802E-002
         136   6.1540821516970934E-002
         137   4.7370745629622707E-002
         138   3.1465849071036209E-002
         139   1.4424760237293723E-002
         140  -3.1302987838454522E-003
         141  -2.0577555550148521E-002
         142  -3.7319011812926246E-002
         143  -5.2800849688051751E-002
         144  -6.6531685831650256E-002
         145  -7.8096524921189889E-002
         146  -8.7167839203142597E-002
         147  -9.3511694891603811E-002
         148  -9.6991039783167421E-002
         149  -9.7564082549954231E-002
         150  -9.5280530726331580E-002
         151  -9.0273507469311051E-002
         152  -8.2750493970683750E-002
         153  -7.2980852416013459E-002
         154  -6.1283774245483709E-002
         155  -4.8013779891438804E-002
         156  -3.3548048049236542E-002
         157  -1.8272120460080102E-002
         158  -2.5686664137665460E-003
         159   1.3194854660058999E-002
         160   2.8674520563506944E-002
         161   4.3559234194367892E-002
         162   5.7575358940004075E-002
         163   7.0492563091017743E-002
         164   8.2124637550070101E-002
         165   9.2332115695531583E-002
         166  0.10101967272623220     
         167  0.10813618901189630     
         168  0.11366946647095678     
         169  0.11764465761400562     
         170  0.12011717064696564     
         171  0.12117045586687820     
         172  0.12090793218702602     
         173  0.11945104707379442     
         174  0.11693088872098932     
         175  0.11348727054735784     
         176  0.10926044788264044     
         177  0.10439178111271366     
         178   9.9015700419660027E-002
         179   9.3262324747880126E-002
         180   8.7249545170866930E-002
         181   8.1087861884536469E-002
         182   7.4872197902782420E-002
         183   6.8689197580619171E-002
         184   6.2608123703553425E-002
         185   5.6690974935802302E-002
         186   5.0981512273758252E-002
         187   4.5518859685905425E-002
         188   4.0323241437079702E-002
         189   3.5414366335311386E-002
         190   3.0791590239582022E-002
         191   2.6459705349575584E-002
         192   2.2399339967885273E-002
         193   1.8605842570555330E-002
         194   1.5040791097401526E-002
         195   1.1698412952426535E-002
         196   8.5124484288783553E-003
         197   5.5007387121106194E-003
         198   2.5034914115524055E-003
 ------------------------------------------------------
