           0  -4.9500000000000002     
           1  -4.9000000000000004     
           2  -4.8499999999999996     
           3  -4.7999999999999998     
           4  -4.7500000000000000     
           5  -4.7000000000000002     
           6  -4.6500000000000004     
           7  -4.5999999999999996     
           8  -4.5499999999999998     
           9  -4.5000000000000000     
          10  -4.4500000000000002     
          11  -4.4000000000000004     
          12  -4.3499999999999996     
          13  -4.2999999999999998     
          14  -4.2500000000000000     
          15  -4.2000000000000002     
          16  -4.1500000000000004     
          17  -4.0999999999999996     
          18  -4.0499999999999998     
          19  -4.0000000000000000     
          20  -3.9500000000000002     
          21  -3.8999999999999999     
          22  -3.8499999999999996     
          23  -3.7999999999999998     
          24  -3.7500000000000000     
          25  -3.7000000000000002     
          26  -3.6499999999999999     
          27  -3.5999999999999996     
          28  -3.5499999999999998     
          29  -3.5000000000000000     
          30  -3.4500000000000002     
          31  -3.3999999999999999     
          32  -3.3499999999999996     
          33  -3.2999999999999998     
          34  -3.2500000000000000     
          35  -3.2000000000000002     
          36  -3.1499999999999999     
          37  -3.0999999999999996     
          38  -3.0499999999999998     
          39  -3.0000000000000000     
          40  -2.9499999999999997     
          41  -2.8999999999999999     
          42  -2.8500000000000001     
          43  -2.7999999999999998     
          44  -2.7500000000000000     
          45  -2.6999999999999997     
          46  -2.6499999999999999     
          47  -2.5999999999999996     
          48  -2.5499999999999998     
          49  -2.5000000000000000     
          50  -2.4499999999999997     
          51  -2.3999999999999999     
          52  -2.3499999999999996     
          53  -2.2999999999999998     
          54  -2.2500000000000000     
          55  -2.1999999999999997     
          56  -2.1499999999999999     
          57  -2.0999999999999996     
          58  -2.0499999999999998     
          59  -2.0000000000000000     
          60  -1.9499999999999997     
          61  -1.8999999999999999     
          62  -1.8499999999999996     
          63  -1.7999999999999998     
          64  -1.7500000000000000     
          65  -1.6999999999999997     
          66  -1.6499999999999999     
          67  -1.5999999999999996     
          68  -1.5499999999999998     
          69  -1.5000000000000000     
          70  -1.4499999999999997     
          71  -1.3999999999999999     
          72  -1.3499999999999996     
          73  -1.2999999999999998     
          74  -1.2500000000000000     
          75  -1.1999999999999997     
          76  -1.1499999999999999     
          77  -1.0999999999999996     
          78  -1.0499999999999998     
          79  -1.0000000000000000     
          80 -0.95000000000000018     
          81 -0.89999999999999947     
          82 -0.84999999999999964     
          83 -0.79999999999999982     
          84 -0.75000000000000000     
          85 -0.70000000000000018     
          86 -0.64999999999999947     
          87 -0.59999999999999964     
          88 -0.54999999999999982     
          89 -0.50000000000000000     
          90 -0.45000000000000018     
          91 -0.39999999999999947     
          92 -0.34999999999999964     
          93 -0.29999999999999982     
          94 -0.25000000000000000     
          95 -0.19999999999999929     
          96 -0.14999999999999947     
          97  -9.9999999999999645E-002
          98  -4.9999999999999822E-002
          99   0.0000000000000000     
         100   5.0000000000000711E-002
         101  0.10000000000000053     
         102  0.15000000000000036     
         103  0.20000000000000018     
         104  0.25000000000000000     
         105  0.30000000000000071     
         106  0.35000000000000053     
         107  0.40000000000000036     
         108  0.45000000000000018     
         109  0.50000000000000000     
         110  0.55000000000000071     
         111  0.60000000000000053     
         112  0.65000000000000036     
         113  0.70000000000000018     
         114  0.75000000000000000     
         115  0.80000000000000071     
         116  0.85000000000000053     
         117  0.90000000000000036     
         118  0.95000000000000018     
         119   1.0000000000000000     
         120   1.0500000000000007     
         121   1.1000000000000005     
         122   1.1500000000000004     
         123   1.2000000000000002     
         124   1.2500000000000000     
         125   1.3000000000000007     
         126   1.3500000000000005     
         127   1.4000000000000004     
         128   1.4500000000000002     
         129   1.5000000000000000     
         130   1.5500000000000007     
         131   1.6000000000000005     
         132   1.6500000000000004     
         133   1.7000000000000002     
         134   1.7500000000000000     
         135   1.8000000000000007     
         136   1.8500000000000005     
         137   1.9000000000000004     
         138   1.9500000000000002     
         139   2.0000000000000000     
         140   2.0500000000000007     
         141   2.1000000000000005     
         142   2.1500000000000004     
         143   2.2000000000000002     
         144   2.2500000000000000     
         145   2.3000000000000007     
         146   2.3500000000000005     
         147   2.4000000000000004     
         148   2.4500000000000002     
         149   2.5000000000000000     
         150   2.5500000000000007     
         151   2.6000000000000005     
         152   2.6500000000000004     
         153   2.7000000000000002     
         154   2.7500000000000000     
         155   2.8000000000000007     
         156   2.8500000000000005     
         157   2.9000000000000004     
         158   2.9500000000000002     
         159   3.0000000000000000     
         160   3.0500000000000007     
         161   3.0999999999999996     
         162   3.1500000000000004     
         163   3.2000000000000011     
         164   3.2500000000000000     
         165   3.3000000000000007     
         166   3.3499999999999996     
         167   3.4000000000000004     
         168   3.4500000000000011     
         169   3.5000000000000000     
         170   3.5500000000000007     
         171   3.5999999999999996     
         172   3.6500000000000004     
         173   3.7000000000000011     
         174   3.7500000000000000     
         175   3.8000000000000007     
         176   3.8499999999999996     
         177   3.9000000000000004     
         178   3.9500000000000011     
         179   4.0000000000000000     
         180   4.0500000000000007     
         181   4.0999999999999996     
         182   4.1500000000000004     
         183   4.2000000000000011     
         184   4.2500000000000000     
         185   4.3000000000000007     
         186   4.3499999999999996     
         187   4.4000000000000004     
         188   4.4500000000000011     
         189   4.5000000000000000     
         190   4.5500000000000007     
         191   4.6000000000000014     
         192   4.6500000000000004     
         193   4.7000000000000011     
         194   4.7500000000000000     
         195   4.8000000000000007     
         196   4.8500000000000014     
         197   4.9000000000000004     
         198   4.9500000000000011     
