           0  -4.9500000000000002       -16740564.028278641     
           1  -4.9000000000000004       -16740841.193555063     
           2  -4.8499999999999996       -16741116.579208460     
           3  -4.7999999999999998       -16741390.156373277     
           4  -4.7500000000000000       -16741661.897016302     
           5  -4.7000000000000002       -16741931.773912624     
           6  -4.6500000000000004       -16742199.760621561     
           7  -4.5999999999999996       -16742465.831460567     
           8  -4.5499999999999998       -16742729.961480943     
           9  -4.5000000000000000       -16742992.126442069     
          10  -4.4500000000000002       -16743252.302785449     
          11  -4.4000000000000004       -16743510.467608722     
          12  -4.3499999999999996       -16743766.598640135     
          13  -4.2999999999999998       -16744020.674209937     
          14  -4.2500000000000000       -16744272.673225323     
          15  -4.2000000000000002       -16744522.575143570     
          16  -4.1500000000000004       -16744770.359944187     
          17  -4.0999999999999996       -16745016.008101389     
          18  -4.0499999999999998       -16745259.500558667     
          19  -4.0000000000000000       -16745500.818698587     
          20  -3.9500000000000002       -16745739.944317047     
          21  -3.8999999999999999       -16745976.859595392     
          22  -3.8499999999999996       -16746211.547072526     
          23  -3.7999999999999998       -16746443.989616217     
          24  -3.7500000000000000       -16746674.170396769     
          25  -3.7000000000000002       -16746902.072857743     
          26  -3.6499999999999999       -16747127.680688448     
          27  -3.5999999999999996       -16747350.977796476     
          28  -3.5499999999999998       -16747571.948278831     
          29  -3.5000000000000000       -16747790.576394197     
          30  -3.4500000000000002       -16748006.846535102     
          31  -3.3999999999999999       -16748220.743200276     
          32  -3.3499999999999996       -16748432.250966681     
          33  -3.2999999999999998       -16748641.354460789     
          34  -3.2500000000000000       -16748848.038332429     
          35  -3.2000000000000002       -16749052.287226131     
          36  -3.1499999999999999       -16749254.085754653     
          37  -3.0999999999999996       -16749453.418471364     
          38  -3.0499999999999998       -16749650.269841252     
          39  -3.0000000000000000       -16749844.624222953     
          40  -2.9499999999999997       -16750036.465830650     
          41  -2.8999999999999999       -16750225.778714625     
          42  -2.8500000000000001       -16750412.546735713     
          43  -2.7999999999999998       -16750596.753539249     
          44  -2.7500000000000000       -16750778.382530611     
          45  -2.6999999999999997       -16750957.416852005     
          46  -2.6499999999999999       -16751133.839358395     
          47  -2.5999999999999996       -16751307.632595364     
          48  -2.5499999999999998       -16751478.778776577     
          49  -2.5000000000000000       -16751647.259763582     
          50  -2.4499999999999997       -16751813.057044806     
          51  -2.3999999999999999       -16751976.151716847     
          52  -2.3499999999999996       -16752136.524465289     
          53  -2.2999999999999998       -16752294.155548131     
          54  -2.2500000000000000       -16752449.024779331     
          55  -2.1999999999999997       -16752601.111513916     
          56  -2.1499999999999999       -16752750.394633444     
          57  -2.0999999999999996       -16752896.852534484     
          58  -2.0499999999999998       -16753040.463116458     
          59  -2.0000000000000000       -16753181.203772716     
          60  -1.9499999999999997       -16753319.051381292     
          61  -1.8999999999999999       -16753453.982298562     
          62  -1.8499999999999996       -16753585.972354032     
          63  -1.7999999999999998       -16753714.996845640     
          64  -1.7500000000000000       -16753841.030538758     
          65  -1.6999999999999997       -16753964.047664903     
          66  -1.6499999999999999       -16754084.021923214     
          67  -1.5999999999999996       -16754200.926482165     
          68  -1.5499999999999998       -16754314.733985474     
          69  -1.5000000000000000       -16754425.416557597     
          70  -1.4499999999999997       -16754532.945810933     
          71  -1.3999999999999999       -16754637.292856345     
          72  -1.3499999999999996       -16754738.428313117     
          73  -1.2999999999999998       -16754836.322322050     
          74  -1.2500000000000000       -16754930.944559874     
          75  -1.1999999999999997       -16755022.264254680     
          76  -1.1499999999999999       -16755110.250203231     
          77  -1.0999999999999996       -16755194.870790007     
          78  -1.0499999999999998       -16755276.094006751     
          79  -1.0000000000000000       -16755353.887474794     
          80 -0.95000000000000018       -16755428.218466852     
          81 -0.89999999999999947       -16755499.053931965     
          82 -0.84999999999999964       -16755566.360520361     
          83 -0.79999999999999982       -16755630.104609957     
          84 -0.75000000000000000       -16755690.252334215     
          85 -0.70000000000000018       -16755746.769610235     
          86 -0.64999999999999947       -16755799.622168820     
          87 -0.59999999999999964       -16755848.775584726     
          88 -0.54999999999999982       -16755894.195308667     
          89 -0.50000000000000000       -16755935.846699079     
          90 -0.45000000000000018       -16755973.695055887     
          91 -0.39999999999999947       -16756007.705653841     
          92 -0.34999999999999964       -16756037.843778051     
          93 -0.29999999999999982       -16756064.074758435     
          94 -0.25000000000000000       -16756086.364006639     
          95 -0.19999999999999929       -16756104.677052232     
          96 -0.14999999999999947       -16756118.979580028     
          97  -9.9999999999999645E-002  -16756129.237467904     
          98  -4.9999999999999822E-002  -16756135.416824996     
          99   0.0000000000000000       -16756137.484030372     
         100   5.0000000000000711E-002  -16756135.405772395     
         101  0.10000000000000053       -16756129.149087897     
         102  0.15000000000000036       -16756118.681402218     
         103  0.20000000000000018       -16756103.970568817     
         104  0.25000000000000000       -16756084.984910207     
         105  0.30000000000000071       -16756061.693258002     
         106  0.35000000000000053       -16756034.064993562     
         107  0.40000000000000036       -16756002.070088891     
         108  0.45000000000000018       -16755965.679147566     
         109  0.50000000000000000       -16755924.863445351     
         110  0.55000000000000071       -16755879.594970481     
         111  0.60000000000000053       -16755829.846464572     
         112  0.65000000000000036       -16755775.591463678     
         113  0.70000000000000018       -16755716.804337898     
         114  0.75000000000000000       -16755653.460331690     
         115  0.80000000000000071       -16755585.535603644     
         116  0.85000000000000053       -16755513.007266151     
         117  0.90000000000000036       -16755435.853423979     
         118  0.95000000000000018       -16755354.053213332     
         119   1.0000000000000000       -16755267.586839817     
         120   1.0500000000000007       -16755176.435616469     
         121   1.1000000000000005       -16755080.581999788     
         122   1.1500000000000004       -16754980.009627327     
         123   1.2000000000000002       -16754874.703352986     
         124   1.2500000000000000       -16754764.649282193     
         125   1.3000000000000007       -16754649.834805463     
         126   1.3500000000000005       -16754530.248632960     
         127   1.4000000000000004       -16754405.880826410     
         128   1.4500000000000002       -16754276.722831385     
         129   1.5000000000000000       -16754142.767507065     
         130   1.5500000000000007       -16754004.009156799     
         131   1.6000000000000005       -16753860.443556581     
         132   1.6500000000000004       -16753712.067982297     
         133   1.7000000000000002       -16753558.881236730     
         134   1.7500000000000000       -16753400.883673891     
         135   1.8000000000000007       -16753238.077223917     
         136   1.8500000000000005       -16753070.465413831     
         137   1.9000000000000004       -16752898.053391134     
         138   1.9500000000000002       -16752720.847941838     
         139   2.0000000000000000       -16752538.857509309     
         140   2.0500000000000007       -16752352.092210699     
         141   2.1000000000000005       -16752160.563852228     
         142   2.1500000000000004       -16751964.285942415     
         143   2.2000000000000002       -16751763.273703931     
         144   2.2500000000000000       -16751557.544082612     
         145   2.3000000000000007       -16751347.115756316     
         146   2.3500000000000005       -16751132.009140611     
         147   2.4000000000000004       -16750912.246392962     
         148   2.4500000000000002       -16750687.851413354     
         149   2.5000000000000000       -16750458.849845203     
         150   2.5500000000000007       -16750225.269072695     
         151   2.6000000000000005       -16749987.138214912     
         152   2.6500000000000004       -16749744.488119110     
         153   2.7000000000000002       -16749497.351351261     
         154   2.7500000000000000       -16749245.762182472     
         155   2.8000000000000007       -16748989.756573437     
         156   2.8500000000000005       -16748729.372158621     
         157   2.9000000000000004       -16748464.648223689     
         158   2.9500000000000002       -16748195.625681890     
         159   3.0000000000000000       -16747922.347045366     
         160   3.0500000000000007       -16747644.856398163     
         161   3.0999999999999996       -16747363.199359510     
         162   3.1500000000000004       -16747077.423048742     
         163   3.2000000000000011       -16746787.576042846     
         164   3.2500000000000000       -16746493.708333034     
         165   3.3000000000000007       -16746195.871274326     
         166   3.3499999999999996       -16745894.117536206     
         167   3.4000000000000004       -16745588.501042951     
         168   3.4500000000000011       -16745279.076914793     
         169   3.5000000000000000       -16744965.901400020     
         170   3.5500000000000007       -16744649.031805875     
         171   3.5999999999999996       -16744328.526423695     
         172   3.6500000000000004       -16744004.444448361     
         173   3.7000000000000011       -16743676.845892634     
         174   3.7500000000000000       -16743345.791496100     
         175   3.8000000000000007       -16743011.342630142     
         176   3.8499999999999996       -16742673.561193999     
         177   3.9000000000000004       -16742332.509507662     
         178   3.9500000000000011       -16741988.250198552     
         179   4.0000000000000000       -16741640.846078901     
         180   4.0500000000000007       -16741290.360019740     
         181   4.0999999999999996       -16740936.854817599     
         182   4.1500000000000004       -16740580.393053131     
         183   4.2000000000000011       -16740221.036943940     
         184   4.2500000000000000       -16739858.848188357     
         185   4.3000000000000007       -16739493.887804348     
         186   4.3499999999999996       -16739126.215958253     
         187   4.4000000000000004       -16738755.891787585     
         188   4.4500000000000011       -16738382.973214349     
         189   4.5000000000000000       -16738007.516750913     
         190   4.5500000000000007       -16737629.577297263     
         191   4.6000000000000014       -16737249.207930967     
         192   4.6500000000000004       -16736866.459686162     
         193   4.7000000000000011       -16736481.381325843     
         194   4.7500000000000000       -16736094.019103665     
         195   4.8000000000000007       -16735704.416517761     
         196   4.8500000000000014       -16735312.614054909     
         197   4.9000000000000004       -16734918.648925945     
         198   4.9500000000000011       -16734522.554791057     
