00001 -76.275622032964648
00002 -76.276884890884446
00003 -76.278139640245115
00004 -76.279386149525521
00005 -76.280624290996940
00006 -76.281853940613559
00007 -76.283074977902757
00008 -76.284287285846247
00009 -76.285490750769398
00010 -76.286685262223813
00011 -76.287870712869079
00012 -76.289046998354380
00013 -76.290214017202132
00014 -76.291371670677691
00015 -76.292519862675150
00016 -76.293658499594983
00017 -76.294787490217132
00018 -76.295906745575564
00019 -76.297016178842441
00020 -76.298115705190483
00021 -76.299205241675708
00022 -76.300284707110350
00023 -76.301354021935794
00024 -76.302413108091855
00025 -76.303461888896791
00026 -76.304500288913914
00027 -76.305528233826251
00028 -76.306545650311392
00029 -76.307552465909964
00030 -76.308548608899244
00031 -76.309534008166366
00032 -76.310508593082346
00033 -76.311472293374649
00034 -76.312425038996324
00035 -76.313366760006858
00036 -76.314297386441567
00037 -76.315216848191028
00038 -76.316125074875202
00039 -76.317021995711372
00040 -76.317907539432241
00041 -76.318781634112341
00042 -76.319644207079392
00043 -76.320495184797963
00044 -76.321334492750708
00045 -76.322162055326970
00046 -76.322977795716994
00047 -76.323781635802234
00048 -76.324573496054526
00049 -76.325353295433359
00050 -76.326120951293873
00051 -76.326876379291122
00052 -76.327619493294875
00053 -76.328350205302186
00054 -76.329068425361868
00055 -76.329774061499549
00056 -76.330467019649817
00057 -76.331147203589964
00058 -76.331814514887512
00059 -76.332468852844826
00060 -76.333110114458435
00061 -76.333738194376892
00062 -76.334352984871941
00063 -76.334954375814689
00064 -76.335542254654271
00065 -76.336116506413262
00066 -76.336677013681808
00067 -76.337223656624374
00068 -76.337756312987523
00069 -76.338274858126880
00070 -76.338779165032108
00071 -76.339269104359786
00072 -76.339744544481320
00073 -76.340205351528311
00074 -76.340651389452248
00075 -76.341082520090140
00076 -76.341498603234854
00077 -76.341899496713978
00078 -76.342285056476612
00079 -76.342655136682410
00080 -76.343009589803287
00081 -76.343348266722771
00082 -76.343671016849612
00083 -76.343977688231064
00084 -76.344268127673644
00085 -76.344542180870050
00086 -76.344799692527175
00087 -76.345040506503054
00088 -76.345264465944737
00089 -76.345471413434097
00090 -76.345661191132564
00091 -76.345833640934941
00092 -76.345988604621368
00093 -76.346125924019162
00094 -76.346245441159795
00095 -76.346346998447146
00096 -76.346430438822367
00097 -76.346495605933967
00098 -76.346542344310109
00099 -76.346570499532675
00100 -76.346579918413397
00101 -76.346570449173313
00102 -76.346541941621169
00103 -76.346494247335897
00104 -76.346427219847072
00105 -76.346340714821451
00106 -76.346234590245416
00107 -76.346108706610181
00108 -76.345962927098114
00109 -76.345797117769280
00110 -76.345611147746411
00111 -76.345404889398523
00112 -76.345178218527280
00113 -76.344931014554064
00114 -76.344663160700463
00115 -76.344374544171927
00116 -76.344065056339005
00117 -76.343734592918054
00118 -76.343383054147083
00119 -76.343010344963631
00120 -76.342616375177812
00121 -76.342201059645532
00122 -76.341764318432752
00123 -76.341306076986655
00124 -76.340826266296531
00125 -76.340324823054075
00126 -76.339801689806222
00127 -76.339256815112705
00128 -76.338690153691417
00129 -76.338101666565507
00130 -76.337491321199010
00131 -76.336859091636086
00132 -76.336204958630731
00133 -76.335528909770971
00134 -76.334830939601886
00135 -76.334111049736478
00136 -76.333369248969092
00137 -76.332605553370016
00138 -76.331819986393000
00139 -76.331012578957399
00140 -76.330183369533998
00141 -76.329332404219954
00142 -76.328459736808355
00143 -76.327565428848530
00144 -76.326649549700093
00145 -76.325712176573944
00146 -76.324753394572667
00147 -76.323773296716425
00148 -76.322771983962070
00149 -76.321749565205948
00150 -76.320706157288043
00151 -76.319641884979902
00152 -76.318556880957814
00153 -76.317451285772236
00154 -76.316325247804627
00155 -76.315178923205664
00156 -76.314012475824313
00157 -76.312826077135824
00158 -76.311619906138844
00159 -76.310394149247870
00160 -76.309149000162449
00161 -76.307884659744289
00162 -76.306601335849891
00163 -76.305299243170737
00164 -76.303978603039866
00165 -76.302639643234002
00166 -76.301282597743835
00167 -76.299907706549192
00168 -76.298515215347152
00169 -76.297105375283977
00170 -76.295678442645723
00171 -76.294234678543390
00172 -76.292774348571868
00173 -76.291297722442877
00174 -76.289805073594664
00175 -76.288296678777158
00176 -76.286772817618953
00177 -76.285233772153731
00178 -76.283679826332261
00179 -76.282111265506074
00180 -76.280528375868755
00181 -76.278931443881802
00182 -76.277320755667262
00183 -76.275696596363559
00184 -76.274059249454965
00185 -76.272408996059752
00186 -76.270746114196228
00187 -76.269070878002424
00188 -76.267383556928664
00189 -76.265684414887019
00190 -76.263973709366795
00191 -76.262251690510723
00192 -76.260518600158008
00193 -76.258774670837269
00194 -76.257020124729081
00195 -76.255255172580590
00196 -76.253480012583864
00197 -76.251694829210265
00198 -76.249899792004811
00199 -76.248095054334613
