           0  -4.9500000000000002       -5.9559219082448382E-003
           1  -4.9000000000000004       -1.3009548375081528E-002
           2  -4.8499999999999996       -1.9929788710072560E-002
           3  -4.7999999999999998       -2.7011909138808105E-002
           4  -4.7500000000000000       -3.4127608559496751E-002
           5  -4.7000000000000002       -4.1350324802403284E-002
           6  -4.6500000000000004       -4.8609487508588366E-002
           7  -4.5999999999999996       -5.5914355314313498E-002
           8  -4.5499999999999998       -6.3195913207689913E-002
           9  -4.5000000000000000       -7.0425026562816559E-002
          10  -4.4500000000000002       -7.7520978792621334E-002
          11  -4.4000000000000004       -8.4425328526385901E-002
          12  -4.3499999999999996       -9.1042435509898392E-002
          13  -4.2999999999999998       -9.7290614744913601E-002
          14  -4.2500000000000000      -0.10306079020899675     
          15  -4.2000000000000002      -0.10825461306032470     
          16  -4.1500000000000004      -0.11275456991916331     
          17  -4.0999999999999996      -0.11645404017567165     
          18  -4.0499999999999998      -0.11923519409979054     
          19  -4.0000000000000000      -0.12099375600661334     
          20  -3.9500000000000002      -0.12162243044265107     
          21  -3.8999999999999999      -0.12103194253604074     
          22  -3.8499999999999996      -0.11913841925977826     
          23  -3.7999999999999998      -0.11588155275821543     
          24  -3.7500000000000000      -0.11121470615819995     
          25  -3.7000000000000002      -0.10512056920798131     
          26  -3.6499999999999999       -9.7602932237621370E-002
          27  -3.5999999999999996       -8.8699884966273901E-002
          28  -3.5499999999999998       -7.8476308577433679E-002
          29  -3.5000000000000000       -6.7034474437664249E-002
          30  -3.4500000000000002       -5.4506407500786343E-002
          31  -3.3999999999999999       -4.1061663733298448E-002
          32  -3.3499999999999996       -2.6898861789039639E-002
          33  -3.2999999999999998       -1.2250456041960234E-002
          34  -3.2500000000000000        2.6270559304020598E-003
          35  -3.2000000000000002        1.7451396832315624E-002
          36  -3.1499999999999999        3.1925832846389508E-002
          37  -3.0999999999999996        4.5740255933359876E-002
          38  -3.0499999999999998        5.8583894011683679E-002
          39  -3.0000000000000000        7.0148675291451815E-002
          40  -2.9499999999999997        8.0142798848783350E-002
          41  -2.8999999999999999        8.8295502410035143E-002
          42  -2.8500000000000001        9.4370600956240808E-002
          43  -2.7999999999999998        9.8171475549299239E-002
          44  -2.7500000000000000        9.9553401362153807E-002
          45  -2.6999999999999997        9.8427377158364762E-002
          46  -2.6499999999999999        9.4769922950908081E-002
          47  -2.5999999999999996        8.8624341808190982E-002
          48  -2.5499999999999998        8.0106727190990254E-002
          49  -2.5000000000000000        6.9403438138103957E-002
          50  -2.4499999999999997        5.6772349857299675E-002
          51  -2.3999999999999999        4.2535747014389620E-002
          52  -2.3499999999999996        2.7076375149424035E-002
          53  -2.2999999999999998        1.0825590853888080E-002
          54  -2.2500000000000000       -5.7455210944060246E-003
          55  -2.1999999999999997       -2.2142126891003037E-002
          56  -2.1499999999999999       -3.7858397173962756E-002
          57  -2.0999999999999996       -5.2396197124801487E-002
          58  -2.0499999999999998       -6.5279884753837669E-002
          59  -2.0000000000000000       -7.6075599082084625E-002
          60  -1.9499999999999997       -8.4405698406651825E-002
          61  -1.8999999999999999       -8.9966095376802571E-002
          62  -1.8499999999999996       -9.2537673276677640E-002
          63  -1.7999999999999998       -9.1999058492839417E-002
          64  -1.7500000000000000       -8.8332519433427958E-002
          65  -1.6999999999999997       -8.1629960987592190E-002
          66  -1.6499999999999999       -7.2091438156626997E-002
          67  -1.5999999999999996       -6.0023000462162128E-002
          68  -1.5499999999999998       -4.5826994212159924E-002
          69  -1.5000000000000000       -2.9991586213533684E-002
          70  -1.4499999999999997       -1.3073350059855594E-002
          71  -1.3999999999999999        4.3203171852575729E-003
          72  -1.3499999999999996        2.1554437837056763E-002
          73  -1.2999999999999998        3.7988599310338732E-002
          74  -1.2500000000000000        5.3002930629678612E-002
          75  -1.1999999999999997        6.6021246186166394E-002
          76  -1.1499999999999999        7.6535884760989423E-002
          77  -1.0999999999999996        8.4127807747735373E-002
          78  -1.0499999999999998        8.8486282301685371E-002
          79  -1.0000000000000000        8.9422101451356567E-002
          80 -0.95000000000000018        8.6878667595556472E-002
          81 -0.89999999999999947        8.0935432329022741E-002
          82 -0.84999999999999964        7.1808192844257920E-002
          83 -0.79999999999999982        5.9841388012606841E-002
          84 -0.75000000000000000        4.5497178228769329E-002
          85 -0.70000000000000018        2.9337138111116667E-002
          86 -0.64999999999999947        1.2001653085945299E-002
          87 -0.59999999999999964       -5.8165196400682545E-003
          88 -0.54999999999999982       -2.3399199698308788E-002
          89 -0.50000000000000000       -4.0033294064704433E-002
          90 -0.45000000000000018       -5.5039464728500194E-002
          91 -0.39999999999999947       -6.7801732616526056E-002
          92 -0.34999999999999964       -7.7792746103255025E-002
          93 -0.29999999999999982       -8.4597467695351342E-002
          94 -0.25000000000000000       -8.7930365406629463E-002
          95 -0.19999999999999929       -8.7649072762772617E-002
          96 -0.14999999999999947       -8.3760153551432640E-002
          97  -9.9999999999999645E-002  -7.6420323953238847E-002
          98  -4.9999999999999822E-002  -6.5929433334323884E-002
          99   0.0000000000000000       -5.2719030031510884E-002
         100   5.0000000000000711E-002  -3.7333490480823572E-002
         101  0.10000000000000053       -2.0407985603230368E-002
         102  0.15000000000000036       -2.6408412091788614E-003
         103  0.20000000000000018        1.5235118491967091E-002
         104  0.25000000000000000        3.2484302200111823E-002
         105  0.30000000000000071        4.8398465131852142E-002
         106  0.35000000000000053        6.2327128904505563E-002
         107  0.40000000000000036        7.3703759120665985E-002
         108  0.45000000000000018        8.2069751708978469E-002
         109  0.50000000000000000        8.7092055253623235E-002
         110  0.55000000000000071        8.8576827491982188E-002
         111  0.60000000000000053        8.6475497805597878E-002
         112  0.65000000000000036        8.0886118369725382E-002
         113  0.70000000000000018        7.2046992275084001E-002
         114  0.75000000000000000        6.0325976540639807E-002
         115  0.80000000000000071        4.6203026806823908E-002
         116  0.85000000000000053        3.0249819699119579E-002
         117  0.90000000000000036        1.3104460211498910E-002
         118  0.95000000000000018       -4.5546161329771840E-003
         119   1.0000000000000000       -2.2037306155257355E-002
         120   1.0500000000000007       -3.8668897100955169E-002
         121   1.1000000000000005       -5.3817281514178160E-002
         122   1.1500000000000004       -6.6916316274848300E-002
         123   1.2000000000000002       -7.7487304713616312E-002
         124   1.2500000000000000       -8.5154923408852390E-002
         125   1.3000000000000007       -8.9659947298289411E-002
         126   1.3500000000000005       -9.0865533071380997E-002
         127   1.4000000000000004       -8.8759863923888169E-002
         128   1.4500000000000002       -8.3452369665356838E-002
         129   1.5000000000000000       -7.5166760892192916E-002
         130   1.5500000000000007       -6.4228475834836124E-002
         131   1.6000000000000005       -5.1050124198462325E-002
         132   1.6500000000000004       -3.6112776636498749E-002
         133   1.7000000000000002       -1.9946889848148970E-002
         134   1.7500000000000000       -3.1107968121727204E-003
         135   1.8000000000000007        1.3829398629264529E-002
         136   1.8500000000000005        3.0320682325587656E-002
         137   1.9000000000000004        4.5840997156316787E-002
         138   1.9500000000000002        5.9916506454141025E-002
         139   2.0000000000000000        7.2134693962316476E-002
         140   2.0500000000000007        8.2156011041888508E-002
         141   2.1000000000000005        8.9720741794784037E-002
         142   2.1500000000000004        9.4654152912659537E-002
         143   2.2000000000000002        9.6866812242780903E-002
         144   2.2500000000000000        9.6353481255455301E-002
         145   2.3000000000000007        9.3187612837695680E-002
         146   2.3500000000000005        8.7515141900762941E-002
         147   2.4000000000000004        7.9544649498248673E-002
         148   2.4500000000000002        6.9537795153714027E-002
         149   2.5000000000000000        5.7797036503869116E-002
         150   2.5500000000000007        4.4654664062368468E-002
         151   2.6000000000000005        3.0460003050122697E-002
         152   2.6500000000000004        1.5568886858071946E-002
         153   2.7000000000000002        3.3199976085814377E-004
         154   2.7500000000000000       -1.4913757350802722E-002
         155   2.8000000000000007       -2.9854597206301448E-002
         156   2.8500000000000005       -4.4205663705481804E-002
         157   2.9000000000000004       -5.7717410001622033E-002
         158   2.9500000000000002       -7.0178236062064095E-002
         159   3.0000000000000000       -8.1417831884525435E-002
         160   3.0500000000000007       -9.1306769069807434E-002
         161   3.0999999999999996       -9.9757169035058060E-002
         162   3.1500000000000004      -0.10671975144150572     
         163   3.2000000000000011      -0.11218248355509268     
         164   3.2500000000000000      -0.11616579990379242     
         165   3.3000000000000007      -0.11872002734262875     
         166   3.3499999999999996      -0.11991954796778390     
         167   3.4000000000000004      -0.11985979205259165     
         168   3.4500000000000011      -0.11865104729273968     
         169   3.5000000000000000      -0.11641570447211054     
         170   3.5500000000000007      -0.11328226095649412     
         171   3.5999999999999996      -0.10938333567390962     
         172   3.6500000000000004      -0.10485021655197543     
         173   3.7000000000000011       -9.9811974886536356E-002
         174   3.7500000000000000       -9.4390702788991934E-002
         175   3.8000000000000007       -8.8701887336098614E-002
         176   3.8499999999999996       -8.2850302035657006E-002
         177   3.9000000000000004       -7.6931672600940179E-002
         178   3.9500000000000011       -7.1029040067746130E-002
         179   4.0000000000000000       -6.5215676243176993E-002
         180   4.0500000000000007       -5.9551626729907790E-002
         181   4.0999999999999996       -5.4087820699585301E-002
         182   4.1500000000000004       -4.8862419312156069E-002
         183   4.2000000000000011       -4.3906113999372241E-002
         184   4.2500000000000000       -3.9237827834294650E-002
         185   4.3000000000000007       -3.4871315891700963E-002
         186   4.3499999999999996       -3.0809657566079160E-002
         187   4.4000000000000004       -2.7053485831380963E-002
         188   4.4500000000000011       -2.3593502985769496E-002
         189   4.5000000000000000       -2.0421041522799121E-002
         190   4.5500000000000007       -1.7517400807011294E-002
         191   4.6000000000000014       -1.4868170121020334E-002
         192   4.6500000000000004       -1.2447181751190157E-002
         193   4.7000000000000011       -1.0237675999023744E-002
         194   4.7500000000000000       -8.2060284887375459E-003
         195   4.8000000000000007       -6.3375142876658033E-003
         196   4.8500000000000014       -4.5860712378084055E-003
         197   4.9000000000000004       -2.9517618938438971E-003
         198   4.9500000000000011       -1.3403103127062645E-003
