           0  -4.9500000000000002        6.0933318606428986E-006
           1  -4.9000000000000004        1.3514907570783672E-005
           2  -4.8499999999999996        2.1261922623351320E-005
           3  -4.7999999999999998        2.9902079490812586E-005
           4  -4.7500000000000000        3.9602134658522517E-005
           5  -4.7000000000000002        5.0770729625474564E-005
           6  -4.6500000000000004        6.3717423103474362E-005
           7  -4.5999999999999996        7.8888603884372203E-005
           8  -4.5499999999999998        9.6717156074723203E-005
           9  -4.5000000000000000        1.1775209199289429E-004
          10  -4.4500000000000002        1.4257668439716039E-004
          11  -4.4000000000000004        1.7189440139868701E-004
          12  -4.3499999999999996        2.0648071868404138E-004
          13  -4.2999999999999998        2.4724746810812618E-004
          14  -4.2500000000000000        2.9521447588329243E-004
          15  -4.2000000000000002        3.5156223287548363E-004
          16  -4.1500000000000004        4.1761666131954388E-004
          17  -4.0999999999999996        4.9489513682313667E-004
          18  -4.0499999999999998        5.8510059585871650E-004
          19  -4.0000000000000000        6.9016355189400027E-004
          20  -3.9500000000000002        8.1224300458339262E-004
          21  -3.8999999999999999        9.5376568562133680E-004
          22  -3.8499999999999996        1.1174317014866588E-003
          23  -3.7999999999999998        1.3062512497001228E-003
          24  -3.7500000000000000        1.5235529749990167E-003
          25  -3.7000000000000002        1.7730175740057362E-003
          26  -3.6499999999999999        2.0586866362772255E-003
          27  -3.5999999999999996        2.3849918025482188E-003
          28  -3.5499999999999998        2.7567614934990449E-003
          29  -3.5000000000000000        3.1792435702858880E-003
          30  -3.4500000000000002        3.6581068989620250E-003
          31  -3.3999999999999999        4.1994547911401959E-003
          32  -3.3499999999999996        4.8098178831012467E-003
          33  -3.2999999999999998        5.4961550496054256E-003
          34  -3.2500000000000000        6.2658336745826243E-003
          35  -3.2000000000000002        7.1266142978139817E-003
          36  -3.1499999999999999        8.0866141112605847E-003
          37  -3.0999999999999996        9.1542714013200903E-003
          38  -3.0499999999999998        1.0338288123915454E-002
          39  -3.0000000000000000        1.1647570341817064E-002
          40  -2.9499999999999997        1.3091146119122970E-002
          41  -2.8999999999999999        1.4678078723543911E-002
          42  -2.8500000000000001        1.6417356938447022E-002
          43  -2.7999999999999998        1.8317778893767098E-002
          44  -2.7500000000000000        2.0387813301943274E-002
          45  -2.6999999999999997        2.2635453461255818E-002
          46  -2.6499999999999999        2.5068049927387343E-002
          47  -2.5999999999999996        2.7692136518695697E-002
          48  -2.5499999999999998        3.0513237528743624E-002
          49  -2.5000000000000000        3.3535670411332409E-002
          50  -2.4499999999999997        3.6762333742385883E-002
          51  -2.3999999999999999        4.0194494552520707E-002
          52  -2.3499999999999996        4.3831566695877011E-002
          53  -2.2999999999999998        4.7670894321335824E-002
          54  -2.2500000000000000        5.1707533848036627E-002
          55  -2.1999999999999997        5.5934048524234718E-002
          56  -2.1499999999999999        6.0340310504270460E-002
          57  -2.0999999999999996        6.4913324459119792E-002
          58  -2.0499999999999998        6.9637068888578846E-002
          59  -2.0000000000000000        7.4492368885449842E-002
          60  -1.9499999999999997        7.9456797351088293E-002
          61  -1.8999999999999999        8.4504617824876269E-002
          62  -1.8499999999999996        8.9606766259872572E-002
          63  -1.7999999999999998        9.4730883892452225E-002
          64  -1.7500000000000000        9.9841398298637016E-002
          65  -1.6999999999999997       0.10489966327208125     
          66  -1.6499999999999999       0.10986415376819468     
          67  -1.5999999999999996       0.11469072451574683     
          68  -1.5499999999999998       0.11933292710131788     
          69  -1.5000000000000000       0.12374239161108663     
          70  -1.4499999999999997       0.12786926568660278     
          71  -1.3999999999999999       0.13166271418762587     
          72  -1.3499999999999996       0.13507147001108935     
          73  -1.2999999999999998       0.13804443616921130     
          74  -1.2500000000000000       0.14053132722671943     
          75  -1.1999999999999997       0.14248334714932775     
          76  -1.1499999999999999       0.14385388934065926     
          77  -1.0999999999999996       0.14459925319000233     
          78  -1.0499999999999998       0.14467936100872864     
          79  -1.0000000000000000       0.14405846756449614     
          80 -0.95000000000000018       0.14270584491124114     
          81 -0.89999999999999947       0.14059643350364570     
          82 -0.84999999999999964       0.13771144209048330     
          83 -0.79999999999999982       0.13403888726723179     
          84 -0.75000000000000000       0.12957405613600784     
          85 -0.70000000000000018       0.12431988408394797     
          86 -0.64999999999999947       0.11828723331085930     
          87 -0.59999999999999964       0.11149506649241642     
          88 -0.54999999999999982       0.10397050456158369     
          89 -0.50000000000000000        9.5748766481664277E-002
          90 -0.45000000000000018        8.6872984315388951E-002
          91 -0.39999999999999947        7.7393895792474438E-002
          92 -0.34999999999999964        6.7369412640811643E-002
          93 -0.29999999999999982        5.6864071666035680E-002
          94 -0.25000000000000000        4.5948372011227624E-002
          95 -0.19999999999999929        3.4698010345771836E-002
          96 -0.14999999999999947        2.3193022295125983E-002
          97  -9.9999999999999645E-002   1.1516846104326611E-002
          98  -4.9999999999999822E-002  -2.4467905456560782E-004
          99   0.0000000000000000       -1.2004360890774519E-002
         100   5.0000000000000711E-002  -2.3674732628792747E-002
         101  0.10000000000000053       -3.5169141364475263E-002
         102  0.15000000000000036       -4.6402829515120897E-002
         103  0.20000000000000018       -5.7293988029997182E-002
         104  0.25000000000000000       -6.7764765100584712E-002
         105  0.30000000000000071       -7.7742210514863797E-002
         106  0.35000000000000053       -8.7159141446659386E-002
         107  0.40000000000000036       -9.5954912895573050E-002
         108  0.45000000000000018      -0.10407608209686982     
         109  0.50000000000000000      -0.11147695448829373     
         110  0.55000000000000071      -0.11812000518633521     
         111  0.60000000000000053      -0.12397616879348762     
         112  0.65000000000000036      -0.12902499673549531     
         113  0.70000000000000018      -0.13325468051879469     
         114  0.75000000000000000      -0.13666194541623938     
         115  0.80000000000000071      -0.13925181832071745     
         116  0.85000000000000053      -0.14103727910329408     
         117  0.90000000000000036      -0.14203880383208253     
         118  0.95000000000000018      -0.14228381306746449     
         119   1.0000000000000000      -0.14180603706291217     
         120   1.0500000000000007      -0.14064481367288051     
         121   1.1000000000000005      -0.13884433286215925     
         122   1.1500000000000004      -0.13645284472974190     
         123   1.2000000000000002      -0.13352184550426519     
         124   1.2500000000000000      -0.13010525805219841     
         125   1.3000000000000007      -0.12625862049304981     
         126   1.3500000000000005      -0.12203829776154862     
         127   1.4000000000000004      -0.11750072764635404     
         128   1.4500000000000002      -0.11270171339825470     
         129   1.5000000000000000      -0.10769577150580699     
         130   1.5500000000000007      -0.10253554330781403     
         131   1.6000000000000005       -9.7271275634165322E-002
         132   1.6500000000000004       -9.1950375445654625E-002
         133   1.7000000000000002       -8.6617040183439367E-002
         134   1.7500000000000000       -8.1311965208150164E-002
         135   1.8000000000000007       -7.6072126842100435E-002
         136   1.8500000000000005       -7.0930639234468018E-002
         137   1.9000000000000004       -6.5916680930190444E-002
         138   1.9500000000000002       -6.1055486863577896E-002
         139   2.0000000000000000       -5.6368399770113500E-002
         140   2.0500000000000007       -5.1872975026391474E-002
         141   2.1000000000000005       -4.7583131844461495E-002
         142   2.1500000000000004       -4.3509343928591272E-002
         143   2.2000000000000002       -3.9658862250430034E-002
         144   2.2500000000000000       -3.6035962890035571E-002
         145   2.3000000000000007       -3.2642213022890727E-002
         146   2.3500000000000005       -2.9476748446005417E-002
         147   2.4000000000000004       -2.6536556686044509E-002
         148   2.4500000000000002       -2.3816759960190535E-002
         149   2.5000000000000000       -2.1310893353427219E-002
         150   2.5500000000000007       -1.9011173605178597E-002
         151   2.6000000000000005       -1.6908755367261805E-002
         152   2.6500000000000004       -1.4993971517449849E-002
         153   2.7000000000000002       -1.3256555907558336E-002
         154   2.7500000000000000       -1.1685846242885978E-002
         155   2.8000000000000007       -1.0270966883946605E-002
         156   2.8500000000000005       -9.0009901921632943E-003
         157   2.9000000000000004       -7.8650774353593179E-003
         158   2.9500000000000002       -6.8525985441538258E-003
         159   3.0000000000000000       -5.9532327333037807E-003
         160   3.0500000000000007       -5.1570496636814088E-003
         161   3.0999999999999996       -4.4545739277158545E-003
         162   3.1500000000000004       -3.8368326359655099E-003
         163   3.2000000000000011       -3.2953894539155776E-003
         164   3.2500000000000000       -2.8223647099833243E-003
         165   3.3000000000000007       -2.4104453345628993E-003
         166   3.3499999999999996       -2.0528838717605792E-003
         167   3.4000000000000004       -1.7434906375310604E-003
         168   3.4500000000000011       -1.4766177023167171E-003
         169   3.5000000000000000       -1.2471390520947794E-003
         170   3.5500000000000007       -1.0504248913309228E-003
         171   3.5999999999999996       -8.8231475129452663E-004
         172   3.6500000000000004       -7.3908652297739036E-004
         173   3.7000000000000011       -6.1742647817181889E-004
         174   3.7500000000000000       -5.1439642908981053E-004
         175   3.8000000000000007       -4.2740364095758044E-004
         176   3.8499999999999996       -3.5416853890026293E-004
         177   3.9000000000000004       -2.9269658900091911E-004
         178   3.9500000000000011       -2.4124810443955464E-004
         179   4.0000000000000000       -1.9831341203189814E-004
         180   4.0500000000000007       -1.6258558409153577E-004
         181   4.0999999999999996       -1.3293961698935514E-004
         182   4.1500000000000004       -1.0840833885261156E-004
         183   4.2000000000000011       -8.8165912983448534E-005
         184   4.2500000000000000       -7.1506726482542475E-005
         185   4.3000000000000007       -5.7833292075155640E-005
         186   4.3499999999999996       -4.6637570173921472E-005
         187   4.4000000000000004       -3.7493280003607135E-005
         188   4.4500000000000011       -3.0038781698948778E-005
         189   4.5000000000000000       -2.3973952476785329E-005
         190   4.5500000000000007       -1.9043336352100882E-005
         191   4.6000000000000014       -1.5038211826201000E-005
         192   4.6500000000000004       -1.1777933125963787E-005
         193   4.7000000000000011       -9.1190117133885585E-006
         194   4.7500000000000000       -6.9306121889277653E-006
         195   4.8000000000000007       -5.1159279804327947E-006
         196   4.8500000000000014       -3.5712129348888704E-006
         197   4.9000000000000004       -2.2390465710276304E-006
         198   4.9500000000000011       -1.0013497242646197E-006
