           0 -0.98999999999999999     
           1 -0.97999999999999998     
           2 -0.96999999999999997     
           3 -0.95999999999999996     
           4 -0.94999999999999996     
           5 -0.93999999999999995     
           6 -0.92999999999999994     
           7 -0.92000000000000004     
           8 -0.91000000000000003     
           9 -0.90000000000000002     
          10 -0.89000000000000001     
          11 -0.88000000000000000     
          12 -0.87000000000000000     
          13 -0.85999999999999999     
          14 -0.84999999999999998     
          15 -0.83999999999999997     
          16 -0.82999999999999996     
          17 -0.82000000000000006     
          18 -0.81000000000000005     
          19 -0.80000000000000004     
          20 -0.79000000000000004     
          21 -0.78000000000000003     
          22 -0.77000000000000002     
          23 -0.76000000000000001     
          24 -0.75000000000000000     
          25 -0.73999999999999999     
          26 -0.72999999999999998     
          27 -0.71999999999999997     
          28 -0.70999999999999996     
          29 -0.69999999999999996     
          30 -0.68999999999999995     
          31 -0.67999999999999994     
          32 -0.66999999999999993     
          33 -0.65999999999999992     
          34 -0.64999999999999991     
          35 -0.64000000000000001     
          36 -0.63000000000000000     
          37 -0.62000000000000000     
          38 -0.60999999999999999     
          39 -0.59999999999999998     
          40 -0.58999999999999997     
          41 -0.58000000000000007     
          42 -0.57000000000000006     
          43 -0.56000000000000005     
          44 -0.55000000000000004     
          45 -0.54000000000000004     
          46 -0.53000000000000003     
          47 -0.52000000000000002     
          48 -0.51000000000000001     
          49 -0.50000000000000000     
          50 -0.48999999999999999     
          51 -0.47999999999999998     
          52 -0.46999999999999997     
          53 -0.45999999999999996     
          54 -0.44999999999999996     
          55 -0.43999999999999995     
          56 -0.42999999999999994     
          57 -0.42000000000000004     
          58 -0.41000000000000003     
          59 -0.40000000000000002     
          60 -0.39000000000000001     
          61 -0.38000000000000000     
          62 -0.37000000000000000     
          63 -0.35999999999999999     
          64 -0.34999999999999998     
          65 -0.33999999999999997     
          66 -0.32999999999999996     
          67 -0.31999999999999995     
          68 -0.30999999999999994     
          69 -0.29999999999999993     
          70 -0.29000000000000004     
          71 -0.28000000000000003     
          72 -0.27000000000000002     
          73 -0.26000000000000001     
          74 -0.25000000000000000     
          75 -0.23999999999999999     
          76 -0.22999999999999998     
          77 -0.21999999999999997     
          78 -0.20999999999999996     
          79 -0.19999999999999996     
          80 -0.18999999999999995     
          81 -0.17999999999999994     
          82 -0.16999999999999993     
          83 -0.16000000000000003     
          84 -0.15000000000000002     
          85 -0.14000000000000001     
          86 -0.13000000000000000     
          87 -0.12000000000000000     
          88 -0.10999999999999999     
          89  -9.9999999999999978E-002
          90  -8.9999999999999969E-002
          91  -7.9999999999999960E-002
          92  -6.9999999999999951E-002
          93  -5.9999999999999942E-002
          94  -4.9999999999999933E-002
          95  -4.0000000000000036E-002
          96  -3.0000000000000027E-002
          97  -2.0000000000000018E-002
          98  -1.0000000000000009E-002
          99   0.0000000000000000     
         100   1.0000000000000009E-002
         101   2.0000000000000018E-002
         102   3.0000000000000027E-002
         103   4.0000000000000036E-002
         104   5.0000000000000044E-002
         105   6.0000000000000053E-002
         106   7.0000000000000062E-002
         107   8.0000000000000071E-002
         108   9.0000000000000080E-002
         109  0.10000000000000009     
         110  0.11000000000000010     
         111  0.12000000000000011     
         112  0.13000000000000012     
         113  0.14000000000000012     
         114  0.15000000000000013     
         115  0.15999999999999992     
         116  0.16999999999999993     
         117  0.17999999999999994     
         118  0.18999999999999995     
         119  0.19999999999999996     
         120  0.20999999999999996     
         121  0.21999999999999997     
         122  0.22999999999999998     
         123  0.23999999999999999     
         124  0.25000000000000000     
         125  0.26000000000000001     
         126  0.27000000000000002     
         127  0.28000000000000003     
         128  0.29000000000000004     
         129  0.30000000000000004     
         130  0.31000000000000005     
         131  0.32000000000000006     
         132  0.33000000000000007     
         133  0.34000000000000008     
         134  0.35000000000000009     
         135  0.36000000000000010     
         136  0.37000000000000011     
         137  0.38000000000000012     
         138  0.39000000000000012     
         139  0.40000000000000013     
         140  0.40999999999999992     
         141  0.41999999999999993     
         142  0.42999999999999994     
         143  0.43999999999999995     
         144  0.44999999999999996     
         145  0.45999999999999996     
         146  0.46999999999999997     
         147  0.47999999999999998     
         148  0.48999999999999999     
         149  0.50000000000000000     
         150  0.51000000000000001     
         151  0.52000000000000002     
         152  0.53000000000000003     
         153  0.54000000000000004     
         154  0.55000000000000004     
         155  0.56000000000000005     
         156  0.57000000000000006     
         157  0.58000000000000007     
         158  0.59000000000000008     
         159  0.60000000000000009     
         160  0.61000000000000010     
         161  0.62000000000000011     
         162  0.63000000000000012     
         163  0.64000000000000012     
         164  0.65000000000000013     
         165  0.66000000000000014     
         166  0.66999999999999993     
         167  0.67999999999999994     
         168  0.68999999999999995     
         169  0.69999999999999996     
         170  0.70999999999999996     
         171  0.71999999999999997     
         172  0.72999999999999998     
         173  0.73999999999999999     
         174  0.75000000000000000     
         175  0.76000000000000001     
         176  0.77000000000000002     
         177  0.78000000000000003     
         178  0.79000000000000004     
         179  0.80000000000000004     
         180  0.81000000000000005     
         181  0.82000000000000006     
         182  0.83000000000000007     
         183  0.84000000000000008     
         184  0.85000000000000009     
         185  0.86000000000000010     
         186  0.87000000000000011     
         187  0.88000000000000012     
         188  0.89000000000000012     
         189  0.90000000000000013     
         190  0.91000000000000014     
         191  0.91999999999999993     
         192  0.92999999999999994     
         193  0.93999999999999995     
         194  0.94999999999999996     
         195  0.95999999999999996     
         196  0.96999999999999997     
         197  0.97999999999999998     
         198  0.98999999999999999     
