 Eigenvalue #           0  -12393909.763254365     
           0  -3.7398885533958136E-005
           1  -8.3216593635753927E-005
           2  -1.3156891801240962E-004
           3  -1.8615140377074960E-004
           4  -2.4816601932704373E-004
           5  -3.2026105955176994E-004
           6  -4.0443474568572943E-004
           7  -5.0346763022951220E-004
           8  -6.1997860213734073E-004
           9  -7.5719038917743521E-004
          10  -9.1838744089298098E-004
          11  -1.1073945643679071E-003
          12  -1.3282197087028738E-003
          13  -1.5853767786603021E-003
          14  -1.8836238851716641E-003
          15  -2.2281864582643731E-003
          16  -2.6245456587666244E-003
          17  -3.0785888566365114E-003
          18  -3.5964220860718521E-003
          19  -4.1844622819511654E-003
          20  -4.8492578626560950E-003
          21  -5.5975316764721788E-003
          22  -6.4360004768076375E-003
          23  -7.3713758347664655E-003
          24  -8.4101785249254303E-003
          25  -9.5587050792413988E-003
          26  -1.0822837693520245E-002
          27  -1.2207985653772879E-002
          28  -1.3718895445831372E-002
          29  -1.5359578232068651E-002
          30  -1.7133128223950980E-002
          31  -1.9041649078735637E-002
          32  -2.1086090958254599E-002
          33  -2.3266189596483002E-002
          34  -2.5580333488950387E-002
          35  -2.8025529031678993E-002
          36  -3.0597308733682382E-002
          37  -3.3289734016966208E-002
          38  -3.6095353169023299E-002
          39  -3.9005250131580849E-002
          40  -4.2009057287070391E-002
          41  -4.5095054108483329E-002
          42  -4.8250235205055676E-002
          43  -5.1460457535398366E-002
          44  -5.4710559005443270E-002
          45  -5.7984547688904063E-002
          46  -6.1265761352830531E-002
          47  -6.4537087458082190E-002
          48  -6.7781149949036779E-002
          49  -7.0980545332617995E-002
          50  -7.4118040456202100E-002
          51  -7.7176808131437513E-002
          52  -8.0140618773613698E-002
          53  -8.2994059055087638E-002
          54  -8.5722701271741433E-002
          55  -8.8313290323034963E-002
          56  -9.0753877325639568E-002
          57  -9.3033963523834390E-002
          58  -9.5144588586067641E-002
          59  -9.7078424362853952E-002
          60  -9.8829812934627490E-002
          61 -0.10039480787228104     
          62 -0.10177116185479897     
          63 -0.10295831766241553     
          64 -0.10395734949951198     
          65 -0.10477090985495720     
          66 -0.10540313210820179     
          67 -0.10585954226647619     
          68 -0.10614693272622353     
          69 -0.10627324955529341     
          70 -0.10624744833129152     
          71 -0.10607936807014715     
          72 -0.10577957993922225     
          73 -0.10535925827960015     
          74 -0.10483003188879710     
          75 -0.10420386108483555     
          76 -0.10349289945172081     
          77 -0.10270938384826389     
          78 -0.10186551231220224     
          79 -0.10097335162660961     
          80 -0.10004473477700807     
          81  -9.9091188423235180E-002
          82  -9.8123851139550120E-002
          83  -9.7153421110831029E-002
          84  -9.6190094535975088E-002
          85  -9.5243532214307050E-002
          86  -9.4322816062491960E-002
          87  -9.3436432051538190E-002
          88  -9.2592241817163273E-002
          89  -9.1797478663140489E-002
          90  -9.1058730722816505E-002
          91  -9.0381946427185569E-002
          92  -8.9772425554019347E-002
          93  -8.9234830611644320E-002
          94  -8.8773182321795124E-002
          95  -8.8390873717297022E-002
          96  -8.8090667077125137E-002
          97  -8.7874708106292720E-002
          98  -8.7744521996434177E-002
          99  -8.7701025784514428E-002
         100  -8.7744521996430555E-002
         101  -8.7874708106267990E-002
         102  -8.8090667077071361E-002
         103  -8.8390873717206775E-002
         104  -8.8773182321651059E-002
         105  -8.9234830611457955E-002
         106  -8.9772425553764815E-002
         107  -9.0381946426841039E-002
         108  -9.1058730722358330E-002
         109  -9.1797478662574483E-002
         110  -9.2592241816489645E-002
         111  -9.3436432050761589E-002
         112  -9.4322816061605586E-002
         113  -9.5243532213270657E-002
         114  -9.6190094534749124E-002
         115  -9.7153421109400048E-002
         116  -9.8123851137901924E-002
         117  -9.9091188421371879E-002
         118 -0.10004473477495518     
         119 -0.10097335162437483     
         120 -0.10186551230977017     
         121 -0.10270938384564721     
         122 -0.10349289944892104     
         123 -0.10420386108183323     
         124 -0.10483003188560323     
         125 -0.10535925827621534     
         126 -0.10577957993564048     
         127 -0.10607936806638107     
         128 -0.10624744832736607     
         129 -0.10627324955123403     
         130 -0.10614693272202999     
         131 -0.10585954226214289     
         132 -0.10540313210376730     
         133 -0.10477090985046911     
         134 -0.10395734949499598     
         135 -0.10295831765788366     
         136 -0.10177116185025353     
         137 -0.10039480786775554     
         138  -9.8829812930157968E-002
         139  -9.7078424358441287E-002
         140  -9.5144588581709738E-002
         141  -9.3033963519519494E-002
         142  -9.0753877321369983E-002
         143  -8.8313290318840817E-002
         144  -8.5722701267644849E-002
         145  -8.2994059051090099E-002
         146  -8.0140618769722824E-002
         147  -7.7176808127657329E-002
         148  -7.4118040452535588E-002
         149  -7.0980545329089817E-002
         150  -6.7781149945649280E-002
         151  -6.4537087454829098E-002
         152  -6.1265761349719138E-002
         153  -5.7984547685946478E-002
         154  -5.4710559002648748E-002
         155  -5.1460457532779995E-002
         156  -4.8250235202613456E-002
         157  -4.5095054106188283E-002
         158  -4.2009057284915746E-002
         159  -3.9005250129570623E-002
         160  -3.6095353167160352E-002
         161  -3.3289734015250649E-002
         162  -3.0597308732101678E-002
         163  -2.8025529030218252E-002
         164  -2.5580333487609536E-002
         165  -2.3266189595265645E-002
         166  -2.1086090957154226E-002
         167  -1.9041649077742490E-002
         168  -1.7133128223062285E-002
         169  -1.5359578231281172E-002
         170  -1.3718895445137937E-002
         171  -1.2207985653158141E-002
         172  -1.0822837692966963E-002
         173  -9.5587050787397203E-003
         174  -8.4101785244800244E-003
         175  -7.3713758343820334E-003
         176  -6.4360004764774277E-003
         177  -5.5975316761914494E-003
         178  -4.8492578624254271E-003
         179  -4.1844622817626834E-003
         180  -3.5964220859222682E-003
         181  -3.0785888565247571E-003
         182  -2.6245456586861155E-003
         183  -2.2281864582101921E-003
         184  -1.8836238851360264E-003
         185  -1.5853767786402123E-003
         186  -1.3282197086964228E-003
         187  -1.1073945643684004E-003
         188  -9.1838744089378871E-004
         189  -7.5719038917591961E-004
         190  -6.1997860212990733E-004
         191  -5.0346763021393297E-004
         192  -4.0443474566323635E-004
         193  -3.2026105952069671E-004
         194  -2.4816601929135852E-004
         195  -1.8615140373123379E-004
         196  -1.3156891797280366E-004
         197  -8.3216593604542878E-005
         198  -3.7398885521796945E-005
 ------------------------------------------------------
 Eigenvalue #           1  -12393766.605173072     
           0  -5.9207978841099325E-005
           1  -1.3169544709546013E-004
           2  -2.0808542990118881E-004
           3  -2.9415811532347065E-004
           4  -3.9173283019890642E-004
           5  -5.0489810240841643E-004
           6  -6.3669033209875678E-004
           7  -7.9135247239570084E-004
           8  -9.7283654424067968E-004
           9  -1.1860050287183066E-003
          10  -1.4357685371273992E-003
          11  -1.7278315527858793E-003
          12  -2.0681216634847472E-003
          13  -2.4632872643731859E-003
          14  -2.9202769765373135E-003
          15  -3.4466785571267014E-003
          16  -4.0503772973230186E-003
          17  -4.7397796783851540E-003
          18  -5.5235102321444310E-003
          19  -6.4105437184374288E-003
          20  -7.4099163787126523E-003
          21  -8.5307820627591891E-003
          22  -9.7821246145343849E-003
          23  -1.1172750869158168E-002
          24  -1.2710999341168561E-002
          25  -1.4404683708959714E-002
          26  -1.6260800188413166E-002
          27  -1.8285437425451800E-002
          28  -2.0483491118098943E-002
          29  -2.2858558940037320E-002
          30  -2.5412675830634321E-002
          31  -2.8146214653880459E-002
          32  -3.1057658626125445E-002
          33  -3.4143529037112631E-002
          34  -3.7398212068696493E-002
          35  -4.0813933479591863E-002
          36  -4.4380655315182684E-002
          37  -4.8086113731368334E-002
          38  -5.1915796844051440E-002
          39  -5.5853055978398576E-002
          40  -5.9879169559810437E-002
          41  -6.3973530550380520E-002
          42  -6.8113793585400054E-002
          43  -7.2276133049206326E-002
          44  -7.6435462607170268E-002
          45  -8.0565750319219129E-002
          46  -8.4640292400968209E-002
          47  -8.8632065035487179E-002
          48  -9.2514028634200274E-002
          49  -9.6259491486772181E-002
          50  -9.9842417756897645E-002
          51 -0.10323777639665363     
          52 -0.10642182600347824     
          53 -0.10937242370393961     
          54 -0.11206926279264699     
          55 -0.11449412031796868     
          56 -0.11663102868643319     
          57 -0.11846644684846938     
          58 -0.11998935402818783     
          59 -0.12119133683904414     
          60 -0.12206660105037816     
          61 -0.12261197468878324     
          62 -0.12282684130833869     
          63 -0.12271306622677999     
          64 -0.12227486128255481     
          65 -0.12151864706618695     
          66 -0.12045286399896242     
          67 -0.11908778726913184     
          68 -0.11743530192237901     
          69 -0.11550868901341153     
          70 -0.11332238321763037     
          71 -0.11089174855916202     
          72 -0.10823283605563984     
          73 -0.10536216560068866     
          74 -0.10229649873615394     
          75  -9.9052640309266915E-002
          76  -9.5647238130695547E-002
          77  -9.2096614411026290E-002
          78  -8.8416600318336105E-002
          79  -8.4622403414785635E-002
          80  -8.0728481432648144E-002
          81  -7.6748448391734725E-002
          82  -7.2694988622798801E-002
          83  -6.8579801245441788E-002
          84  -6.4413552816199579E-002
          85  -6.0205857552760304E-002
          86  -5.5965265077713433E-002
          87  -5.1699272238578169E-002
          88  -4.7414341256089079E-002
          89  -4.3115938164507345E-002
          90  -3.8808576170058416E-002
          91  -3.4495875505387623E-002
          92  -3.0180626820271839E-002
          93  -2.5864867452654525E-002
          94  -2.1549960043034284E-002
          95  -1.7236680700760534E-002
          96  -1.2925308588620366E-002
          97  -8.6157220445631909E-003
          98  -4.3074954669228742E-003
          99   2.3556415234507900E-012
         100   4.3074954716322156E-003
         101   8.6157220492742385E-003
         102   1.2925308593342439E-002
         103   1.7236680705496932E-002
         104   2.1549960047789446E-002
         105   2.5864867457431290E-002
         106   3.0180626825052521E-002
         107   3.4495875510164455E-002
         108   3.8808576174825964E-002
         109   4.3115938169269029E-002
         110   4.7414341260852436E-002
         111   5.1699272243343600E-002
         112   5.5965265082467713E-002
         113   6.0205857557482464E-002
         114   6.4413552820866526E-002
         115   6.8579801250038180E-002
         116   7.2694988627311177E-002
         117   7.6748448396163460E-002
         118   8.0728481437002036E-002
         119   8.4622403419074968E-002
         120   8.8416600322551206E-002
         121   9.2096614415172154E-002
         122   9.5647238134766735E-002
         123   9.9052640313224805E-002
         124  0.10229649874000268     
         125  0.10536216560442091     
         126  0.10823283605923587     
         127  0.11089174856262499     
         128  0.11332238322096204     
         129  0.11550868901661128     
         130  0.11743530192542585     
         131  0.11908778727200847     
         132  0.12045286400169138     
         133  0.12151864706880701     
         134  0.12227486128508261     
         135  0.12271306622919985     
         136  0.12282684131063497     
         137  0.12261197469097998     
         138  0.12206660105249889     
         139  0.12119133684107507     
         140  0.11998935403012558     
         141  0.11846644685028786     
         142  0.11663102868812000     
         143  0.11449412031953779     
         144  0.11206926279410791     
         145  0.10937242370528236     
         146  0.10642182600470280     
         147  0.10323777639775804     
         148   9.9842417757871088E-002
         149   9.6259491487643317E-002
         150   9.2514028634979706E-002
         151   8.8632065036178292E-002
         152   8.4640292401583078E-002
         153   8.0565750319784885E-002
         154   7.6435462607711224E-002
         155   7.2276133049728103E-002
         156   6.8113793585902555E-002
         157   6.3973530550824650E-002
         158   5.9879169560189210E-002
         159   5.5853055978718640E-002
         160   5.1915796844327816E-002
         161   4.8086113731610175E-002
         162   4.4380655315389442E-002
         163   4.0813933479754538E-002
         164   3.7398212068823516E-002
         165   3.4143529037222634E-002
         166   3.1057658626218464E-002
         167   2.8146214653956177E-002
         168   2.5412675830697670E-002
         169   2.2858558940095641E-002
         170   2.0483491118155176E-002
         171   1.8285437425502912E-002
         172   1.6260800188450303E-002
         173   1.4404683708982772E-002
         174   1.2710999341187771E-002
         175   1.1172750869184280E-002
         176   9.7821246145616079E-003
         177   8.5307820627835342E-003
         178   7.4099163787382941E-003
         179   6.4105437184614217E-003
         180   5.5235102321677231E-003
         181   4.7397796784105668E-003
         182   4.0503772973508947E-003
         183   3.4466785571620208E-003
         184   2.9202769765800732E-003
         185   2.4632872644183676E-003
         186   2.0681216635322071E-003
         187   1.7278315528295174E-003
         188   1.4357685371570179E-003
         189   1.1860050287345136E-003
         190   9.7283654424388741E-004
         191   7.9135247238528274E-004
         192   6.3669033207686793E-004
         193   5.0489810237673441E-004
         194   3.9173283015912015E-004
         195   2.9415811528043378E-004
         196   2.0808542985879745E-004
         197   1.3169544706654186E-004
         198   5.9207978828612684E-005
 ------------------------------------------------------
 Eigenvalue #           2  -12393223.587124439     
           0   1.2188764983942776E-004
           1   2.7073816745601311E-004
           2   4.2675952469124279E-004
           3   6.0131593662651826E-004
           4   7.9750199072786850E-004
           5   1.0229505512461294E-003
           6   1.2829432509882421E-003
           7   1.5850316342148132E-003
           8   1.9358997861560949E-003
           9   2.3438005101922878E-003
          10   2.8167198687379155E-003
          11   3.3638680603480780E-003
          12   3.9944388218873294E-003
          13   4.7185847732643142E-003
          14   5.5464833360186466E-003
          15   6.4889845005058448E-003
          16   7.5568416305975064E-003
          17   8.7611275414280435E-003
          18   1.0112553856552015E-002
          19   1.1621712477886428E-002
          20   1.3298442749524159E-002
          21   1.5151939575934926E-002
          22   1.7190150877330980E-002
          23   1.9419788887276471E-002
          24   2.1845757589640604E-002
          25   2.4471104303208448E-002
          26   2.7296490042303584E-002
          27   3.0320120839680439E-002
          28   3.3537283502064488E-002
          29   3.6940297703688264E-002
          30   4.0518144902892565E-002
          31   4.4256481184529003E-002
          32   4.8137387543933208E-002
          33   5.2139478555554654E-002
          34   5.6237797515807333E-002
          35   6.0404046821237338E-002
          36   6.4606641893705741E-002
          37   6.8811076058791790E-002
          38   7.2980133776069753E-002
          39   7.7074387027393124E-002
          40   8.1052552837103928E-002
          41   8.4872101562065885E-002
          42   8.8489728170380616E-002
          43   9.1862037570532670E-002
          44   9.4946085916797138E-002
          45   9.7700096391889715E-002
          46  0.10008401796832825     
          47  0.10206021861324509     
          48  0.10359400589424934     
          49  0.10465424441104407     
          50  0.10521378596931787     
          51  0.10524996423924055     
          52  0.10474489154246201     
          53  0.10368579543089171     
          54  0.10206515317116002     
          55   9.9880850483038949E-002
          56   9.7136141639984519E-002
          57   9.3839627874788792E-002
          58   9.0005048408036012E-002
          59   8.5651092757217620E-002
          60   8.0801043778487611E-002
          61   7.5482452281435700E-002
          62   6.9726665529830145E-002
          63   6.3568402663030349E-002
          64   5.7045209886367368E-002
          65   5.0196980421193256E-002
          66   4.3065380384932531E-002
          67   3.5693357260584938E-002
          68   2.8124578488807978E-002
          69   2.0402968335354092E-002
          70   1.2572195328670314E-002
          71   4.6752699576810197E-003
          72  -3.2458915085646755E-003
          73  -1.1150785542880711E-002
          74  -1.9000663586694579E-002
          75  -2.6758754030843150E-002
          76  -3.4390502976032869E-002
          77  -4.1863696631154627E-002
          78  -4.9148602201067711E-002
          79  -5.6217996017284402E-002
          80  -6.3047213571019431E-002
          81  -6.9614095127725970E-002
          82  -7.5898959281607364E-002
          83  -8.1884482103920103E-002
          84  -8.7555611820192100E-002
          85  -9.2899399770174806E-002
          86  -9.7904875083241028E-002
          87 -0.10256284616129502     
          88 -0.10686575389821083     
          89 -0.11080746143302964     
          90 -0.11438310295039256     
          91 -0.11758887752286318     
          92 -0.12042190826797448     
          93 -0.12288005361208988     
          94 -0.12496178893429276     
          95 -0.12666604586546856     
          96 -0.12799212580735514     
          97 -0.12893957516016549     
          98 -0.12950813743002501     
          99 -0.12969766968265983     
         100 -0.12950813743012610     
         101 -0.12893957516035373     
         102 -0.12799212580761737     
         103 -0.12666604586578847     
         104 -0.12496178893464478     
         105 -0.12288005361248218     
         106 -0.12042190826837194     
         107 -0.11758887752325792     
         108 -0.11438310295077027     
         109 -0.11080746143339851     
         110 -0.10686575389856835     
         111 -0.10256284616164164     
         112  -9.7904875083568738E-002
         113  -9.2899399770455304E-002
         114  -8.7555611820389984E-002
         115  -8.1884482104018566E-002
         116  -7.5898959281597941E-002
         117  -6.9614095127602374E-002
         118  -6.3047213570799107E-002
         119  -5.6217996016978765E-002
         120  -4.9148602200677939E-002
         121  -4.1863696630687362E-002
         122  -3.4390502975484329E-002
         123  -2.6758754030207627E-002
         124  -1.9000663585967813E-002
         125  -1.1150785542060448E-002
         126  -3.2458915076611847E-003
         127   4.6752699586690523E-003
         128   1.2572195329743584E-002
         129   2.0402968336505584E-002
         130   2.8124578490030631E-002
         131   3.5693357261878104E-002
         132   4.3065380386311324E-002
         133   5.0196980422674189E-002
         134   5.7045209887956409E-002
         135   6.3568402664706550E-002
         136   6.9726665531570503E-002
         137   7.5482452283256105E-002
         138   8.0801043780400039E-002
         139   8.5651092759212552E-002
         140   9.0005048410115598E-002
         141   9.3839627876929455E-002
         142   9.7136141642164706E-002
         143   9.9880850485265515E-002
         144  0.10206515317342690     
         145  0.10368579543317034     
         146  0.10474489154473407     
         147  0.10524996424149367     
         148  0.10521378597153488     
         149  0.10465424441323269     
         150  0.10359400589640369     
         151  0.10206021861536133     
         152  0.10008401797041407     
         153   9.7700096393974437E-002
         154   9.4946085918885814E-002
         155   9.1862037572610883E-002
         156   8.8489728172448961E-002
         157   8.4872101564075916E-002
         158   8.1052552839033648E-002
         159   7.7074387029236094E-002
         160   7.2980133777831982E-002
         161   6.8811076060471696E-002
         162   6.4606641895290043E-002
         163   6.0404046822724169E-002
         164   5.6237797517206325E-002
         165   5.2139478556869442E-002
         166   4.8137387545161385E-002
         167   4.4256481185655359E-002
         168   4.0518144903914213E-002
         169   3.6940297704625792E-002
         170   3.3537283502917875E-002
         171   3.0320120840446576E-002
         172   2.7296490042993317E-002
         173   2.4471104303834586E-002
         174   2.1845757590213316E-002
         175   1.9419788887798075E-002
         176   1.7190150877800649E-002
         177   1.5151939576352889E-002
         178   1.3298442749897096E-002
         179   1.1621712478224184E-002
         180   1.0112553856852433E-002
         181   8.7611275416899694E-003
         182   7.5568416308269167E-003
         183   6.4889845007073130E-003
         184   5.5464833361921458E-003
         185   4.7185847734091367E-003
         186   3.9944388220068934E-003
         187   3.3638680604471585E-003
         188   2.8167198688098275E-003
         189   2.3438005102329905E-003
         190   1.9358997861754872E-003
         191   1.5850316342194380E-003
         192   1.2829432509869404E-003
         193   1.0229505512450174E-003
         194   7.9750199073047373E-004
         195   6.0131593662875898E-004
         196   4.2675952469345819E-004
         197   2.7073816745737909E-004
         198   1.2188764983923042E-004
 ------------------------------------------------------
 Eigenvalue #           3  -12392694.146455107     
           0   2.5053163020121767E-004
           1   5.5572799208037824E-004
           2   8.7394341865567216E-004
           3   1.2274718091362055E-003
           4   1.6214115257407538E-003
           5   2.0699334926992845E-003
           6   2.5820585469219070E-003
           7   3.1710813151100050E-003
           8   3.8480615100819657E-003
           9   4.6267473060569442E-003
          10   5.5197407422334374E-003
          11   6.5414732458635343E-003
          12   7.7055950192373495E-003
          13   9.0268931222122761E-003
          14   1.0519319797003499E-002
          15   1.2197249669429873E-002
          16   1.4073867193140457E-002
          17   1.6161973212930308E-002
          18   1.8472588674682943E-002
          19   2.1015442980112597E-002
          20   2.3797725563383113E-002
          21   2.6824356200771681E-002
          22   3.0096863032434539E-002
          23   3.3613523211369199E-002
          24   3.7368377939750286E-002
          25   4.1351328214247127E-002
          26   4.5547318482191769E-002
          27   4.9936469473184079E-002
          28   5.4493472857557221E-002
          29   5.9187836529229279E-002
          30   6.3983532875186017E-002
          31   6.8839418570193989E-002
          32   7.3709168747690526E-002
          33   7.8541912391251884E-002
          34   8.3282464885583066E-002
          35   8.7872192297465637E-002
          36   9.2249527906459350E-002
          37   9.6351046627659448E-002
          38  0.10011222089436549     
          39  0.10346865407255966     
          40  0.10635700207612531     
          41  0.10871628639362593     
          42  0.11048888480113514     
          43  0.11162182492770187     
          44  0.11206773446831182     
          45  0.11178600840111491     
          46  0.11074360884699840     
          47  0.10891600476884292     
          48  0.10628772477502706     
          49  0.10285298696604343     
          50   9.8615933122770130E-002
          51   9.3590895866335899E-002
          52   8.7802276498831086E-002
          53   8.1284432731342407E-002
          54   7.4081200342603473E-002
          55   6.6245422411464083E-002
          56   5.7838151811176047E-002
          57   4.8927877102910328E-002
          58   3.9589473934714188E-002
          59   2.9903209216895769E-002
          60   1.9953531099094098E-002
          61   9.8279488626187191E-003
          62  -3.8423873648555610E-004
          63  -1.0593086418838524E-002
          64  -2.0709237519418867E-002
          65  -3.0644995563507239E-002
          66  -4.0315436744258977E-002
          67  -4.9639332299362293E-002
          68  -5.8540071968698405E-002
          69  -6.6946381896589371E-002
          70  -7.4793016962584044E-002
          71  -8.2021244217027944E-002
          72  -8.8579287294645606E-002
          73  -9.4422570141352316E-002
          74  -9.9513920078218618E-002
          75 -0.10382358811117420     
          76 -0.10732923633199583     
          77 -0.11001576758757715     
          78 -0.11187513641591196     
          79 -0.11290603138699418     
          80 -0.11311355622354585     
          81 -0.11250881267578726     
          82 -0.11110850019974805     
          83 -0.10893444644094728     
          84 -0.10601317074088790     
          85 -0.10237540427565231     
          86  -9.8055655960733207E-002
          87  -9.3091756323493619E-002
          88  -8.7524455405055726E-002
          89  -8.1397014847033558E-002
          90  -7.4754857391988450E-002
          91  -6.7645221590919902E-002
          92  -6.0116872528098358E-002
          93  -5.2219823931333578E-002
          94  -4.4005110584132777E-002
          95  -3.5524574106909214E-002
          96  -2.6830689711610119E-002
          97  -1.7976404944045687E-002
          98  -9.0150072979598896E-003
          99  -9.5747352104116890E-013
         100   9.0150072960506183E-003
         101   1.7976404942153759E-002
         102   2.6830689709741031E-002
         103   3.5524574105062649E-002
         104   4.4005110582313801E-002
         105   5.2219823929555396E-002
         106   6.0116872526346864E-002
         107   6.7645221589204163E-002
         108   7.4754857390316426E-002
         109   8.1397014845419391E-002
         110   8.7524455403512502E-002
         111   9.3091756322031691E-002
         112   9.8055655959347454E-002
         113  0.10237540427432909     
         114  0.10601317073961307     
         115  0.10893444643971811     
         116  0.11110850019856386     
         117  0.11250881267466178     
         118  0.11311355622250695     
         119  0.11290603138606181     
         120  0.11187513641508975     
         121  0.11001576758688021     
         122  0.10732923633142755     
         123  0.10382358811070791     
         124   9.9513920077860862E-002
         125   9.4422570141099574E-002
         126   8.8579287294496323E-002
         127   8.2021244216985034E-002
         128   7.4793016962641290E-002
         129   6.6946381896748480E-002
         130   5.8540071968960168E-002
         131   4.9639332299717259E-002
         132   4.0315436744701089E-002
         133   3.0644995564037096E-002
         134   2.0709237520028640E-002
         135   1.0593086419518439E-002
         136   3.8423873722330933E-004
         137  -9.8279488618394830E-003
         138  -1.9953531098279124E-002
         139  -2.9903209216050480E-002
         140  -3.9589473933854313E-002
         141  -4.8927877102036166E-002
         142  -5.7838151810292081E-002
         143  -6.6245422410589949E-002
         144  -7.4081200341751710E-002
         145  -8.1284432730510364E-002
         146  -8.7802276498028881E-002
         147  -9.3590895865571067E-002
         148  -9.8615933122047278E-002
         149 -0.10285298696538438     
         150 -0.10628772477444051     
         151 -0.10891600476833220     
         152 -0.11074360884657315     
         153 -0.11178600840080520     
         154 -0.11206773446811437     
         155 -0.11162182492760975     
         156 -0.11048888480116217     
         157 -0.10871628639372337     
         158 -0.10635700207627065     
         159 -0.10346865407273842     
         160 -0.10011222089457084     
         161  -9.6351046627885295E-002
         162  -9.2249527906694037E-002
         163  -8.7872192297705404E-002
         164  -8.3282464885846869E-002
         165  -7.8541912391551685E-002
         166  -7.3709168748027298E-002
         167  -6.8839418570542724E-002
         168  -6.3983532875532642E-002
         169  -5.9187836529587499E-002
         170  -5.4493472857906941E-002
         171  -4.9936469473514718E-002
         172  -4.5547318482509931E-002
         173  -4.1351328214556490E-002
         174  -3.7368377940053113E-002
         175  -3.3613523211669709E-002
         176  -3.0096863032733970E-002
         177  -2.6824356201069210E-002
         178  -2.3797725563675896E-002
         179  -2.1015442980407164E-002
         180  -1.8472588674976361E-002
         181  -1.6161973213214206E-002
         182  -1.4073867193419406E-002
         183  -1.2197249669702322E-002
         184  -1.0519319797263381E-002
         185  -9.0268931224578453E-003
         186  -7.7055950194703498E-003
         187  -6.5414732460843516E-003
         188  -5.5197407424380680E-003
         189  -4.6267473062405135E-003
         190  -3.8480615102420273E-003
         191  -3.1710813152488328E-003
         192  -2.5820585470403032E-003
         193  -2.0699334928034573E-003
         194  -1.6214115258273538E-003
         195  -1.2274718092011357E-003
         196  -8.7394341869748886E-004
         197  -5.5572799209865854E-004
         198  -2.5053163020527047E-004
 ------------------------------------------------------
 Eigenvalue #           4  -12392056.166424930     
           0  -4.8553421030648027E-004
           1  -1.0752566761607490E-003
           2  -1.6861988363371418E-003
           3  -2.3591387809312136E-003
           4  -3.1010781503204876E-003
           5  -3.9361058004382405E-003
           6  -4.8776491439084906E-003
           7  -5.9466653353729736E-003
           8  -7.1588599417533212E-003
           9  -8.5341510340742905E-003
          10  -1.0089083381523098E-002
          11  -1.1842527625555089E-002
          12  -1.3810490252257369E-002
          13  -1.6009792785304032E-002
          14  -1.8454162953412567E-002
          15  -2.1156686619974458E-002
          16  -2.4126662558198488E-002
          17  -2.7371261735622977E-002
          18  -3.0892895522225319E-002
          19  -3.4690365602627296E-002
          20  -3.8756637199904631E-002
          21  -4.3079694992452573E-002
          22  -4.7640696021682978E-002
          23  -5.2414713214007501E-002
          24  -5.7369290959476092E-002
          25  -6.2465234381439826E-002
          26  -6.7655612607928572E-002
          27  -7.2886725883562292E-002
          28  -7.8097600494194674E-002
          29  -8.3221230443461969E-002
          30  -8.8184586224608855E-002
          31  -9.2910181027206912E-002
          32  -9.7316576841091518E-002
          33 -0.10132026903081706     
          34 -0.10483662359800301     
          35 -0.10778201389287917     
          36 -0.11007507034960029     
          37 -0.11163894689119917     
          38 -0.11240271835257720     
          39 -0.11230361044214510     
          40 -0.11128834935700690     
          41 -0.10931516576096291     
          42 -0.10635489280681674     
          43 -0.10239255667268157     
          44  -9.7428036975854379E-002
          45  -9.1477085342897696E-002
          46  -8.4571405395715102E-002
          47  -7.6758993621521943E-002
          48  -6.8103559752072065E-002
          49  -5.8684153837280276E-002
          50  -4.8593923381594191E-002
          51  -3.7939067136327567E-002
          52  -2.6837002183460697E-002
          53  -1.5414757538663773E-002
          54  -3.8066916791640844E-003
          55   7.8475026270397614E-003
          56   1.9405341180790247E-002
          57   3.0723724514102234E-002
          58   4.1661527866974635E-002
          59   5.2081740160391916E-002
          60   6.1853890221667131E-002
          61   7.0855945843966567E-002
          62   7.8976392188440339E-002
          63   8.6115725622117487E-002
          64   9.2188045954067585E-002
          65   9.7122032414071163E-002
          66  0.10086196841736013     
          67  0.10336814681293843     
          68  0.10461730586759602     
          69  0.10460246959305354     
          70  0.10333282888230634     
          71  0.10083307335907056     
          72   9.7142796081879076E-002
          73   9.2315411057385471E-002
          74   8.6417189963563498E-002
          75   7.9525881794422312E-002
          76   7.1729504433776820E-002
          77   6.3124789804074335E-002
          78   5.3815852840395174E-002
          79   4.3912578906709597E-002
          80   3.3529280432130749E-002
          81   2.2783126468585910E-002
          82   1.1792876589257109E-002
          83   6.7742915641141356E-004
          84  -1.0445303019957474E-002
          85  -2.1459674993996970E-002
          86  -3.2253253640666162E-002
          87  -4.2717904869823534E-002
          88  -5.2750542207023604E-002
          89  -6.2254014844657334E-002
          90  -7.1137665103329320E-002
          91  -7.9318029758584568E-002
          92  -8.6719224264979383E-002
          93  -9.3273480386574584E-002
          94  -9.8921382662650353E-002
          95 -0.10361226999902172     
          96 -0.10730435170074649     
          97 -0.10996499989868294     
          98 -0.11157076934074851     
          99 -0.11210760230256915     
         100 -0.11157076934085665     
         101 -0.10996499989889483     
         102 -0.10730435170105852     
         103 -0.10361226999942456     
         104  -9.8921382663128929E-002
         105  -9.3273480387133373E-002
         106  -8.6719224265593656E-002
         107  -7.9318029759249911E-002
         108  -7.1137665104048148E-002
         109  -6.2254014845426517E-002
         110  -5.2750542207833727E-002
         111  -4.2717904870667484E-002
         112  -3.2253253641530727E-002
         113  -2.1459674994861684E-002
         114  -1.0445303020803987E-002
         115   6.7742915558287146E-004
         116   1.1792876588442254E-002
         117   2.2783126467789298E-002
         118   3.3529280431357431E-002
         119   4.3912578905960745E-002
         120   5.3815852839676548E-002
         121   6.3124789803404829E-002
         122   7.1729504433159064E-002
         123   7.9525881793829759E-002
         124   8.6417189963006583E-002
         125   9.2315411056863556E-002
         126   9.7142796081397809E-002
         127  0.10083307335864714     
         128  0.10333282888194574     
         129  0.10460246959275475     
         130  0.10461730586735396     
         131  0.10336814681275350     
         132  0.10086196841725451     
         133   9.7122032414078421E-002
         134   9.2188045954201214E-002
         135   8.6115725622366454E-002
         136   7.8976392188789948E-002
         137   7.0855945844430654E-002
         138   6.1853890222253460E-002
         139   5.2081740161086826E-002
         140   4.1661527867768736E-002
         141   3.0723724514976451E-002
         142   1.9405341181727442E-002
         143   7.8475026280282398E-003
         144  -3.8066916781334297E-003
         145  -1.5414757537607951E-002
         146  -2.6837002182402012E-002
         147  -3.7939067135281425E-002
         148  -4.8593923380569712E-002
         149  -5.8684153836307811E-002
         150  -6.8103559751173201E-002
         151  -7.6758993620702515E-002
         152  -8.4571405394981786E-002
         153  -9.1477085342277331E-002
         154  -9.7428036975353377E-002
         155 -0.10239255667230585     
         156 -0.10635489280658592     
         157 -0.10931516576083214     
         158 -0.11128834935695364     
         159 -0.11230361044214879     
         160 -0.11240271835262772     
         161 -0.11163894689129170     
         162 -0.11007507034973299     
         163 -0.10778201389305664     
         164 -0.10483662359824453     
         165 -0.10132026903113588     
         166  -9.7316576841487284E-002
         167  -9.2910181027651514E-002
         168  -8.8184586225086375E-002
         169  -8.3221230443982164E-002
         170  -7.8097600494729774E-002
         171  -7.2886725884101694E-002
         172  -6.7655612608474636E-002
         173  -6.2465234381984376E-002
         174  -5.7369290960009166E-002
         175  -5.2414713214525996E-002
         176  -4.7640696022189129E-002
         177  -4.3079694992945880E-002
         178  -3.8756637200383234E-002
         179  -3.4690365603091924E-002
         180  -3.0892895522673883E-002
         181  -2.7371261736053570E-002
         182  -2.4126662558614828E-002
         183  -2.1156686620371099E-002
         184  -1.8454162953785207E-002
         185  -1.6009792785650838E-002
         186  -1.3810490252578399E-002
         187  -1.1842527625855939E-002
         188  -1.0089083381797797E-002
         189  -8.5341510343192473E-003
         190  -7.1588599419683948E-003
         191  -5.9466653355507298E-003
         192  -4.8776491440486788E-003
         193  -3.9361058005414531E-003
         194  -3.1010781503929235E-003
         195  -2.3591387809801514E-003
         196  -1.6861988363666674E-003
         197  -1.0752566761741949E-003
         198  -4.8553421030962158E-004
 ------------------------------------------------------
 Eigenvalue #           5  -12391358.363754395     
           0  -8.9385854140781255E-004
           1  -1.9759796015714850E-003
           2  -3.0891352886994595E-003
           3  -4.3035706262041862E-003
           4  -5.6266032601029652E-003
           5  -7.0961020968130922E-003
           6  -8.7292077279140998E-003
           7  -1.0555628308768892E-002
           8  -1.2593977219619485E-002
           9  -1.4869020765421358E-002
          10  -1.7397640905563394E-002
          11  -2.0199203914569520E-002
          12  -2.3286017615077866E-002
          13  -2.6670071241650949E-002
          14  -3.0355970281586205E-002
          15  -3.4345547622795937E-002
          16  -3.8632360883113434E-002
          17  -4.3205012463410623E-002
          18  -4.8042780380741654E-002
          19  -5.3118194483499102E-002
          20  -5.8393616797988275E-002
          21  -6.3823474812765207E-002
          22  -6.9351734557400041E-002
          23  -7.4914099383315905E-002
          24  -8.0436374260227594E-002
          25  -8.5836858866437396E-002
          26  -9.1025604513550393E-002
          27  -9.5907144844444403E-002
          28 -0.10038060922947205     
          29 -0.10434283727276238     
          30 -0.10768924610188320     
          31 -0.11031726982351436     
          32 -0.11212779702551143     
          33 -0.11302877367152758     
          34 -0.11293694807393481     
          35 -0.11178138978710432     
          36 -0.10950521979006510     
          37 -0.10606874366134592     
          38 -0.10145082015707811     
          39  -9.5651296332093502E-002
          40  -8.8691688409095651E-002
          41  -8.0616645485992830E-002
          42  -7.1493685273335217E-002
          43  -6.1413499447685926E-002
          44  -5.0488597481144398E-002
          45  -3.8852389943935091E-002
          46  -2.6656732142380145E-002
          47  -1.4069864077792106E-002
          48  -1.2729920297541340E-003
          49   1.1542696261639642E-002
          50   2.4180141700763581E-002
          51   3.6439989363293804E-002
          52   4.8125022107926074E-002
          53   5.9043919521258578E-002
          54   6.9015598055509428E-002
          55   7.7872725967407158E-002
          56   8.5465559653050929E-002
          57   9.1664822080327557E-002
          58   9.6364684488082275E-002
          59   9.9484698935284735E-002
          60  0.10097167611572017     
          61  0.10080047998865296     
          62   9.8974679584921205E-002
          63   9.5526147016004426E-002
          64   9.0514494718529570E-002
          65   8.4025548390677496E-002
          66   7.6169702864075248E-002
          67   6.7079451971799223E-002
          68   5.6906891561047383E-002
          69   4.5820566988011645E-002
          70   3.4002411639370428E-002
          71   2.1644213724996079E-002
          72   8.9443001991776419E-003
          73  -3.8960721016754723E-003
          74  -1.6675991221555619E-002
          75  -2.9198298550506686E-002
          76  -4.1272568633952726E-002
          77  -5.2718093851442598E-002
          78  -6.3366376490968865E-002
          79  -7.3063532285848484E-002
          80  -8.1672171006162878E-002
          81  -8.9073130804939823E-002
          82  -9.5166691339168871E-002
          83  -9.9873614930322041E-002
          84 -0.10313569534117978     
          85 -0.10491613447336072     
          86 -0.10519947568230863     
          87 -0.10399138278823096     
          88 -0.10131803723253940     
          89  -9.7225408853230749E-002
          90  -9.1778211700963064E-002
          91  -8.5058764749496044E-002
          92  -7.7165604060331114E-002
          93  -6.8212029287572459E-002
          94  -5.8324463519269294E-002
          95  -4.7640771828359546E-002
          96  -3.6308448435917434E-002
          97  -2.4482780583657295E-002
          98  -1.2324929473860838E-002
          99  -7.3993561928650808E-013
         100   1.2324929472391537E-002
         101   2.4482780582215140E-002
         102   3.6308448434516256E-002
         103   4.7640771827010778E-002
         104   5.8324463517989075E-002
         105   6.8212029286383591E-002
         106   7.7165604059224291E-002
         107   8.5058764748480634E-002
         108   9.1778211700045020E-002
         109   9.7225408852429959E-002
         110  0.10131803723186833     
         111  0.10399138278769415     
         112  0.10519947568190249     
         113  0.10491613447306890     
         114  0.10313569534097369     
         115   9.9873614930193103E-002
         116   9.5166691339118356E-002
         117   8.9073130804975961E-002
         118   8.1672171006299185E-002
         119   7.3063532286088598E-002
         120   6.3366376491306386E-002
         121   5.2718093851880685E-002
         122   4.1272568634485786E-002
         123   2.9198298551112223E-002
         124   1.6675991222210435E-002
         125   3.8960721023628721E-003
         126  -8.9443001984725930E-003
         127  -2.1644213724286512E-002
         128  -3.4002411638672757E-002
         129  -4.5820566987335672E-002
         130  -5.6906891560399415E-002
         131  -6.7079451971186824E-002
         132  -7.6169702863526562E-002
         133  -8.4025548390235225E-002
         134  -9.0514494718222607E-002
         135  -9.5526147015834034E-002
         136  -9.8974679584877878E-002
         137 -0.10080047998875982     
         138 -0.10097167611598942     
         139  -9.9484698935701499E-002
         140  -9.6364684488648614E-002
         141  -9.1664822081021974E-002
         142  -8.5465559653853593E-002
         143  -7.7872725968318651E-002
         144  -6.9015598056523936E-002
         145  -5.9043919522349803E-002
         146  -4.8125022109068598E-002
         147  -3.6439989364469377E-002
         148  -2.4180141701960832E-002
         149  -1.1542696262845053E-002
         150   1.2729920285675070E-003
         151   1.4069864076640501E-002
         152   2.6656732141277849E-002
         153   3.8852389942901119E-002
         154   5.0488597480192680E-002
         155   6.1413499446833067E-002
         156   7.1493685272599389E-002
         157   8.0616645485354785E-002
         158   8.8691688408549310E-002
         159   9.5651296331627306E-002
         160  0.10145082015668627     
         161  0.10606874366102621     
         162  0.10950521978982786     
         163  0.11178138978696171     
         164  0.11293694807390321     
         165  0.11302877367161267     
         166  0.11212779702569592     
         167  0.11031726982376316     
         168  0.10768924610218261     
         169  0.10434283727313186     
         170  0.10038060922988405     
         171   9.5907144844884981E-002
         172   9.1025604514020128E-002
         173   8.5836858866923285E-002
         174   8.0436374260717827E-002
         175   7.4914099383807081E-002
         176   6.9351734557892605E-002
         177   6.3823474813261338E-002
         178   5.8393616798486932E-002
         179   5.3118194484004524E-002
         180   4.8042780381246063E-002
         181   4.3205012463909176E-002
         182   3.8632360883595493E-002
         183   3.4345547623244509E-002
         184   3.0355970281999621E-002
         185   2.6670071242030073E-002
         186   2.3286017615428346E-002
         187   2.0199203914900141E-002
         188   1.7397640905867914E-002
         189   1.4869020765693484E-002
         190   1.2593977219855917E-002
         191   1.0555628308962541E-002
         192   8.7292077280594089E-003
         193   7.0961020969123869E-003
         194   5.6266032601696488E-003
         195   4.3035706262465022E-003
         196   3.0891352887255676E-003
         197   1.9759796015874709E-003
         198   8.9385854141361206E-004
 ------------------------------------------------------
 Eigenvalue #           6  -12390607.608530190     
           0  -1.5508541738559114E-003
           1  -3.4217635185322471E-003
           2  -5.3315675277796860E-003
           3  -7.3933719447059438E-003
           4  -9.6098123334548043E-003
           5  -1.2035240522951131E-002
           6  -1.4686295531659878E-002
           7  -1.7599645810157286E-002
           8  -2.0790633516607718E-002
           9  -2.4283253061777164E-002
          10  -2.8085648839685399E-002
          11  -3.2208301368354522E-002
          12  -3.6647513484806341E-002
          13  -4.1397501277556953E-002
          14  -4.6438414106380915E-002
          15  -5.1744981289828178E-002
          16  -5.7277512108571765E-002
          17  -6.2988577136865259E-002
          18  -6.8816249787288619E-002
          19  -7.4689759732543187E-002
          20  -8.0524618994796862E-002
          21  -8.6227880256256134E-002
          22  -9.1694956433743313E-002
          23  -9.6814898221070728E-002
          24 -0.10146875403175118     
          25 -0.10553508722341282     
          26 -0.10888967837460904     
          27 -0.11141131287184575     
          28 -0.11298253302208361     
          29 -0.11349554381709048     
          30 -0.11285361046375693     
          31 -0.11097677081102793     
          32 -0.10780337718485644     
          33 -0.10329519125638670     
          34  -9.7438518139522715E-002
          35  -9.0248215708407312E-002
          36  -8.1767887294872624E-002
          37  -7.2072377374433047E-002
          38  -6.1266588364911799E-002
          39  -4.9486160058359867E-002
          40  -3.6894651908713161E-002
          41  -2.3682300919996905E-002
          42  -1.0061543203910594E-002
          43   3.7360141346392045E-003
          44   1.7465503019566876E-002
          45   3.0873227404279589E-002
          46   4.3703538262571506E-002
          47   5.5704082151060881E-002
          48   6.6632995354848484E-002
          49   7.6264245148993381E-002
          50   8.4394408055565084E-002
          51   9.0847347123700573E-002
          52   9.5479856643982397E-002
          53   9.8184992470360472E-002
          54   9.8895987794660287E-002
          55   9.7587723880608712E-002
          56   9.4278528973022011E-002
          57   8.9029516640657433E-002
          58   8.1944139120405587E-002
          59   7.3165391869466037E-002
          60   6.2873263004817770E-002
          61   5.1280064371976276E-002
          62   3.8626160085690031E-002
          63   2.5173899279334791E-002
          64   1.1202186377835361E-002
          65  -3.0003682512065137E-003
          66  -1.7141376112616374E-002
          67  -3.0931631714187384E-002
          68  -4.4090868685881961E-002
          69  -5.6354193964629658E-002
          70  -6.7477072908576075E-002
          71  -7.7240701376541168E-002
          72  -8.5455752566214779E-002
          73  -9.1966305154687164E-002
          74  -9.6652053502156540E-002
          75  -9.9430587142315799E-002
          76 -0.10025794573741474     
          77  -9.9129221042322246E-002
          78  -9.6077505382415093E-002
          79  -9.1172941195342513E-002
          80  -8.4520249457392407E-002
          81  -7.6256470199148746E-002
          82  -6.6547355114321305E-002
          83  -5.5584118637450226E-002
          84  -4.3579034067140865E-002
          85  -3.0761549261384309E-002
          86  -1.7373441225506051E-002
          87  -3.6646488353045885E-003
          88   1.0111675533180634E-002
          89   2.3703292768239948E-002
          90   3.6863628474149597E-002
          91   4.9355581940848152E-002
          92   6.0955831919727435E-002
          93   7.1458104572740155E-002
          94   8.0676839734724129E-002
          95   8.8449748963662894E-002
          96   9.4640700842214612E-002
          97   9.9141449904081622E-002
          98  0.10187364578833280     
          99  0.10278965656358832     
         100  0.10187364578851843     
         101   9.9141449904450202E-002
         102   9.4640700842755152E-002
         103   8.8449748964363056E-002
         104   8.0676839735554812E-002
         105   7.1458104573692033E-002
         106   6.0955831920760484E-002
         107   4.9355581941947765E-002
         108   3.6863628475300010E-002
         109   2.3703292769419269E-002
         110   1.0111675534360754E-002
         111  -3.6646488341429808E-003
         112  -1.7373441224389694E-002
         113  -3.0761549260337216E-002
         114  -4.3579034066170932E-002
         115  -5.5584118636565767E-002
         116  -6.6547355113529813E-002
         117  -7.6256470198466972E-002
         118  -8.4520249456841640E-002
         119  -9.1172941194950299E-002
         120  -9.6077505382190204E-002
         121  -9.9129221042301569E-002
         122 -0.10025794573760687     
         123  -9.9430587142685531E-002
         124  -9.6652053502684673E-002
         125  -9.1966305155348024E-002
         126  -8.5455752566991949E-002
         127  -7.7240701377426113E-002
         128  -6.7477072909546632E-002
         129  -5.6354193965670686E-002
         130  -4.4090868686973789E-002
         131  -3.0931631715304626E-002
         132  -1.7141376113743678E-002
         133  -3.0003682523259416E-003
         134   1.1202186376745396E-002
         135   2.5173899278296313E-002
         136   3.8626160084719731E-002
         137   5.1280064371098902E-002
         138   6.2873263004059224E-002
         139   7.3165391868836555E-002
         140   8.1944139119925014E-002
         141   8.9029516640327572E-002
         142   9.4278528972837533E-002
         143   9.7587723880583066E-002
         144   9.8895987794801368E-002
         145   9.8184992470660204E-002
         146   9.5479856644429942E-002
         147   9.0847347124268951E-002
         148   8.4394408056231010E-002
         149   7.6264245149773910E-002
         150   6.6632995355736802E-002
         151   5.5704082152039737E-002
         152   4.3703538263633365E-002
         153   3.0873227405415187E-002
         154   1.7465503020759759E-002
         155   3.7360141358786830E-003
         156  -1.0061543202646047E-002
         157  -2.3682300918731140E-002
         158  -3.6894651907468511E-002
         159  -4.9486160057155386E-002
         160  -6.1266588363759734E-002
         161  -7.2072377373349358E-002
         162  -8.1767887293879751E-002
         163  -9.0248215707530596E-002
         164  -9.7438518138789065E-002
         165 -0.10329519125580397     
         166 -0.10780337718442015     
         167 -0.11097677081070764     
         168 -0.11285361046354325     
         169 -0.11349554381700848     
         170 -0.11298253302210842     
         171 -0.11141131287195370     
         172 -0.10888967837479128     
         173 -0.10553508722364777     
         174 -0.10146875403201991     
         175  -9.6814898221364215E-002
         176  -9.1694956434068831E-002
         177  -8.6227880256619233E-002
         178  -8.0524618995193462E-002
         179  -7.4689759732980809E-002
         180  -6.8816249787759631E-002
         181  -6.2988577137355520E-002
         182  -5.7277512109060846E-002
         183  -5.1744981290290544E-002
         184  -4.6438414106814298E-002
         185  -4.1397501277969026E-002
         186  -3.6647513485203245E-002
         187  -3.2208301368739783E-002
         188  -2.8085648840054718E-002
         189  -2.4283253062123124E-002
         190  -2.0790633516921279E-002
         191  -1.7599645810432087E-002
         192  -1.4686295531890390E-002
         193  -1.2035240523139468E-002
         194  -9.6098123335995253E-003
         195  -7.3933719448089187E-003
         196  -5.3315675278499154E-003
         197  -3.4217635185771521E-003
         198  -1.5508541738753110E-003
 ------------------------------------------------------
 Eigenvalue #           7  -12389810.550373195     
           0  -2.5265359121348419E-003
           1  -5.5630535803565971E-003
           2  -8.6372386570222944E-003
           3  -1.1918443586651114E-002
           4  -1.5394359157665020E-002
           5  -1.9135065632526062E-002
           6  -2.3147066900645767E-002
           7  -2.7467195415688976E-002
           8  -3.2095291042048196E-002
           9  -3.7043061449969016E-002
          10  -4.2294532980703257E-002
          11  -4.7835974511597372E-002
          12  -5.3629713703305305E-002
          13  -5.9634464829422008E-002
          14  -6.5786907825119659E-002
          15  -7.2016757196370157E-002
          16  -7.8233555406769031E-002
          17  -8.4338849631795110E-002
          18  -9.0216912575497618E-002
          19  -9.5745433737090491E-002
          20 -0.10078942086603856     
          21 -0.10521123151662348     
          22 -0.10886709766855560     
          23 -0.11161689286406473     
          24 -0.11332272273820294     
          25 -0.11385846264368348     
          26 -0.11310976209562651     
          27 -0.11098308379840045     
          28 -0.10740635217189290     
          29 -0.10233699569313648     
          30  -9.5762390408089884E-002
          31  -8.7706284068288343E-002
          32  -7.8228194809472087E-002
          33  -6.7427604628540000E-002
          34  -5.5441602731963427E-002
          35  -4.2446388185370935E-002
          36  -2.8652702884485393E-002
          37  -1.4304464997083705E-002
          38   3.2810481196009439E-004
          39   1.4952526686604597E-002
          40   2.9262926293818863E-002
          41   4.2946165160916504E-002
          42   5.5691983005080457E-002
          43   6.7200275783765959E-002
          44   7.7191492598470926E-002
          45   8.5413891020064706E-002
          46   9.1653006121453356E-002
          47   9.5737652391529246E-002
          48   9.7547311092376271E-002
          49   9.7015780700429613E-002
          50   9.4135549236512933E-002
          51   8.8958306619033187E-002
          52   8.1595748776613561E-002
          53   7.2216607581310710E-002
          54   6.1043811387632568E-002
          55   4.8348188857960397E-002
          56   3.4442406428250270E-002
          57   1.9671978883697455E-002
          58   4.4068366340363173E-003
          59  -1.0969347969755820E-002
          60  -2.6068809554610058E-002
          61  -4.0510819007902175E-002
          62  -5.3931266931776724E-002
          63  -6.5992983294431817E-002
          64  -7.6394030120169182E-002
          65  -8.4876087382086227E-002
          66  -9.1230449673980432E-002
          67  -9.5303639307488600E-002
          68  -9.7000440723831904E-002
          69  -9.6286277633060260E-002
          70  -9.3187018154106044E-002
          71  -8.7788058078299674E-002
          72  -8.0231028000930488E-002
          73  -7.0709901039988129E-002
          74  -5.9465077312526482E-002
          75  -4.6777135415640519E-002
          76  -3.2959021590303679E-002
          77  -1.8348261243217357E-002
          78  -3.2981208725456554E-003
          79   1.1830820834248211E-002
          80   2.6679641521225067E-002
          81   4.0899268107537960E-002
          82   5.4158748000853685E-002
          83   6.6152439377482844E-002
          84   7.6606900011602100E-002
          85   8.5286477490415180E-002
          86   9.1998318578206048E-002
          87   9.6595962436340013E-002
          88   9.8982179266861828E-002
          89   9.9110375668431686E-002
          90   9.6985172004016726E-002
          91   9.2661620862890856E-002
          92   8.6243611796800013E-002
          93   7.7881068653157123E-002
          94   6.7766418670609438E-002
          95   5.6130066105022955E-002
          96   4.3235276991944002E-002
          97   2.9372324307897039E-002
          98   1.4852221268427656E-002
          99   4.9995345862384466E-013
         100  -1.4852221267443273E-002
         101  -2.9372324306948566E-002
         102  -4.3235276991042411E-002
         103  -5.6130066104179512E-002
         104  -6.7766418669836515E-002
         105  -7.7881068652472601E-002
         106  -8.6243611796192235E-002
         107  -9.2661620862373284E-002
         108  -9.6985172003596506E-002
         109  -9.9110375668126943E-002
         110  -9.8982179266677836E-002
         111  -9.6595962436289887E-002
         112  -9.1998318578290425E-002
         113  -8.5286477490603127E-002
         114  -7.6606900011855050E-002
         115  -6.6152439377790653E-002
         116  -5.4158748001214674E-002
         117  -4.0899268107943469E-002
         118  -2.6679641521670263E-002
         119  -1.1830820834717615E-002
         120   3.2981208720705294E-003
         121   1.8348261242751969E-002
         122   3.2959021589864267E-002
         123   4.6777135415230896E-002
         124   5.9465077312152184E-002
         125   7.0709901039658657E-002
         126   8.0231028000654070E-002
         127   8.7788058078098044E-002
         128   9.3187018153993648E-002
         129   9.6286277633044356E-002
         130   9.7000440723907233E-002
         131   9.5303639307648860E-002
         132   9.1230449674248107E-002
         133   8.4876087382482854E-002
         134   7.6394030120698689E-002
         135   6.5992983295082852E-002
         136   5.3931266932529191E-002
         137   4.0510819008751600E-002
         138   2.6068809555548831E-002
         139   1.0969347970759710E-002
         140  -4.4068366329904794E-003
         141  -1.9671978882633397E-002
         142  -3.4442406427186815E-002
         143  -4.8348188856916004E-002
         144  -6.1043811386638530E-002
         145  -7.2216607580386644E-002
         146  -8.1595748775773386E-002
         147  -8.8958306618283300E-002
         148  -9.4135549235863633E-002
         149  -9.7015780699926557E-002
         150  -9.7547311092040553E-002
         151  -9.5737652391365433E-002
         152  -9.1653006121471300E-002
         153  -8.5413891020277175E-002
         154  -7.7191492598885178E-002
         155  -6.7200275784386088E-002
         156  -5.5691983005903722E-002
         157  -4.2946165161894215E-002
         158  -2.9262926294911507E-002
         159  -1.4952526687784047E-002
         160  -3.2810481320402676E-004
         161   1.4304464995804636E-002
         162   2.8652702883198464E-002
         163   4.2446388184095053E-002
         164   5.5441602730721830E-002
         165   6.7427604627352214E-002
         166   7.8228194808348334E-002
         167   8.7706284067227358E-002
         168   9.5762390407107212E-002
         169  0.10233699569227257     
         170  0.10740635217113803     
         171  0.11098308379773669     
         172  0.11310976209504416     
         173  0.11385846264316409     
         174  0.11332272273773557     
         175  0.11161689286365119     
         176  0.10886709766821201     
         177  0.10521123151636251     
         178  0.10078942086586438     
         179   9.5745433737010471E-002
         180   9.0216912575503710E-002
         181   8.4338849631867691E-002
         182   7.8233555406890032E-002
         183   7.2016757196506589E-002
         184   6.5786907825260782E-002
         185   5.9634464829577391E-002
         186   5.3629713703479187E-002
         187   4.7835974511797129E-002
         188   4.2294532980923581E-002
         189   3.7043061450205035E-002
         190   3.2095291042284507E-002
         191   2.7467195415907419E-002
         192   2.3147066900839224E-002
         193   1.9135065632688103E-002
         194   1.5394359157791112E-002
         195   1.1918443586741507E-002
         196   8.6372386570842744E-003
         197   5.5630535803965252E-003
         198   2.5265359121530635E-003
 ------------------------------------------------------
 Eigenvalue #           8  -12388968.568062769     
           0  -3.8547776195966706E-003
           1  -8.4693175853290358E-003
           2  -1.3100051859696491E-002
           3  -1.7982044018224889E-002
           4  -2.3070834628321185E-002
           5  -2.8445802365825220E-002
           6  -3.4086801682971096E-002
           7  -4.0017994173926472E-002
           8  -4.6205052235231150E-002
           9  -5.2630609171581799E-002
          10  -5.9234354065772474E-002
          11  -6.5960028287146047E-002
          12  -7.2716417942524453E-002
          13  -7.9410158539594169E-002
          14  -8.5919015479024530E-002
          15  -9.2117029353141353E-002
          16  -9.7856042692190476E-002
          17 -0.10298659853711645     
          18 -0.10734548472170617     
          19 -0.11077421739780118     
          20 -0.11311109318155341     
          21 -0.11420811072438353     
          22 -0.11392624264588452     
          23 -0.11215095387643588     
          24 -0.10878940739479431     
          25 -0.10378423352918785     
          26  -9.7111333607280012E-002
          27  -8.8791235548715541E-002
          28  -7.8886175330005429E-002
          29  -6.7508266762093122E-002
          30  -5.4814701909553433E-002
          31  -4.1012086714801221E-002
          32  -2.6348945296233699E-002
          33  -1.1115918596795451E-002
          34   4.3647282165540438E-003
          35   1.9742830403599705E-002
          36   3.4653490645903444E-002
          37   4.8723917439476544E-002
          38   6.1588312955290714E-002
          39   7.2896459755312976E-002
          40   8.2328858073825256E-002
          41   8.9605303834234984E-002
          42   9.4498512606975879E-002
          43   9.6840806099176738E-002
          44   9.6534473798927128E-002
          45   9.3554878921098664E-002
          46   8.7956149485222831E-002
          47   7.9869518538197876E-002
          48   6.9503560310913690E-002
          49   5.7137318770514867E-002
          50   4.3115107914749103E-002
          51   2.7834831159149961E-002
          52   1.1738204408074731E-002
          53  -4.7045255370559329E-003
          54  -2.1007354173107073E-002
          55  -3.6685576789066289E-002
          56  -5.1269503493223484E-002
          57  -6.4321149256987051E-002
          58  -7.5446694793758165E-002
          59  -8.4310698205314671E-002
          60  -9.0645315427490131E-002
          61  -9.4260291602360963E-002
          62  -9.5047470238154907E-002
          63  -9.2985454124635311E-002
          64  -8.8138655744669392E-002
          65  -8.0656295799000730E-002
          66  -7.0766050909863085E-002
          67  -5.8767849495772836E-002
          68  -4.5022924695650716E-002
          69  -2.9943548097785849E-002
          70  -1.3978884616715518E-002
          71   2.3977198835432060E-003
          72   1.8704333158015590E-002
          73   3.4463760180917825E-002
          74   4.9218751874664735E-002
          75   6.2544148419381135E-002
          76   7.4060029557721660E-002
          77   8.3441156959010110E-002
          78   9.0426754943119123E-002
          79   9.4826166523838878E-002
          80   9.6524441744765169E-002
          81   9.5483644961976907E-002
          82   9.1743965078913803E-002
          83   8.5420645911631746E-002
          84   7.6700846790601837E-002
          85   6.5836648775161766E-002
          86   5.3138329282394620E-002
          87   3.8964278171349759E-002
          88   2.3711670251969071E-002
          89   7.8043811811031446E-003
          90  -8.3177688502468292E-003
          91  -2.4211885480389658E-002
          92  -3.9442951840371311E-002
          93  -5.3596270878980931E-002
          94  -6.6287434195493780E-002
          95  -7.7173227315056034E-002
          96  -8.5959587450440481E-002
          97  -9.2410051165990659E-002
          98  -9.6350894259468689E-002
          99  -9.7676449853938072E-002
         100  -9.6350894259585221E-002
         101  -9.2410051166220211E-002
         102  -8.5959587450774630E-002
         103  -7.7173227315480306E-002
         104  -6.6287434195979489E-002
         105  -5.3596270879515275E-002
         106  -3.9442951840914085E-002
         107  -2.4211885480928553E-002
         108  -8.3177688507718815E-003
         109   7.8043811806092662E-003
         110   2.3711670251518019E-002
         111   3.8964278170954131E-002
         112   5.3138329282072759E-002
         113   6.5836648774910869E-002
         114   7.6700846790404745E-002
         115   8.5420645911481560E-002
         116   9.1743965078815118E-002
         117   9.5483644961935246E-002
         118   9.6524441744800057E-002
         119   9.4826166523965860E-002
         120   9.0426754943329066E-002
         121   8.3441156959311133E-002
         122   7.4060029558113624E-002
         123   6.2544148419830650E-002
         124   4.9218751875150735E-002
         125   3.4463760181415795E-002
         126   1.8704333158515923E-002
         127   2.3977198840385706E-003
         128  -1.3978884616242674E-002
         129  -2.9943548097349126E-002
         130  -4.5022924695253499E-002
         131  -5.8767849495421853E-002
         132  -7.0766050909577397E-002
         133  -8.0656295798808939E-002
         134  -8.8138655744586167E-002
         135  -9.2985454124653880E-002
         136  -9.5047470238267581E-002
         137  -9.4260291602580704E-002
         138  -9.0645315427833634E-002
         139  -8.4310698205768378E-002
         140  -7.5446694794312180E-002
         141  -6.4321149257615284E-002
         142  -5.1269503493904856E-002
         143  -3.6685576789789676E-002
         144  -2.1007354173855904E-002
         145  -4.7045255378083675E-003
         146   1.1738204407337168E-002
         147   2.7834831158447326E-002
         148   4.3115107914094959E-002
         149   5.7137318769935774E-002
         150   6.9503560310432894E-002
         151   7.9869518537828782E-002
         152   8.7956149484971560E-002
         153   9.3554878920983395E-002
         154   9.6534473798957965E-002
         155   9.6840806099360147E-002
         156   9.4498512607323462E-002
         157   8.9605303834698072E-002
         158   8.2328858074367323E-002
         159   7.2896459755910858E-002
         160   6.1588312955931174E-002
         161   4.8723917440144961E-002
         162   3.4653490646575698E-002
         163   1.9742830404264562E-002
         164   4.3647282172063987E-003
         165  -1.1115918596166256E-002
         166  -2.6348945295629641E-002
         167  -4.1012086714229595E-002
         168  -5.4814701909032308E-002
         169  -6.7508266761650934E-002
         170  -7.8886175329630243E-002
         171  -8.8791235548391551E-002
         172  -9.7111333606997169E-002
         173 -0.10378423352893312     
         174 -0.10878940739456150     
         175 -0.11215095387622827     
         176 -0.11392624264571584     
         177 -0.11420811072426265     
         178 -0.11311109318148628     
         179 -0.11077421739780995     
         180 -0.10734548472179256     
         181 -0.10298659853726021     
         182  -9.7856042692374273E-002
         183  -9.2117029353328092E-002
         184  -8.5919015479203137E-002
         185  -7.9410158539766448E-002
         186  -7.2716417942694525E-002
         187  -6.5960028287331829E-002
         188  -5.9234354065973202E-002
         189  -5.2630609171800652E-002
         190  -4.6205052235451502E-002
         191  -4.0017994174128269E-002
         192  -3.4086801683142237E-002
         193  -2.8445802365955616E-002
         194  -2.3070834628413688E-002
         195  -1.7982044018286823E-002
         196  -1.3100051859737524E-002
         197  -8.4693175853565311E-003
         198  -3.8547776196102761E-003
 ------------------------------------------------------
 Eigenvalue #           9  -12388078.471574323     
           0   5.5088572314440365E-003
           1   1.2075714679983402E-002
           2   1.8603776033663880E-002
           3   2.5394476457087131E-002
           4   3.2347564581863338E-002
           5   3.9537951089442656E-002
           6   4.6896640849261921E-002
           7   5.4416833119694932E-002
           8   6.2008052604789692E-002
           9   6.9605025692675057E-002
          10   7.7083843342783315E-002
          11   8.4330707848136621E-002
          12   9.1188551747496127E-002
          13   9.7505905025906767E-002
          14  0.10310141487185416     
          15  0.10780187349713297     
          16  0.11141846816617633     
          17  0.11377839606810124     
          18  0.11470913582266050     
          19  0.11406570679167685     
          20  0.11172021498791963     
          21  0.10758539625839544     
          22  0.10160704948664791     
          23   9.3783619831463522E-002
          24   8.4159318181061274E-002
          25   7.2839034726449842E-002
          26   5.9980197913139639E-002
          27   4.5802238778520174E-002
          28   3.0575699018004679E-002
          29   1.4625775302040511E-002
          30  -1.6821142657461664E-003
          31  -1.7944550104444765E-002
          32  -3.3737982705422616E-002
          33  -4.8625739535762776E-002
          34  -6.2178269638839434E-002
          35  -7.3983120926788493E-002
          36  -8.3665644370519210E-002
          37  -9.0899471169356441E-002
          38  -9.5425217774225621E-002
          39  -9.7058708544423000E-002
          40  -9.5705132542541510E-002
          41  -9.1362463520978904E-002
          42  -8.4128952990338263E-002
          43  -7.4199914837930814E-002
          44  -6.1867355471292206E-002
          45  -4.7509419028020763E-002
          46  -3.1582202274892300E-002
          47  -1.4602500746971028E-002
          48   2.8668023836717002E-003
          49   2.0238747747737710E-002
          50   3.6920781337837265E-002
          51   5.2338587456216619E-002
          52   6.5955137212272280E-002
          53   7.7292926731380066E-002
          54   8.5950121175885616E-002
          55   9.1617920960933616E-002
          56   9.4090785004880176E-002
          57   9.3276384282009406E-002
          58   8.9197882231173781E-002
          59   8.1995127472006546E-002
          60   7.1918312197252032E-002
          61   5.9320475724410307E-002
          62   4.4643299907609880E-002
          63   2.8402377851567670E-002
          64   1.1167177611230419E-002
          65  -6.4583690589617871E-003
          66  -2.3858813527607770E-002
          67  -4.0428086268288144E-002
          68  -5.5592057692652609E-002
          69  -6.8827625606738108E-002
          70  -7.9681763053728802E-002
          71  -8.7785927937216221E-002
          72  -9.2869117863829842E-002
          73  -9.4765570212340527E-002
          74  -9.3420326582048852E-002
          75  -8.8889276226765374E-002
          76  -8.1336868837581219E-002
          77  -7.1028697674528310E-002
          78  -5.8322103363988402E-002
          79  -4.3652520189866192E-002
          80  -2.7518627620826408E-002
          81  -1.0464458997848028E-002
          82   6.9386270540390416E-003
          83   2.4111631939312018E-002
          84   4.0486587588682968E-002
          85   5.5525501395847776E-002
          86   6.8737209206871250E-002
          87   7.9693279809631701E-002
          88   8.8040965665559759E-002
          89   9.3514260710151356E-002
          90   9.5941456562635641E-002
          91   9.5250214214328596E-002
          92   9.1468952582482874E-002
          93   8.4725542072869642E-002
          94   7.5242507478509774E-002
          95   6.3329692935448587E-002
          96   4.9373971905262597E-002
          97   3.3826895666418041E-002
          98   1.7190204631367570E-002
          99   4.7490971658709080E-013
         100  -1.7190204630438449E-002
         101  -3.3826895665538620E-002
         102  -4.9373971904453529E-002
         103  -6.3329692934725915E-002
         104  -7.5242507477888854E-002
         105  -8.4725542072372595E-002
         106  -9.1468952582100999E-002
         107  -9.5250214214067763E-002
         108  -9.5941456562483748E-002
         109  -9.3514260710117481E-002
         110  -8.8040965665646800E-002
         111  -7.9693279809841963E-002
         112  -6.8737209207194769E-002
         113  -5.5525501396254374E-002
         114  -4.0486587589138257E-002
         115  -2.4111631939795878E-002
         116  -6.9386270545333103E-003
         117   1.0464458997356796E-002
         118   2.7518627620358720E-002
         119   4.3652520189450157E-002
         120   5.8322103363649049E-002
         121   7.1028697674292526E-002
         122   8.1336868837475679E-002
         123   8.8889276226776323E-002
         124   9.3420326582170615E-002
         125   9.4765570212560962E-002
         126   9.2869117864138831E-002
         127   8.7785927937616706E-002
         128   7.9681763054210791E-002
         129   6.8827625607288667E-002
         130   5.5592057693252039E-002
         131   4.0428086268910333E-002
         132   2.3858813528243719E-002
         133   6.4583690595983118E-003
         134  -1.1167177610614532E-002
         135  -2.8402377850993681E-002
         136  -4.4643299907095299E-002
         137  -5.9320475723979180E-002
         138  -7.1918312196927542E-002
         139  -8.1995127471799351E-002
         140  -8.9197882231098383E-002
         141  -9.3276384282054398E-002
         142  -9.4090785005030708E-002
         143  -9.1617920961193200E-002
         144  -8.5950121176250782E-002
         145  -7.7292926731832468E-002
         146  -6.5955137212791948E-002
         147  -5.2338587456769330E-002
         148  -3.6920781338399204E-002
         149  -2.0238747748304888E-002
         150  -2.8668023842179399E-003
         151   1.4602500746464927E-002
         152   3.1582202274433646E-002
         153   4.7509419027619203E-002
         154   6.1867355470965703E-002
         155   7.4199914837700415E-002
         156   8.4128952990225866E-002
         157   9.1362463520958115E-002
         158   9.5705132542596327E-002
         159   9.7058708544538380E-002
         160   9.5425217774397386E-002
         161   9.0899471169581705E-002
         162   8.3665644370788952E-002
         163   7.3983120927084978E-002
         164   6.2178269639164625E-002
         165   4.8625739536120816E-002
         166   3.3737982705811097E-002
         167   1.7944550104848203E-002
         168   1.6821142661538526E-003
         169  -1.4625775301632145E-002
         170  -3.0575699017593647E-002
         171  -4.5802238778101141E-002
         172  -5.9980197912711516E-002
         173  -7.2839034726006086E-002
         174  -8.4159318180604376E-002
         175  -9.3783619831002918E-002
         176 -0.10160704948619939     
         177 -0.10758539625797740     
         178 -0.11172021498755201     
         179 -0.11406570679138878     
         180 -0.11470913582246089     
         181 -0.11377839606798118     
         182 -0.11141846816610948     
         183 -0.10780187349707460     
         184 -0.10310141487179299     
         185  -9.7505905025837891E-002
         186  -9.1188551747433719E-002
         187  -8.4330707848112627E-002
         188  -7.7083843342797026E-002
         189  -6.9605025692720618E-002
         190  -6.2008052604853633E-002
         191  -5.4416833119762968E-002
         192  -4.6896640849319937E-002
         193  -3.9537951089475484E-002
         194  -3.2347564581863247E-002
         195  -2.5394476457064875E-002
         196  -1.8603776033638823E-002
         197  -1.2075714679968499E-002
         198  -5.5088572314383136E-003
 ------------------------------------------------------
