           0  -4.9500000000000002       -12385694.746978546     
           1  -4.9000000000000004       -12386015.194537275     
           2  -4.8499999999999996       -12386329.468458844     
           3  -4.7999999999999998       -12386637.521518473     
           4  -4.7500000000000000       -12386939.309615776     
           5  -4.7000000000000002       -12387234.791865626     
           6  -4.6500000000000004       -12387523.930687550     
           7  -4.5999999999999996       -12387806.691895284     
           8  -4.5499999999999998       -12388083.044782706     
           9  -4.5000000000000000       -12388352.962209294     
          10  -4.4500000000000002       -12388616.420679785     
          11  -4.4000000000000004       -12388873.400426039     
          12  -4.3499999999999996       -12389123.885481229     
          13  -4.2999999999999998       -12389367.863754466     
          14  -4.2500000000000000       -12389605.327101018     
          15  -4.2000000000000002       -12389836.271387691     
          16  -4.1500000000000004       -12390060.696556393     
          17  -4.0999999999999996       -12390278.606683711     
          18  -4.0499999999999998       -12390490.010033740     
          19  -4.0000000000000000       -12390694.919109164     
          20  -3.9500000000000002       -12390893.350698177     
          21  -3.8999999999999999       -12391085.325910846     
          22  -3.8499999999999996       -12391270.870218886     
          23  -3.7999999999999998       -12391450.013483878     
          24  -3.7500000000000000       -12391622.789981658     
          25  -3.7000000000000002       -12391789.238419797     
          26  -3.6499999999999999       -12391949.401953060     
          27  -3.5999999999999996       -12392103.328185640     
          28  -3.5499999999999998       -12392251.069174051     
          29  -3.5000000000000000       -12392392.681418881     
          30  -3.4500000000000002       -12392528.225851400     
          31  -3.3999999999999999       -12392657.767811863     
          32  -3.3499999999999996       -12392781.377022967     
          33  -3.2999999999999998       -12392899.127553230     
          34  -3.2500000000000000       -12393011.097774131     
          35  -3.2000000000000002       -12393117.370310308     
          36  -3.1499999999999999       -12393218.031981125     
          37  -3.0999999999999996       -12393313.173734568     
          38  -3.0499999999999998       -12393402.890573364     
          39  -3.0000000000000000       -12393487.281473262     
          40  -2.9499999999999997       -12393566.449293042     
          41  -2.8999999999999999       -12393640.500676908     
          42  -2.8500000000000001       -12393709.545949237     
          43  -2.7999999999999998       -12393773.699000388     
          44  -2.7500000000000000       -12393833.077166049     
          45  -2.6999999999999997       -12393887.801096590     
          46  -2.6499999999999999       -12393937.994622149     
          47  -2.5999999999999996       -12393983.784606969     
          48  -2.5499999999999998       -12394025.300798055     
          49  -2.5000000000000000       -12394062.675665373     
          50  -2.4499999999999997       -12394096.044237511     
          51  -2.3999999999999999       -12394125.543926535     
          52  -2.3499999999999996       -12394151.314350793     
          53  -2.2999999999999998       -12394173.497147469     
          54  -2.2500000000000000       -12394192.235782396     
          55  -2.1999999999999997       -12394207.675351672     
          56  -2.1499999999999999       -12394219.962377986     
          57  -2.0999999999999996       -12394229.244605361     
          58  -2.0499999999999998       -12394235.670783082     
          59  -2.0000000000000000       -12394239.390450772     
          60  -1.9499999999999997       -12394240.553717498     
          61  -1.8999999999999999       -12394239.311036838     
          62  -1.8499999999999996       -12394235.812979298     
          63  -1.7999999999999998       -12394230.210002460     
          64  -1.7500000000000000       -12394222.652218062     
          65  -1.6999999999999997       -12394213.289158173     
          66  -1.6499999999999999       -12394202.269538932     
          67  -1.5999999999999996       -12394189.741024563     
          68  -1.5499999999999998       -12394175.849991204     
          69  -1.5000000000000000       -12394160.741289394     
          70  -1.4499999999999997       -12394144.558009189     
          71  -1.3999999999999999       -12394127.441243358     
          72  -1.3499999999999996       -12394109.529856130     
          73  -1.2999999999999998       -12394090.960251171     
          74  -1.2500000000000000       -12394071.866143599     
          75  -1.1999999999999997       -12394052.378334660     
          76  -1.1499999999999999       -12394032.624489374     
          77  -1.0999999999999996       -12394012.728920385     
          78  -1.0499999999999998       -12393992.812373403     
          79  -1.0000000000000000       -12393972.991820637     
          80 -0.95000000000000018       -12393953.380258299     
          81 -0.89999999999999947       -12393934.086510109     
          82 -0.84999999999999964       -12393915.215038138     
          83 -0.79999999999999982       -12393896.865759324     
          84 -0.75000000000000000       -12393879.133870520     
          85 -0.70000000000000018       -12393862.109680494     
          86 -0.64999999999999947       -12393845.878450522     
          87 -0.59999999999999964       -12393830.520242985     
          88 -0.54999999999999982       -12393816.109779263     
          89 -0.50000000000000000       -12393802.716306610     
          90 -0.45000000000000018       -12393790.403474931     
          91 -0.39999999999999947       -12393779.229221879     
          92 -0.34999999999999964       -12393769.245669264     
          93 -0.29999999999999982       -12393760.499032402     
          94 -0.25000000000000000       -12393753.029531987     
          95 -0.19999999999999929       -12393746.871324513     
          96 -0.14999999999999947       -12393742.052442148     
          97  -9.9999999999999645E-002  -12393738.594739083     
          98  -4.9999999999999822E-002  -12393736.513854049     
          99   0.0000000000000000       -12393735.819182063     
         100   5.0000000000000711E-002  -12393736.513854066     
         101  0.10000000000000053       -12393738.594739093     
         102  0.15000000000000036       -12393742.052442152     
         103  0.20000000000000018       -12393746.871324558     
         104  0.25000000000000000       -12393753.029531956     
         105  0.30000000000000071       -12393760.499032473     
         106  0.35000000000000053       -12393769.245669246     
         107  0.40000000000000036       -12393779.229221908     
         108  0.45000000000000018       -12393790.403474914     
         109  0.50000000000000000       -12393802.716306591     
         110  0.55000000000000071       -12393816.109779224     
         111  0.60000000000000053       -12393830.520243006     
         112  0.65000000000000036       -12393845.878450558     
         113  0.70000000000000018       -12393862.109680526     
         114  0.75000000000000000       -12393879.133870525     
         115  0.80000000000000071       -12393896.865759322     
         116  0.85000000000000053       -12393915.215038124     
         117  0.90000000000000036       -12393934.086510073     
         118  0.95000000000000018       -12393953.380258264     
         119   1.0000000000000000       -12393972.991820637     
         120   1.0500000000000007       -12393992.812373355     
         121   1.1000000000000005       -12394012.728920363     
         122   1.1500000000000004       -12394032.624489436     
         123   1.2000000000000002       -12394052.378334656     
         124   1.2500000000000000       -12394071.866143636     
         125   1.3000000000000007       -12394090.960251175     
         126   1.3500000000000005       -12394109.529856099     
         127   1.4000000000000004       -12394127.441243349     
         128   1.4500000000000002       -12394144.558009181     
         129   1.5000000000000000       -12394160.741289409     
         130   1.5500000000000007       -12394175.849991228     
         131   1.6000000000000005       -12394189.741024524     
         132   1.6500000000000004       -12394202.269538887     
         133   1.7000000000000002       -12394213.289158149     
         134   1.7500000000000000       -12394222.652218059     
         135   1.8000000000000007       -12394230.210002484     
         136   1.8500000000000005       -12394235.812979268     
         137   1.9000000000000004       -12394239.311036807     
         138   1.9500000000000002       -12394240.553717535     
         139   2.0000000000000000       -12394239.390450764     
         140   2.0500000000000007       -12394235.670783125     
         141   2.1000000000000005       -12394229.244605383     
         142   2.1500000000000004       -12394219.962377962     
         143   2.2000000000000002       -12394207.675351655     
         144   2.2500000000000000       -12394192.235782426     
         145   2.3000000000000007       -12394173.497147471     
         146   2.3500000000000005       -12394151.314350799     
         147   2.4000000000000004       -12394125.543926561     
         148   2.4500000000000002       -12394096.044237465     
         149   2.5000000000000000       -12394062.675665375     
         150   2.5500000000000007       -12394025.300798064     
         151   2.6000000000000005       -12393983.784606973     
         152   2.6500000000000004       -12393937.994622098     
         153   2.7000000000000002       -12393887.801096570     
         154   2.7500000000000000       -12393833.077166039     
         155   2.8000000000000007       -12393773.699000323     
         156   2.8500000000000005       -12393709.545949331     
         157   2.9000000000000004       -12393640.500676919     
         158   2.9500000000000002       -12393566.449293055     
         159   3.0000000000000000       -12393487.281473264     
         160   3.0500000000000007       -12393402.890573367     
         161   3.0999999999999996       -12393313.173734583     
         162   3.1500000000000004       -12393218.031981140     
         163   3.2000000000000011       -12393117.370310280     
         164   3.2500000000000000       -12393011.097774122     
         165   3.3000000000000007       -12392899.127553217     
         166   3.3499999999999996       -12392781.377023002     
         167   3.4000000000000004       -12392657.767811878     
         168   3.4500000000000011       -12392528.225851335     
         169   3.5000000000000000       -12392392.681418927     
         170   3.5500000000000007       -12392251.069174055     
         171   3.5999999999999996       -12392103.328185609     
         172   3.6500000000000004       -12391949.401953053     
         173   3.7000000000000011       -12391789.238419805     
         174   3.7500000000000000       -12391622.789981667     
         175   3.8000000000000007       -12391450.013483871     
         176   3.8499999999999996       -12391270.870218862     
         177   3.9000000000000004       -12391085.325910827     
         178   3.9500000000000011       -12390893.350698145     
         179   4.0000000000000000       -12390694.919109177     
         180   4.0500000000000007       -12390490.010033775     
         181   4.0999999999999996       -12390278.606683731     
         182   4.1500000000000004       -12390060.696556453     
         183   4.2000000000000011       -12389836.271387711     
         184   4.2500000000000000       -12389605.327101041     
         185   4.3000000000000007       -12389367.863754468     
         186   4.3499999999999996       -12389123.885481164     
         187   4.4000000000000004       -12388873.400426066     
         188   4.4500000000000011       -12388616.420679769     
         189   4.5000000000000000       -12388352.962209307     
         190   4.5500000000000007       -12388083.044782717     
         191   4.6000000000000014       -12387806.691895276     
         192   4.6500000000000004       -12387523.930687560     
         193   4.7000000000000011       -12387234.791865634     
         194   4.7500000000000000       -12386939.309615776     
         195   4.8000000000000007       -12386637.521518381     
         196   4.8500000000000014       -12386329.468458759     
         197   4.9000000000000004       -12386015.194537349     
         198   4.9500000000000011       -12385694.746978527     
