00001 -56.433377605458929
00002 -56.434837671967429
00003 -56.436269609315296
00004 -56.437673202330593
00005 -56.439048250077199
00006 -56.440394566268758
00007 -56.441711979676029
00008 -56.443000334534929
00009 -56.444259490938094
00010 -56.445489325224187
00011 -56.446689730340921
00012 -56.447860616218023
00013 -56.449001910105274
00014 -56.450113556912527
00015 -56.451195519529655
00016 -56.452247779124448
00017 -56.453270335432208
00018 -56.454263207027232
00019 -56.455226431563524
00020 -56.456160066007484
00021 -56.457064186851767
00022 -56.457938890280907
00023 -56.458784292352576
00024 -56.459600529126149
00025 -56.460387756773827
00026 -56.461146151660294
00027 -56.461875910413099
00028 -56.462577249932927
00029 -56.463250407406704
00030 -56.463895640270039
00031 -56.464513226146238
00032 -56.465103462747408
00033 -56.465666667753524
00034 -56.466203178645593
00035 -56.466713352510347
00036 -56.467197565813329
00037 -56.467656214132674
00038 -56.468089711857893
00039 -56.468498491853261
00040 -56.468883005085480
00041 -56.469243720213626
00042 -56.469581123144451
00043 -56.469895716552799
00044 -56.470188019361331
00045 -56.470458566190771
00046 -56.470707906764666
00047 -56.470936605294625
00048 -56.471145239816686
00049 -56.471334401501693
00050 -56.471504693927223
00051 -56.471656732328789
00052 -56.471791142801834
00053 -56.471908561494359
00054 -56.472009633752855
00055 -56.472095013255760
00056 -56.472165361109546
00057 -56.472221344920690
00058 -56.472263637860500
00059 -56.472292917680591
00060 -56.472309865733614
00061 -56.472315165966805
00062 -56.472309503897115
00063 -56.472293565574226
00064 -56.472268036533336
00065 -56.472233600733858
00066 -56.472190939494006
00067 -56.472140730414388
00068 -56.472083646302700
00069 -56.472020354097715
00070 -56.471951513787033
00071 -56.471877777336928
00072 -56.471799787613357
00073 -56.471718177328313
00074 -56.471633567982600
00075 -56.471546568827151
00076 -56.471457775836285
00077 -56.471367770694634
00078 -56.471277119812271
00079 -56.471186373347152
00080 -56.471096064263847
00081 -56.471006707411007
00082 -56.470918798625974
00083 -56.470832813872960
00084 -56.470749208407035
00085 -56.470668415976981
00086 -56.470590848059814
00087 -56.470516893134501
00088 -56.470446915992078
00089 -56.470381257088214
00090 -56.470320231936604
00091 -56.470264130547569
00092 -56.470213216904462
00093 -56.470167728491738
00094 -56.470127875881865
00095 -56.470093842333796
00096 -56.470065783475988
00097 -56.470043827032391
00098 -56.470028072578025
00099 -56.470018591368188
00100 -56.470015426209727
00101 -56.470018591368259
00102 -56.470028072578067
00103 -56.470043827032413
00104 -56.470065783476194
00105 -56.470093842333654
00106 -56.470127875882184
00107 -56.470167728491653
00108 -56.470213216904597
00109 -56.470264130547491
00110 -56.470320231936519
00111 -56.470381257088036
00112 -56.470446915992170
00113 -56.470516893134658
00114 -56.470590848059963
00115 -56.470668415977002
00116 -56.470749208407028
00117 -56.470832813872896
00118 -56.470918798625810
00119 -56.471006707410851
00120 -56.471096064263854
00121 -56.471186373346931
00122 -56.471277119812171
00123 -56.471367770694911
00124 -56.471457775836271
00125 -56.471546568827321
00126 -56.471633567982622
00127 -56.471718177328164
00128 -56.471799787613314
00129 -56.471877777336893
00130 -56.471951513787097
00131 -56.472020354097822
00132 -56.472083646302522
00133 -56.472140730414182
00134 -56.472190939493892
00135 -56.472233600733837
00136 -56.472268036533450
00137 -56.472293565574091
00138 -56.472309503896966
00139 -56.472315165966975
00140 -56.472309865733585
00141 -56.472292917680790
00142 -56.472263637860600
00143 -56.472221344920577
00144 -56.472165361109468
00145 -56.472095013255903
00146 -56.472009633752869
00147 -56.471908561494381
00148 -56.471791142801955
00149 -56.471656732328576
00150 -56.471504693927230
00151 -56.471334401501736
00152 -56.471145239816707
00153 -56.470936605294398
00154 -56.470707906764574
00155 -56.470458566190729
00156 -56.470188019361032
00157 -56.469895716553225
00158 -56.469581123144501
00159 -56.469243720213683
00160 -56.468883005085488
00161 -56.468498491853275
00162 -56.468089711857957
00163 -56.467656214132738
00164 -56.467197565813201
00165 -56.466713352510304
00166 -56.466203178645536
00167 -56.465666667753688
00168 -56.465103462747479
00169 -56.464513226145939
00170 -56.463895640270252
00171 -56.463250407406719
00172 -56.462577249932785
00173 -56.461875910413063
00174 -56.461146151660323
00175 -56.460387756773869
00176 -56.459600529126121
00177 -56.458784292352462
00178 -56.457938890280815
00179 -56.457064186851625
00180 -56.456160066007541
00181 -56.455226431563688
00182 -56.454263207027331
00183 -56.453270335432478
00184 -56.452247779124541
00185 -56.451195519529762
00186 -56.450113556912534
00187 -56.449001910104975
00188 -56.447860616218144
00189 -56.446689730340843
00190 -56.445489325224244
00191 -56.444259490938144
00192 -56.443000334534901
00193 -56.441711979676072
00194 -56.440394566268793
00195 -56.439048250077199
00196 -56.437673202330181
00197 -56.436269609314905
00198 -56.434837671967763
00199 -56.433377605458844
